2.000000 21811351.215853
2.100000 21773376.008830
2.200000 21725403.765192
2.300000 21674932.922837
2.400000 21625014.839089
2.500000 21574145.582582
2.600000 21537401.128721
2.700000 21507590.592137
2.800000 21478018.610995
2.900000 21451692.916066
3.000000 21426559.680217
3.100000 21405830.928380
3.200000 21388418.152387
3.300000 21369374.422615
3.400000 21352583.392246
3.500000 21337345.350757
3.600000 21325858.952462
3.700000 21316050.956394
3.800000 21304524.364984
3.900000 21292511.499813
4.000000 21280661.049522
4.100000 21272036.924368
4.200000 21262072.309097
4.300000 21251789.477004
4.400000 21239927.578404
4.500000 21229839.095876
4.600000 21223877.780676
4.700000 21218822.899040
4.800000 21213600.739720
4.900000 21207967.334080
5.000000 21203050.471719
5.100000 21198089.943482
5.200000 21193198.727879
5.300000 21188980.872998
5.400000 21185364.012590
5.500000 21182023.577353
5.600000 21178759.589483
5.700000 21175343.515659
5.800000 21169435.085037
5.900000 21166534.869546
6.000000 21164058.507483
6.100000 21161231.879675
6.200000 21159684.811503
6.300000 21156902.733306
6.400000 21154810.740527
6.500000 21152962.646799
6.600000 21151124.750500
6.700000 21150084.358825
6.800000 21149060.468085
6.900000 21149452.216990
7.000000 21149990.843351
7.100000 21148548.496331
7.200000 21147952.730428
7.300000 21147078.384266
7.400000 21146784.163264
7.500000 21146431.032801
7.600000 21146106.948946
7.700000 21148906.285549
7.800000 21150075.276964
7.900000 21150191.072759
8.000000 21150229.656002
8.100000 21150221.998681
8.200000 21150205.635734
8.300000 21150204.218986
8.400000 21150229.196968
8.500000 21150285.034186
8.600000 21150372.111473
8.700000 21150487.271351
8.800000 21150620.611445
8.900000 21150737.098492
9.000000 21150665.693191
9.100000 21150198.103639
9.200000 21150359.385113
9.300000 21150649.762665
9.400000 21150957.129703
9.500000 21151282.953530
9.600000 21151627.344443
9.700000 21151989.330482
9.800000 21152367.604424
9.900000 21152760.777235
10.000000 21153167.473557
10.100000 21153586.374007
10.200000 21154016.236175
10.300000 21154455.905045
10.400000 21154904.317041
10.500000 21155360.499789
10.600000 21155823.568861
10.700000 21156292.722551
10.800000 21156767.235452
10.900000 21157246.451491
11.000000 21157729.776902
11.100000 21158216.673461
11.200000 21158706.652211
11.300000 21159199.267771
11.400000 21159694.113290
11.500000 21160190.816018
11.600000 21160689.033468
11.700000 21161188.450108
11.800000 21161688.774520
11.900000 21162189.736961
12.000000 21162691.087274
12.100000 21163192.593086
12.200000 21163694.038251
12.300000 21164195.221500
12.400000 21164695.955258
12.500000 21165196.064603
12.600000 21165695.386347
12.700000 21166193.768214
12.800000 21166691.068101
12.900000 21167187.153410
13.000000 21167681.900446
13.100000 21168175.193855
13.200000 21168666.926122
13.300000 21169156.997094
13.400000 21169645.313551
13.500000 21170131.788794
13.600000 21170616.342272
13.700000 21171098.899229
13.800000 21171579.390371
13.900000 21172057.751558
14.000000 21172533.923514
14.100000 21173007.851549
14.200000 21173479.485307
14.300000 21173948.778517
14.400000 21174415.688768
14.500000 21174880.177290
14.600000 21175342.208753
14.700000 21175801.751070
14.800000 21176258.775218
14.900000 21176713.255064
15.000000 21177165.167204
