7.618790 92.303476
7.612198 86.336170
7.603340 90.283507
7.584343 96.073694
7.485466 92.115813
7.497116 88.281565
7.391968 85.603374
7.697914 87.238543
7.307304 83.895243
7.644722 89.234221
7.647263 89.994319
7.278374 80.864268
7.738129 94.775753
7.571754 88.601323
7.761932 94.122567
8.100494 96.378771
7.427582 90.251559
7.419708 89.670128
7.582237 87.773631
7.601509 91.635791
7.645226 87.121561
7.418106 87.187033
7.272423 86.188628
7.430191 87.270836
9.183792 104.196382
7.348297 89.276557
9.048958 113.589407
7.691986 90.384448
7.696472 89.938136
7.640717 93.251424
7.642273 92.379232
7.275925 86.939265
7.663490 91.707250
7.622360 87.911921
7.659874 88.230345
7.579124 87.174976
7.440971 89.111424
7.092361 87.966346
8.390488 102.571028
7.092110 82.907643
7.910088 86.281788
7.656166 85.003539
7.390343 88.143573
7.102318 87.867236
7.699722 90.091371
7.532387 91.786285
7.100372 84.038457
7.458183 87.138133
7.470062 85.281486
7.437241 90.732502
7.591278 90.361150
7.635338 89.068734
7.718170 96.031448
7.691437 95.626183
7.432869 86.454060
7.689629 92.355456
7.245621 84.455859
7.669327 93.241925
7.558960 93.074042
7.268188 87.921510
7.651657 91.551500
7.627029 90.976761
7.105156 82.290990
7.426849 83.365476
7.628883 90.804528
9.060013 103.128827
7.456100 88.510622
6.837936 78.878241
7.486794 85.784598
9.171341 107.426893
8.116447 98.942032
7.666443 94.573462
7.689629 92.355456
7.613297 98.090519
7.091400 81.417555
7.319458 86.157763
6.718918 78.378173
7.510529 82.839466
7.695374 93.000558
7.652321 92.282661
7.684181 89.633676
7.124016 85.520939
7.407509 86.396301
7.362328 88.355549
7.273933 88.315862
7.486794 85.784598
7.427582 90.251559
7.456238 85.029385
8.095573 101.700116
7.710869 92.324725
7.376770 90.610136
8.268036 101.250751
7.649300 89.671504
7.854790 87.770821
7.327103 86.607783
7.667770 90.818775
7.685875 93.373353
7.299248 85.884871
7.624489 90.450481
7.401237 87.805353
7.674385 96.149309
7.705330 90.790531
9.162437 108.705580
7.646049 91.923913
7.702057 93.830241
8.367393 100.783304
8.345169 98.459168
7.509109 92.645528
7.554428 89.233660
7.345848 84.791012
7.705513 87.848663
7.673538 89.441704
7.854790 87.770821
7.425385 83.326248
7.088791 86.462682
7.323418 81.910498
8.533287 93.906168
7.652687 93.231215
6.978287 83.925674
7.343651 85.830380
7.620026 92.133462
7.684639 85.273940
7.307487 89.006948
7.323418 81.910498
7.225067 90.031693
7.691139 87.241278
7.691437 95.626183
7.680450 87.739593
7.667816 90.406426
7.656166 85.003539
7.374115 89.125599
8.214890 96.688072
8.081291 97.516653
7.642982 89.501988
8.390488 102.571028
6.720154 80.821786
7.672737 90.032022
7.412521 91.335557
8.006378 93.799923
9.223343 104.572073
7.658546 90.367575
7.389084 81.559377
7.657608 93.353679
7.757080 93.390926
7.645226 87.121561
7.433395 88.170996
7.395378 90.687952
9.183792 104.196382
7.668388 88.978846
7.605789 91.793829
7.696701 88.677908
7.748405 91.284544
7.667770 90.818775
7.557106 87.461815
8.733948 104.261631
8.458832 95.212672
9.060013 103.128827
9.162437 109.793394
7.398582 91.096380
7.835403 88.757717
7.532684 91.219931
7.628883 91.016343
7.696472 89.938136
9.183792 104.196382
8.081291 97.516653
7.324516 88.341935
7.278008 80.477044
7.579788 88.418059
7.536118 91.238277
7.715973 98.246097
7.707047 93.652051
7.656006 88.556459
7.653419 90.634779
7.680084 90.313919
7.284966 91.748896
7.682899 89.729842
7.403435 88.270035
8.698746 103.772661
7.763763 88.578766
7.602081 88.783025
7.589745 88.189153
7.264366 85.182133
7.449257 89.679291
7.708374 90.381330
7.660194 87.747564
7.680450 87.739593
8.739899 102.448412
7.429207 86.193920
7.486794 85.784598
8.733948 104.261631
7.266289 84.595623
7.602654 95.862408
7.684639 85.273940
8.345169 98.459168
7.695694 91.538445
7.678299 85.930935
7.688850 89.677734
7.878822 96.700398
7.538452 88.657505
7.666443 92.401213
7.630394 93.079305
7.525818 90.465143
7.605492 89.687096
7.570587 87.616292
7.625702 92.246138
7.291901 87.824106
7.619202 92.744512
8.123383 92.938326
7.558960 93.074042
7.335686 87.347076
7.099777 87.513291
7.710938 94.999540
7.659782 90.773710
7.650124 94.887768
7.678299 85.930935
7.701782 92.894746
7.087852 85.646172
7.326645 90.529803
7.492538 87.230764
7.701782 92.894746
7.685783 93.836936
7.526985 88.315386
8.500214 100.767881
7.606407 92.445650
7.237610 85.096322
6.951576 83.166856
7.562508 93.133745
7.349373 83.746164
7.407509 86.396301
7.605789 91.793829
7.425385 83.326248
7.591278 90.361150
7.638908 88.978506
7.316139 88.053241
8.733948 104.261631
7.579124 87.174976
7.701073 88.561893
7.702057 93.830241
7.616753 89.753387
7.432869 86.454060
7.631149 94.150430
7.530487 92.918646
7.703911 91.139075
7.684868 92.053042
7.442070 83.371532
7.390343 88.143573
7.652321 92.282661
7.466537 88.867813
7.414284 90.464833
7.210304 82.899617
7.332733 86.758824
7.627281 85.293078
7.335777 91.745531
7.667770 90.818775
7.420326 84.798875
7.636551 92.515368
7.693748 93.952844
8.533287 93.906168
7.684181 89.633676
7.429207 86.193920
7.682373 90.849139
8.241211 102.360615
7.705055 90.626478
8.042084 91.044501
7.645065 90.965929
7.403687 84.536501
8.378197 99.976109
7.637260 86.714937
7.681526 90.106478
7.492538 87.230764
7.267159 85.249782
7.717186 89.625789
8.001869 93.266752
7.743301 87.516050
8.237411 99.922637
7.100372 84.038457
7.629570 95.611116
7.307350 81.210155
7.492538 87.230764
7.442070 83.371532
7.327835 84.253149
7.701416 90.700123
7.673058 94.836665
8.044762 91.278389
7.313828 85.754384
7.323830 83.089609
7.105225 83.346039
6.898773 76.320541
7.148621 85.879453
7.693748 93.952844
7.666901 89.313095
7.601509 91.635791
7.345848 84.791012
7.297874 83.728951
7.613663 94.512095
7.649231 91.768320
7.354340 90.707366
7.532684 91.219931
7.670357 83.839458
7.437469 86.859997
7.493797 87.674072
7.630692 86.703435
7.708832 93.937778
7.619133 95.381869
7.627029 90.976761
9.183792 104.196382
7.688507 88.187587
7.571754 88.601323
8.739899 102.448412
7.682304 89.221864
7.611763 91.886567
6.968628 85.883094
8.287422 98.663411
7.232368 86.741778
7.727829 87.521991
7.667816 90.406426
7.632751 91.746583
7.406685 90.731821
7.644516 87.299955
7.113922 82.839472
7.651657 91.551500
7.647263 89.994319
7.100304 85.774181
7.641975 94.792251
7.628700 93.815356
7.842316 100.099908
7.474754 93.437914
7.884338 87.081507
7.646347 88.889652
7.618790 92.303476
7.371803 90.833655
7.292999 85.816623
7.858635 87.033037
7.684502 90.396808
7.624008 89.821964
7.265945 82.152879
7.237610 85.096322
7.245621 84.455859
7.532387 91.786285
7.526985 88.315386
7.657722 93.989616
7.646278 88.443442
8.345169 98.459168
7.420326 84.798875
7.505997 87.630004
7.648247 91.653692
7.669373 96.219672
8.580734 102.664553
7.614395 86.678287
7.310875 86.519906
7.085884 82.395632
7.469604 83.781877
7.614395 86.678287
7.938034 93.061620
7.078560 85.922530
7.102936 86.171614
7.664474 93.202460
7.464249 86.270434
7.648109 92.023169
7.380066 89.912097
6.802345 77.797252
7.524673 86.920066
7.682304 89.221864
7.666626 91.328451
7.310875 86.519906
7.612198 86.336170
7.603912 94.096374
7.401237 87.805353
7.622841 92.734917
7.504990 86.335308
7.730255 95.331807
7.471687 87.311618
8.067307 97.323853
7.464249 86.270434
7.625839 89.495417
7.614395 86.678287
7.621536 94.795693
7.675873 90.894745
7.669830 87.426563
7.684135 89.499177
7.383682 89.666726
7.474754 93.437914
7.671730 95.594176
7.329094 92.694910
7.280022 86.416450
7.656830 88.888461
7.603340 90.283507
7.263519 86.456994
7.646049 91.923913
7.717186 89.625789
8.625229 106.876552
7.101883 86.890325
7.661041 88.197715
7.644722 89.234221
7.693039 86.201805
7.584343 96.073694
7.640030 92.846368
7.357956 87.092385
7.686859 92.768788
7.470062 85.281486
7.679649 91.364450
9.179352 97.748010
7.613663 94.512095
7.644974 91.565011
7.656006 88.556459
7.614761 84.301493
7.637695 91.017878
7.642273 92.379232
7.687340 93.139422
7.675461 93.360308
7.648453 90.360346
8.733948 104.261631
7.531425 86.904776
7.664474 93.202460
8.658852 103.164017
7.123695 89.792209
7.773354 95.290385
7.531425 86.904776
7.223946 84.174809
9.235245 112.677733
7.096092 87.163869
7.676331 89.410767
7.092110 82.907643
9.179352 97.748010
7.576469 90.803760
7.111633 87.052614
7.309708 85.995383
7.761932 94.122567
7.327103 86.607783
7.490730 87.644493
7.629570 95.611116
7.695763 90.084736
7.466446 95.549968
7.576286 89.839310
7.624008 89.821964
7.316139 88.053241
7.401993 87.709135
7.682899 89.729842
7.674019 94.775214
7.668274 86.675059
7.095085 86.238729
7.591003 90.534356
7.333008 87.145746
7.657722 91.467140
7.490730 87.644493
7.680954 89.528666
7.673241 92.310088
7.673538 89.441704
7.681046 91.379566
7.636551 92.515368
7.453033 91.736180
7.624489 90.450481
7.650398 87.091755
7.587341 86.271794
7.146584 82.210530
7.445549 86.374777
7.644356 91.253193
7.302040 83.396257
7.616753 89.753387
7.714760 93.584449
7.608994 95.897962
7.272903 87.484999
7.266151 84.022401
7.453033 91.736180
7.419342 88.378247
7.693748 93.952844
7.091400 83.484583
7.708832 93.937778
7.445412 90.169084
7.700134 91.046239
7.264412 84.965467
7.681526 90.106478
7.631149 94.150430
7.091400 81.417555
7.289497 85.238734
7.480179 85.832870
8.339928 97.822940
7.637146 87.195409
7.693039 86.201805
7.596519 89.240147
7.254433 88.188088
7.624008 89.821964
7.440971 89.111424
7.246674 87.709386
7.247223 86.214046
7.456238 85.029385
7.657745 97.955844
7.661041 88.197715
7.657608 93.353679
7.439049 88.847479
6.989044 86.364669
7.331657 83.979914
7.637398 86.432358
7.724144 92.149357
7.603249 88.881074
6.726883 77.416717
7.773354 95.290385
7.653419 90.634779
7.392654 86.523422
7.382355 89.341865
7.291054 82.194814
7.704163 95.351101
7.711098 93.678866
7.380066 89.912097
7.221245 84.149352
7.570587 87.616292
7.486176 86.865413
7.490799 92.057602
7.426895 87.540983
7.532684 91.219931
6.705345 86.531487
7.369972 88.161471
7.675163 89.887029
8.081291 97.516653
7.528770 87.797120
7.524628 87.054874
7.525818 90.465143
7.265945 82.152879
7.696472 89.938136
7.446968 90.146113
7.158485 81.162890
7.614395 86.678287
7.677200 96.343956
7.437080 89.692946
7.708534 86.922826
7.526985 88.315386
7.412521 91.335557
7.433395 88.170996
7.102936 86.171614
7.717186 94.885054
7.624489 90.450481
7.671364 90.953757
7.575462 91.440504
7.100372 84.038457
7.264412 84.965467
7.731422 93.827529
9.060013 103.128827
7.612701 90.303852
7.477661 86.598402
7.091492 87.146309
7.638908 88.978506
7.646347 88.889652
7.939980 94.495381
7.449257 89.679291
7.677841 92.800033
7.209915 87.869855
7.560608 88.211540
7.316139 88.053241
7.091240 83.931186
7.763763 88.578766
7.258713 90.566647
7.380844 88.157470
7.986305 92.892907
7.382652 90.695122
7.708214 88.779184
7.437080 89.692946
7.105225 83.346039
7.636551 92.515368
8.341988 97.069349
7.355484 89.211002
7.631149 94.150430
7.327103 86.607783
7.557106 87.461815
7.705330 90.790531
7.662964 88.222243
7.608994 95.897962
7.176476 85.399904
7.773354 95.290385
7.606773 93.740861
7.091492 87.146309
7.420326 84.798875
7.355484 89.211002
7.718628 93.393568
7.299248 85.884871
7.689308 91.673098
6.978287 83.925674
7.340103 87.009051
8.784851 103.029265
6.720154 80.821786
7.675415 89.640103
7.263519 86.456994
7.662117 89.887685
7.414833 86.970478
7.333786 88.287196
7.357658 90.166316
7.381004 86.787100
7.550331 91.918109
7.307487 89.006948
7.715973 98.246097
7.485466 92.115813
7.818352 91.868265
7.594460 86.086091
7.581688 95.377595
7.442070 83.371532
6.720154 80.821786
7.703682 89.180671
7.658134 91.910547
7.406593 87.035540
7.102318 87.867236
7.649940 89.731412
7.609337 88.736172
7.591003 90.534356
7.318085 85.152803
7.509453 89.093395
8.398544 94.419142
7.409111 89.243675
7.659004 92.259821
7.581802 90.088585
8.326447 95.607348
8.034187 97.098697
7.323418 81.910498
7.486176 86.865413
7.632202 89.691772
8.940422 106.178869
7.510139 94.702155
7.718628 93.393568
7.516365 95.927052
7.708214 88.779184
7.201630 88.537350
7.698006 84.960814
7.681526 90.106478
7.626846 90.344312
7.671822 91.854113
7.669373 87.364025
9.219246 113.408857
7.278374 80.864268
7.667747 94.077718
7.666443 94.573462
7.497322 87.474244
7.414696 84.441299
8.187126 92.277718
7.201630 88.537350
7.485695 85.218963
7.697914 87.238543
7.446968 90.146113
7.681709 92.321994
7.414284 90.464833
7.636826 84.812041
7.634239 89.052538
7.453033 91.736180
7.437469 86.859997
7.403641 88.340196
7.400208 85.808345
7.646049 92.970186
7.701210 92.491160
6.951576 83.166856
7.636826 84.812041
7.345848 84.791012
7.720734 89.099888
7.719337 88.153883
7.486794 85.784598
7.657745 97.955844
7.575462 91.440504
7.614441 89.823798
6.803604 82.846335
7.225067 90.031693
7.679283 95.808096
7.635338 89.068734
7.648109 92.023169
7.662529 92.770607
7.691139 87.241278
7.078560 85.922530
7.370132 86.798540
7.706886 92.143445
7.670815 90.322706
7.668388 88.978846
7.910088 86.281788
7.632751 91.746583
6.898773 76.320541
7.686310 89.695333
7.663490 91.707250
7.381004 86.787100
7.710663 88.710774
7.586815 93.985959
7.681412 90.476495
7.403687 84.536501
7.536118 91.238277
7.528542 89.210699
8.287422 98.663411
7.299706 88.634418
7.579788 88.418059
7.269218 92.432481
7.579445 89.088984
7.473381 86.265127
7.652687 93.231215
7.105156 81.980901
7.400208 85.808345
7.684639 85.273940
8.287102 94.106547
7.651657 91.551500
7.469604 83.781877
7.642982 89.501988
7.594460 86.086091
7.586426 90.821534
7.454155 85.224246
7.403641 88.340196
7.604507 90.817562
7.271210 92.111111
7.625839 89.495417
7.319984 87.449676
7.528770 87.797120
7.632202 89.691772
7.124016 85.520939
7.507324 89.933896
7.685715 92.356576
7.426895 87.540983
7.625702 92.246138
7.637398 86.432358
7.664154 90.674756
7.244339 90.839655
7.703911 91.139075
7.653992 89.872099
7.818352 91.868265
7.664474 93.202460
7.705330 90.790531
7.396454 85.660446
7.366859 86.390433
7.379745 81.904787
9.179352 97.748010
7.554428 89.233660
7.423920 84.530615
6.802345 77.797252
7.633163 92.152403
7.655411 94.261529
7.544266 95.583625
7.644974 91.565011
6.943863 84.994409
7.310440 92.943449
7.307487 89.006948
7.645683 90.369507
7.610870 88.139004
8.594124 102.341006
8.951775 104.425124
7.743301 87.516050
7.674385 96.149309
7.260086 86.391091
7.708832 93.937778
9.179352 97.748010
7.266289 84.595623
7.406593 87.035540
7.319984 87.449676
8.103447 96.199526
7.632065 90.347443
7.606773 93.740861
7.681160 90.514207
7.582237 87.773631
7.624008 89.821964
7.456238 85.029385
7.523895 91.477959
7.267159 85.249782
7.485695 85.218963
7.631149 94.150430
7.533852 90.318402
7.602654 95.862408
7.742683 92.954081
7.523895 91.477959
7.701210 92.491160
7.632019 93.741450
7.297874 83.728951
7.686859 92.768788
7.670357 83.839458
7.591003 90.534356
8.367393 100.783304
7.537834 84.539686
7.691986 90.384448
7.713455 89.758079
7.092361 87.966346
7.464180 88.434905
7.723045 89.910147
7.681686 95.602517
7.584343 96.073694
7.669373 87.364025
8.116447 98.942032
7.662529 92.770607
7.576286 89.839310
7.644516 87.299955
7.105225 83.346039
7.649231 91.768320
7.386406 89.010389
7.579628 87.704574
7.674614 88.004158
8.522942 96.510453
7.091400 83.484583
7.691986 90.384448
7.600090 96.796225
7.610733 90.020892
7.710869 92.324725
7.516365 95.927052
7.104057 83.071385
7.620026 92.133462
7.637444 88.956699
7.269493 87.043823
7.637260 86.714937
7.628609 95.379569
7.340378 85.650020
7.677841 92.800033
7.401993 87.709135
7.723045 89.910147
7.657745 97.955844
7.818352 91.868265
7.455299 90.875935
7.504990 86.335308
6.718918 78.378173
7.682625 90.961565
7.616753 89.753387
7.646278 88.443442
7.414833 86.970478
7.607689 89.084151
7.523895 91.477959
7.354340 90.707366
7.632339 95.456808
8.164421 98.418485
7.500824 84.943747
7.637260 86.714937
8.389778 96.608639
7.501465 92.628491
7.695374 93.000558
7.718628 93.393568
7.602654 95.862408
7.607162 90.163745
7.284348 88.488968
6.978287 83.925674
7.412521 91.335557
7.437469 86.859997
7.326645 90.529803
7.606407 92.445650
8.160416 90.551273
7.362328 88.355549
7.839775 93.575336
7.677269 91.656169
7.669830 87.426563
7.689308 91.673098
7.091492 87.146309
7.302040 83.396257
7.258553 83.185104
6.728508 80.693048
8.057625 92.860484
7.619659 95.581763
7.646049 92.970186
7.640030 92.846368
7.718102 93.360736
7.396591 85.343825
7.693748 93.952844
7.614761 84.301493
7.671364 90.953757
7.420601 87.046071
7.662689 95.083862
7.589287 89.796600
7.644974 91.565011
7.624008 89.821964
7.615791 91.944739
7.684776 89.923110
7.663147 91.543847
7.501236 88.551191
7.284393 88.922473
7.673538 89.441704
7.333008 87.145746
7.321266 85.887544
6.776642 78.407773
7.550331 91.918109
7.105156 82.290990
7.371254 90.897774
7.684776 89.923110
7.650124 94.887768
7.395378 90.687952
8.951775 104.425124
7.105225 83.346039
8.191292 100.828166
8.006378 93.799923
7.628883 91.016343
7.677841 92.800033
7.395493 81.918345
7.636002 92.518710
7.282722 87.741617
7.347336 88.392534
7.092361 87.966346
7.632065 90.347443
7.392654 86.523422
6.776642 78.407773
7.544266 95.583625
8.241211 102.360615
7.639091 92.749966
7.500824 84.943747
7.684639 85.273940
7.697914 87.238543
7.117424 85.738757
7.671890 91.288641
7.379745 81.904787
7.645660 88.467894
7.621582 84.964558
7.950645 89.471361
7.505997 87.630004
7.611809 93.051833
7.294579 88.513832
7.702423 90.833796
7.693748 93.952844
7.345345 87.005555
7.632339 95.456808
7.575462 91.440504
7.123695 89.792209
7.680725 89.954703
8.326447 95.607348
7.959114 100.054878
7.454155 85.224246
7.703682 89.180671
7.398239 88.161506
7.401993 87.709135
7.575462 91.440504
7.083046 80.310496
7.232368 86.741778
7.636002 92.518710
7.643555 87.365701
7.454933 90.614619
7.688828 88.060903
7.938034 93.061620
7.426849 83.365476
7.636688 93.980766
7.333008 87.145746
7.610733 90.020892
6.724457 77.954228
7.241570 82.507353
7.241821 86.596134
7.414444 87.796187
7.663422 92.515919
7.523895 91.477959
7.446968 90.146113
7.374115 89.125599
9.185120 110.286690
7.653419 90.634779
7.335777 91.745531
8.103447 96.199526
7.628609 95.379569
7.319458 86.157763
7.596680 90.954392
7.501465 92.628491
7.263519 86.456994
7.390343 88.143573
7.485466 92.115813
7.686676 95.083072
7.088791 86.462682
6.769318 81.350796
7.486176 86.865413
7.365280 83.738602
7.089272 86.651241
7.639481 88.622863
7.646049 92.970186
7.409111 89.243675
7.679649 91.364450
7.667725 92.062809
7.608032 91.315250
7.619133 95.381869
7.378990 86.896845
7.642982 89.501988
7.092361 87.966346
7.377777 85.864725
7.587433 90.482470
9.219246 113.408857
8.378197 99.976109
7.319984 87.449676
7.600090 96.796225
7.885094 97.662531
7.656006 88.556459
7.709129 89.280937
7.719337 88.153883
7.362328 88.355549
7.646347 88.889652
6.822281 88.660000
7.686859 92.768788
7.710938 94.999540
7.674385 96.149309
7.299248 85.884871
8.211502 98.994652
7.688850 89.677734
7.641975 88.053753
7.284966 91.748896
7.701210 92.491160
7.708374 90.381330
7.605492 89.687096
7.560036 89.131109
7.531425 86.904776
7.695374 93.000558
7.531197 88.836080
7.268463 82.761068
7.237610 85.096322
7.581802 90.088585
7.648247 91.653692
7.720734 89.099888
7.401993 87.709135
7.719337 88.153883
7.370132 86.798540
8.191292 100.828166
8.458832 95.212672
7.672737 90.032022
7.668068 93.684856
7.673241 92.310088
7.738129 94.775753
7.626846 90.344312
7.322868 83.620857
7.835403 88.757717
7.648109 92.023169
