2.000000 175.027372 185.217728 164.837016
2.100000 175.343393 185.438015 165.248772
2.200000 175.655058 185.658400 165.651717
2.300000 175.962366 185.878842 166.045890
2.400000 176.265317 186.099295 166.431338
2.500000 176.563910 186.319708 166.808113
2.600000 176.858147 186.540024 167.176271
2.700000 177.148027 186.760182 167.535873
2.800000 177.433550 186.980115 167.886985
2.900000 177.714716 187.199754 168.229678
3.000000 177.991525 187.419021 168.564029
3.100000 178.263977 187.637837 168.890117
3.200000 178.532072 187.856117 169.208027
3.300000 178.795810 188.073772 169.517848
3.400000 179.055191 188.290709 169.819673
3.500000 179.310215 188.506834 170.113597
3.600000 179.560882 188.722045 170.399720
3.700000 179.807193 188.936241 170.678144
3.800000 180.049146 189.149317 170.948974
3.900000 180.286742 189.361166 171.212318
4.000000 180.519981 189.571678 171.468285
4.100000 180.748864 189.780742 171.716985
4.200000 180.973389 189.988247 171.958531
4.300000 181.193557 190.194079 172.193036
4.400000 181.409369 190.398125 172.420613
4.500000 181.620823 190.600270 172.641377
4.600000 181.827921 190.800401 172.855441
4.700000 182.030661 190.998405 173.062918
4.800000 182.229045 191.194168 173.263922
4.900000 182.423072 191.387578 173.458565
5.000000 182.612741 191.578526 173.646957
5.100000 182.798054 191.766900 173.829208
5.200000 182.979010 191.952594 174.005425
5.300000 183.155608 192.135502 174.175714
5.400000 183.327850 192.315520 174.340180
5.500000 183.495735 192.492547 174.498923
5.600000 183.659263 192.666482 174.652043
5.700000 183.818434 192.837230 174.799637
5.800000 183.973248 193.004696 174.941799
5.900000 184.123705 193.168789 175.078620
6.000000 184.269804 193.329419 175.210190
6.100000 184.411548 193.486502 175.336593
6.200000 184.548934 193.639954 175.457913
6.300000 184.681963 193.789695 175.574230
6.400000 184.810635 193.935649 175.685621
6.500000 184.934950 194.077741 175.792159
6.600000 185.054908 194.215900 175.893916
6.700000 185.170509 194.350060 175.990959
6.800000 185.281754 194.480154 176.083353
6.900000 185.388641 194.606121 176.171160
7.000000 185.491171 194.727903 176.254439
7.100000 185.589344 194.845443 176.333246
7.200000 185.683161 194.958689 176.407633
7.300000 185.772620 195.067591 176.477649
7.400000 185.857723 195.172102 176.543343
7.500000 185.938468 195.272178 176.604758
7.600000 186.014857 195.367779 176.661935
7.700000 186.086888 195.458864 176.714912
7.800000 186.154563 195.545400 176.763725
7.900000 186.217880 195.627353 176.808408
8.000000 186.276841 195.704694 176.848988
8.100000 186.331445 195.777394 176.885495
8.200000 186.381692 195.845430 176.917953
8.300000 186.427581 195.908779 176.946384
8.400000 186.469114 195.967421 176.970807
8.500000 186.506290 196.021340 176.991239
8.600000 186.539109 196.070522 177.007696
8.700000 186.567571 196.114954 177.020188
8.800000 186.591676 196.154627 177.028725
8.900000 186.611424 196.189533 177.033314
9.000000 186.626815 196.219670 177.033959
9.100000 186.637849 196.245033 177.030664
9.200000 186.644526 196.265625 177.023427
9.300000 186.646846 196.281446 177.012246
9.400000 186.644809 196.292502 176.997115
9.500000 186.638415 196.298801 176.978029
9.600000 186.627664 196.300353 176.954976
9.700000 186.612556 196.297168 176.927945
9.800000 186.593092 196.289261 176.896922
9.900000 186.569270 196.276650 176.861890
10.000000 186.541091 196.259352 176.822831
10.100000 186.508556 196.237389 176.779723
10.200000 186.471663 196.210784 176.732542
10.300000 186.430414 196.179563 176.681264
10.400000 186.384807 196.143754 176.625860
10.500000 186.334844 196.103387 176.566300
10.600000 186.280523 196.058494 176.502552
10.700000 186.221846 196.009111 176.434580
10.800000 186.158811 195.955274 176.362348
10.900000 186.091420 195.897023 176.285817
11.000000 186.019672 195.834398 176.204945
11.100000 185.943566 195.767444 176.119688
11.200000 185.863104 195.696206 176.030002
11.300000 185.778285 195.620733 175.935836
11.400000 185.689109 195.541074 175.837143
11.500000 185.595575 195.457283 175.733868
11.600000 185.497685 195.369413 175.625957
11.700000 185.395438 195.277522 175.513354
11.800000 185.288834 195.181668 175.396000
11.900000 185.177873 195.081912 175.273834
12.000000 185.062555 194.978317 175.146793
12.100000 184.942880 194.870948 175.014812
12.200000 184.818848 194.759871 174.877825
12.300000 184.690459 194.645156 174.735763
12.400000 184.557713 194.526872 174.588555
12.500000 184.420611 194.405093 174.436129
12.600000 184.279151 194.279891 174.278411
12.700000 184.133334 194.151343 174.115325
12.800000 183.983160 194.019525 173.946796
12.900000 183.828630 193.884516 173.772743
13.000000 183.669742 193.746397 173.593087
13.100000 183.506497 193.605247 173.407748
13.200000 183.338896 193.461149 173.216643
13.300000 183.166937 193.314186 173.019689
13.400000 182.990622 193.164442 172.816802
13.500000 182.809949 193.012001 172.607897
13.600000 182.624920 192.856950 172.392890
13.700000 182.435533 192.699373 172.171694
13.800000 182.241790 192.539356 171.944224
13.900000 182.043690 192.376986 171.710393
14.000000 181.841232 192.212348 171.470116
14.100000 181.634418 192.045528 171.223308
14.200000 181.423247 191.876612 170.969882
14.300000 181.207719 191.705684 170.709753
14.400000 180.987833 191.532828 170.442839
14.500000 180.763591 191.358127 170.169056
14.600000 180.534992 191.181663 169.888321
14.700000 180.302036 191.003517 169.600555
14.800000 180.064723 190.823769 169.305677
14.900000 179.823053 190.642495 169.003611
