2.000000 15822265.137748
2.100000 15751417.760549
2.200000 15688864.370238
2.300000 15626167.565518
2.400000 15562584.273422
2.500000 15497700.874544
2.600000 15439146.833916
2.700000 15387057.326234
2.800000 15344796.504698
2.900000 15304977.992718
3.000000 15270522.034037
3.100000 15239933.108402
3.200000 15212077.525721
3.300000 15184294.319540
3.400000 15158576.935954
3.500000 15134072.622267
3.600000 15110642.170052
3.700000 15089435.250763
3.800000 15070673.620139
3.900000 15056223.271981
4.000000 15040839.390759
4.100000 15025427.378814
4.200000 15010694.036172
4.300000 14996986.209960
4.400000 14985000.313035
4.500000 14973557.251031
4.600000 14962321.942502
4.700000 14952165.197693
4.800000 14942392.930160
4.900000 14932933.012649
5.000000 14923945.498444
5.100000 14915630.697511
5.200000 14908132.692943
5.300000 14901507.898594
5.400000 14895222.367494
5.500000 14889104.157756
5.600000 14883809.967313
5.700000 14878933.969975
5.800000 14874584.778701
5.900000 14870949.412657
6.000000 14867671.569223
6.100000 14864563.735627
6.200000 14861274.782817
6.300000 14858376.645082
6.400000 14855695.876786
6.500000 14853246.751746
6.600000 14849723.687162
6.700000 14845900.352345
6.800000 14843681.431871
6.900000 14845221.462872
7.000000 14843831.721448
7.100000 14842440.933914
7.200000 14841184.457267
7.300000 14840058.446946
7.400000 14839048.981146
7.500000 14838145.977565
7.600000 14837347.786237
7.700000 14836586.753005
7.800000 14835986.662754
7.900000 14835494.231712
8.000000 14835070.984630
8.100000 14834708.288832
8.200000 14834393.285137
8.300000 14834110.216734
8.400000 14833851.540779
8.500000 14833629.188407
8.600000 14833469.735230
8.700000 14833394.634551
8.800000 14833409.857606
8.900000 14833511.191716
9.000000 14833656.244834
9.100000 14834865.682633
9.200000 14834424.188160
9.300000 14834360.580092
9.400000 14834578.258122
9.500000 14834884.667989
9.600000 14835237.457200
9.700000 14835623.529571
9.800000 14836037.164345
9.900000 14836475.060056
10.000000 14836934.892595
10.100000 14837414.807247
10.200000 14837913.211318
10.300000 14838428.678872
10.400000 14838959.902525
10.500000 14839505.667085
10.600000 14840064.834233
10.700000 14840636.333195
10.800000 14841219.154793
10.900000 14841812.347453
11.000000 14842415.014286
11.100000 14843026.310743
11.200000 14843645.442522
11.300000 14844271.663531
11.400000 14844904.273828
11.500000 14845542.617498
11.600000 14846186.080462
11.700000 14846834.088247
11.800000 14847486.103738
11.900000 14848141.624950
12.000000 14848800.182839
12.100000 14849461.339193
12.200000 14850124.684601
12.300000 14850789.836521
12.400000 14851456.437470
12.500000 14852124.153311
12.600000 14852792.671659
12.700000 14853461.700401
12.800000 14854130.966314
12.900000 14854800.213798
13.000000 14855469.203687
13.100000 14856137.712169
13.200000 14856805.529772
13.300000 14857472.460437
13.400000 14858138.320659
13.500000 14858802.938691
13.600000 14859466.153809
13.700000 14860127.815634
13.800000 14860787.783496
13.900000 14861445.925850
14.000000 14862102.119734
14.100000 14862756.250259
14.200000 14863408.210140
14.300000 14864057.899255
14.400000 14864705.224233
14.500000 14865350.098074
14.600000 14865992.439785
14.700000 14866632.174049
14.800000 14867269.230906
14.900000 14867903.545458
15.000000 14868535.057591
