7.665161 111.367775
8.943329 130.052087
8.655304 126.924257
8.126862 112.518208
9.003960 135.519148
8.426697 128.516592
9.081917 131.218595
8.289780 123.672779
9.045570 137.684201
8.338417 123.432213
10.370064 144.624989
9.065369 128.574726
8.675400 122.040323
8.301933 123.769592
9.002998 139.171699
8.839806 131.304028
8.523514 123.873435
9.126755 125.424756
9.153557 133.052926
8.334732 125.484143
8.916779 135.784403
8.510971 127.202801
8.812820 127.772243
9.304733 137.118205
10.169724 153.897265
8.992836 136.905224
9.110367 123.192718
7.627281 108.501560
9.399628 131.810210
8.239975 116.858378
8.866470 122.402802
8.220520 124.491760
8.284309 121.594853
9.079330 133.283749
8.812820 127.772243
8.828316 123.649110
8.682976 129.383178
8.281242 127.027923
8.850952 126.809589
9.071754 128.744535
9.163239 136.686986
8.675949 127.255720
8.290604 118.836642
9.125977 135.818703
8.782951 130.209064
8.866470 122.402802
8.419441 123.753735
8.334686 124.495461
8.391586 121.230450
9.356026 133.335711
8.757591 125.830763
9.064590 124.942225
8.984436 134.192593
9.356026 133.335711
9.075005 136.076979
8.126862 112.518208
9.099884 132.139589
9.207275 132.043748
8.561485 131.223823
8.213654 125.484566
8.990181 138.929301
9.286583 132.989087
8.664299 126.827586
9.052483 134.421642
9.414230 140.164171
8.562355 128.718347
8.607124 118.827479
8.879494 135.262212
8.527748 121.258297
8.446243 126.363330
8.672241 123.427048
9.061089 133.029985
8.204521 121.241503
8.284630 125.269175
9.002998 139.171699
8.813301 127.915269
8.815384 128.702836
9.313660 134.530788
8.380875 123.165780
8.020088 115.290941
8.227272 120.990718
8.707558 122.059748
8.285614 122.589782
8.633514 125.247039
8.488426 123.043680
8.167145 117.608213
8.739555 124.617510
8.620628 123.607934
8.613441 122.676619
8.290604 118.836642
8.900002 127.659282
8.574028 126.383709
7.978134 118.420748
8.414246 121.631517
9.047424 125.431300
9.661194 134.979716
9.001007 134.609003
8.516396 121.085414
9.339066 130.478562
9.032341 126.034500
9.086609 127.904026
8.623581 128.403970
9.044495 136.717400
8.291496 122.200877
8.713486 125.625830
9.143417 133.620909
8.518776 127.965613
8.689453 125.728969
8.213654 125.484566
8.602066 128.499891
8.483231 122.952258
8.629921 121.973099
8.387329 117.095638
9.052414 132.777489
10.008636 147.345559
9.116592 130.768620
8.955276 132.269560
8.676292 123.838737
8.462860 128.797037
8.777550 134.487239
8.677849 133.426348
8.324638 116.988498
8.592842 119.337239
9.141838 131.381885
9.328400 133.354446
8.688332 128.098267
9.110367 123.192718
8.545990 133.995871
8.698036 127.618506
9.070427 134.413731
8.468079 131.003849
9.202240 128.341777
8.213654 125.484566
8.706161 124.323802
8.569679 123.028616
8.972191 129.676844
8.657204 125.359359
8.596848 125.797817
8.623856 125.337263
9.200775 130.796374
8.374626 119.690345
9.076172 126.197732
8.737907 123.210683
8.891098 136.205582
9.079308 134.901796
8.724724 128.126589
8.609322 134.055277
8.719482 122.856174
8.386322 125.900512
8.124710 116.871625
9.070724 136.475937
9.760597 142.446212
9.665474 141.632339
8.655304 126.924257
8.828316 123.649110
9.033073 131.433165
8.741364 124.542142
8.096489 118.047098
8.542831 130.492247
9.042572 130.461566
8.746651 123.378216
8.755211 128.945567
8.249702 118.328841
8.848869 129.176969
9.397110 135.598654
8.419167 123.966285
9.393608 136.832733
8.279022 124.068074
7.704369 117.463639
9.092972 128.796481
8.837036 136.011551
8.235741 124.558704
9.006729 133.654179
9.174751 132.816068
8.761322 133.653567
8.923416 134.810765
8.596413 124.820640
9.086426 135.753793
8.848869 129.176969
9.042091 138.582185
7.650696 111.998551
8.558098 128.782456
8.483231 122.952258
8.405708 118.021058
7.711784 117.460556
9.472069 137.912004
8.488998 120.732184
8.939919 134.494274
8.939919 134.494274
8.379890 123.779084
8.793846 125.511879
8.116287 121.407464
9.180222 133.540258
8.595360 127.560885
8.815384 128.702836
9.054794 137.174064
8.401154 121.771020
8.365059 119.631483
9.090431 135.603026
9.044106 141.270517
9.116592 130.768620
7.955795 117.537472
8.737907 123.210683
9.003960 135.519148
9.068001 140.140937
10.291878 154.163172
8.604836 131.595418
8.955276 132.269560
8.213104 123.022746
8.322990 123.556469
9.267403 129.589363
8.686707 125.072016
8.568672 123.437885
8.342697 119.311984
9.146484 126.323075
9.379257 141.984529
8.596848 125.797817
8.213104 123.022746
9.041016 133.085366
8.974869 138.080062
9.052414 132.777489
8.502754 130.114472
8.274834 123.842562
8.426468 122.622820
8.495224 126.771568
7.283569 105.791110
8.686707 125.072016
10.388741 153.269597
9.676140 141.924063
8.079140 122.497486
9.000572 132.773295
8.462448 128.166873
9.081917 131.218595
8.484192 130.661543
9.122864 131.404420
9.356026 133.335711
9.068001 140.140937
9.230484 139.481265
8.387329 117.095638
8.771118 129.300161
8.244781 122.672146
8.672241 123.427048
9.528374 137.175610
9.061340 130.988677
8.791832 126.143198
8.726120 124.438036
7.790771 120.107568
9.264839 133.239825
7.723480 109.138659
7.699699 115.098539
8.289780 123.672779
8.127457 131.196731
9.088051 139.480011
9.081779 137.130939
8.785904 128.226051
9.099884 132.139589
7.983765 113.529382
8.785904 128.226051
8.607651 126.267351
8.790413 126.060393
8.980614 129.742382
8.903435 129.908663
8.204979 125.066764
8.313148 129.801205
9.046989 127.307666
8.563225 127.774597
8.867935 128.020431
9.207275 132.043748
8.791145 121.448666
8.489731 120.057331
8.686981 133.068471
9.088051 139.480011
8.842049 131.139659
8.574028 126.383709
7.955795 117.537472
9.050652 129.761422
7.711395 116.301437
8.286278 119.736545
9.141838 131.381885
9.126755 125.424756
8.290352 121.025781
8.319923 115.226369
8.297401 120.257567
9.185509 133.896051
8.504951 120.815285
10.134705 149.164311
8.470139 125.955046
8.990135 128.482453
8.228554 121.432805
8.604378 131.096817
9.038361 134.711412
8.623810 128.099067
9.528374 137.175610
8.809204 128.796772
8.565399 129.020760
9.079742 134.271014
8.617241 127.173233
8.655304 126.924257
8.897575 128.098882
8.713943 128.552095
8.920143 136.120135
8.659058 135.247987
8.196213 117.620888
8.290604 118.836642
9.187065 135.961272
10.370064 144.624989
8.474602 127.869748
8.284309 121.594853
9.110367 123.192718
9.655930 144.456590
8.523514 123.873435
8.966675 127.470812
8.721313 136.380001
8.079140 122.497486
8.943489 136.376391
8.251099 116.612383
9.215927 134.736513
9.174751 132.816068
8.501816 122.808063
8.570297 131.130343
8.469498 120.074162
9.006706 132.782211
9.071754 128.744535
8.585289 130.219576
7.854652 116.333068
8.703186 129.423703
8.723099 130.336777
8.817581 135.645102
8.326241 124.226605
8.224022 123.339948
8.607651 126.267351
9.185509 133.896051
9.063492 137.058819
8.078682 114.174370
9.083542 126.768042
8.139313 117.565700
9.094666 134.815371
8.417038 130.863336
9.142731 129.487447
8.749397 125.975292
8.565582 124.584450
8.778419 130.384983
9.763550 142.862740
8.987823 128.000038
9.115013 130.998099
8.361763 122.307667
8.753746 127.617072
8.239975 116.858378
8.284996 123.518109
8.328644 123.579087
8.621727 130.955704
9.153557 133.052926
8.887848 132.149057
8.364029 136.967756
8.220268 125.187744
9.166832 129.073963
8.927765 133.906054
8.636124 129.246935
8.688858 133.112237
9.031540 139.778410
8.821930 129.365785
8.809204 128.796772
8.469498 120.074162
8.979607 126.608452
8.565628 124.862007
9.202240 128.341777
8.815384 128.702836
9.194092 134.872802
8.213654 125.484566
9.534439 138.552564
9.078827 132.002240
8.688332 128.098267
9.118950 136.325194
8.896591 129.991155
7.713593 119.848850
9.005562 128.215535
8.771118 129.300161
8.747475 128.177172
8.637955 128.241580
8.866287 132.908944
9.177818 132.614856
9.160675 134.947875
8.598152 125.440292
8.321091 117.448618
8.385475 120.676612
9.339066 130.478562
8.848732 131.164718
7.699699 115.098539
8.365059 119.631483
9.160675 134.947875
8.419075 119.871673
8.365059 119.631483
9.031929 131.357203
8.501816 122.808063
8.654938 130.356639
7.690910 121.521038
8.680275 125.466079
8.737907 123.210683
8.574028 126.383709
8.178955 127.052960
9.760597 142.446212
8.020088 115.290941
9.170403 131.622827
8.770065 128.035489
8.620468 128.966253
8.707352 131.568403
10.169724 153.897265
9.974167 155.299393
8.503899 130.756178
8.943718 134.156656
8.126404 121.818918
8.335396 127.579751
8.812820 127.772243
9.083542 126.768042
8.923416 134.810765
8.610832 127.338491
8.545441 130.148641
9.486923 143.154995
8.459587 125.878388
8.719482 122.856174
8.503670 127.684660
8.822594 125.786569
8.401154 121.771020
9.162048 128.200899
9.221970 133.369880
8.297401 120.257567
8.286278 119.736545
8.190605 116.956484
8.656174 130.919839
8.789360 122.507638
8.828316 123.649110
8.419075 119.871673
8.768646 128.848118
8.284630 125.269175
8.931175 125.423148
9.050171 135.203645
9.031540 139.778410
8.124710 116.871625
8.469566 125.554421
9.222107 130.905933
8.774368 132.678704
8.543793 125.218354
7.643394 116.915131
8.504951 120.815285
8.552193 120.387258
8.686615 129.775673
9.160675 134.947875
8.213104 123.022746
8.607651 126.267351
8.648643 132.349147
9.116592 130.768620
8.391586 121.230450
8.390717 120.873834
8.592842 119.337239
9.528374 137.175610
8.809204 128.796772
9.397110 135.598654
9.237991 132.357870
8.550980 133.605336
9.119225 127.963625
8.626190 128.447252
8.178955 127.052960
7.906311 119.467256
8.263687 123.585918
8.772606 123.848835
9.399628 131.810210
8.987823 128.000038
9.534439 138.552564
8.329582 123.320424
8.617241 127.173233
8.634636 128.481364
9.035843 139.415421
8.495224 126.771568
8.833076 127.445438
10.008636 147.345559
8.800117 127.478036
8.518593 122.915421
9.051109 129.647470
9.180222 133.540258
9.075554 130.949315
10.291878 154.163172
8.703369 122.549129
8.008873 117.681569
8.739922 123.236017
8.321091 117.448618
8.517448 127.840500
8.862717 131.356950
8.891098 136.205582
7.795601 112.531219
8.251099 116.612383
8.723236 129.396103
7.843208 116.612590
8.301933 123.769592
8.689453 125.728969
8.833076 127.445438
9.304733 137.118205
9.379257 141.984529
8.266731 126.454635
9.528374 137.175610
7.834167 120.645461
9.051109 129.647470
9.963455 139.400925
9.006592 128.486124
8.557365 128.044323
8.433746 128.875829
9.546021 141.496082
8.428917 121.401319
8.703186 129.423703
9.057632 140.403041
8.771118 129.300161
9.517616 141.066660
8.459587 125.878388
8.489731 120.057331
9.676140 141.924063
8.566086 132.890416
8.566269 125.750003
7.643394 116.915131
8.545441 130.148641
9.035843 139.415421
8.943489 136.376391
8.430473 127.917796
9.119247 126.949846
9.052483 134.421642
8.423607 122.545190
9.006729 133.654179
8.220268 125.187744
8.755554 126.512294
9.187065 135.961272
8.309395 120.024996
9.397110 135.598654
8.178886 115.446458
8.289780 123.672779
8.428665 123.257140
9.200775 130.796374
9.046257 137.103622
9.086609 127.904026
9.006706 132.782211
8.482979 122.285308
8.630013 126.714425
8.272980 119.108118
9.161842 135.928267
9.050194 132.825768
9.068825 130.316576
8.526718 121.420402
9.083336 139.001075
8.464874 128.632207
8.781715 129.631191
9.763550 142.862740
8.664299 126.827586
8.760773 133.804331
9.940041 145.509919
9.095787 132.941810
8.725594 125.702570
8.713486 125.625830
9.046989 127.307666
7.711784 117.460556
9.339066 130.478562
8.745529 127.759126
8.688332 128.098267
7.723480 109.138659
8.703644 126.493487
8.735504 133.275931
9.205811 134.284829
9.058777 140.851584
8.607903 128.842079
8.420128 127.941523
8.757591 125.830763
9.014580 131.168364
8.630013 126.714425
8.592018 130.614979
8.753746 127.617072
8.849762 123.643649
8.330704 121.564212
9.344490 136.540942
8.637955 128.241580
9.000572 132.773295
9.001007 134.609003
9.171432 130.409758
8.242836 117.360531
9.238014 135.198744
8.745529 127.759126
8.530998 127.208422
8.495224 126.771568
9.122864 131.404420
7.692741 121.927935
8.548210 120.297306
8.931175 125.423148
9.050171 135.203645
8.908607 131.048051
9.590790 142.657127
9.130211 135.351722
8.805862 129.318895
8.543907 125.511911
9.161842 135.928267
8.460777 124.394071
8.828316 123.649110
8.995308 123.604680
8.851433 128.919588
8.914536 123.760849
9.064590 124.942225
9.221970 133.369880
9.031929 131.357203
9.655930 144.456590
7.790771 120.107568
8.502754 130.114472
8.566269 128.408586
9.202515 124.755989
8.972191 129.676844
9.073151 134.903264
8.931175 125.423148
8.284401 121.680909
8.204521 121.241503
7.795601 112.531219
9.086609 127.904026
9.179169 132.660950
8.545990 133.995871
8.787231 133.703658
8.743721 128.385801
9.428902 148.285155
8.986748 127.115654
9.080315 128.786101
8.268860 124.823720
8.372589 125.127395
9.187065 135.961272
8.449310 124.508728
8.654938 130.356639
8.690414 125.771960
9.079742 140.744361
8.565628 124.862007
9.052483 134.421642
9.708366 136.373116
8.625778 127.420716
8.987823 128.000038
8.281242 127.027923
9.002998 139.171699
8.266731 126.454635
8.723351 125.606288
8.617241 127.173233
8.760773 133.804331
8.483231 122.952258
8.488289 129.223890
8.936737 129.173806
8.239975 116.858378
8.713486 125.625830
8.620628 123.607934
7.704369 117.463639
8.600830 131.784694
8.990181 138.929301
9.003639 122.035748
8.629921 121.973099
8.760773 133.804331
8.856674 129.621589
9.079216 134.028464
8.563225 127.774597
8.596848 125.797817
8.566086 132.890416
8.224022 123.339948
9.732147 140.398607
9.303864 136.798100
8.902382 134.278297
8.545990 133.995871
8.566269 125.750003
8.419167 123.966285
9.076035 134.844948
9.110550 137.575163
8.505638 124.654838
8.126404 121.818918
9.110550 137.575163
8.495224 126.771568
8.334732 125.484143
8.228554 121.432805
8.579887 129.658850
9.006592 128.486124
9.667900 143.929509
8.413696 122.144680
9.090431 132.619621
9.146484 126.323075
8.305550 126.931117
8.566269 125.750003
8.596848 125.797817
8.284401 121.680909
8.224777 121.745448
9.114532 132.510331
9.050194 132.825768
9.059189 128.002157
9.590790 142.657127
8.379890 123.779084
8.415756 123.349871
8.626190 128.447252
9.062897 138.969149
8.297401 120.257567
8.555489 126.168468
8.391586 121.230450
8.524910 127.638544
8.550911 123.892622
9.851463 136.919324
8.768646 128.848118
9.010666 130.814925
8.504951 120.815285
9.833015 148.314993
8.555489 126.168468
8.239975 116.858378
8.292755 123.444549
8.241142 124.653210
8.813919 127.251707
8.690414 125.771960
9.048569 128.648748
8.617241 127.173233
8.510742 127.090120
8.328644 123.579087
9.079216 134.028464
8.204979 125.066764
9.142731 129.487447
9.045570 137.684201
8.785858 132.102385
8.560593 127.940746
7.902626 117.584651
8.682976 129.383178
8.517448 127.840500
9.200775 130.796374
8.755852 127.474002
8.787231 133.703658
9.451492 138.058228
8.464874 128.632207
8.008873 117.681569
8.604836 131.595418
9.429886 144.695642
9.086609 127.904026
8.530998 127.208422
8.126404 121.818918
8.190605 116.956484
8.568672 123.437885
8.607582 127.007517
8.242836 117.360531
8.301933 123.769592
8.781715 129.631191
9.042641 129.494226
8.633514 125.247039
8.362701 123.582264
9.177773 134.096126
9.063492 137.058819
8.723099 130.336777
8.686134 131.533560
8.550980 133.605336
8.539124 126.008832
8.524178 124.032302
8.770065 128.035489
8.630013 126.714425
9.064980 129.631995
10.024864 147.967789
7.723480 109.138659
8.713486 125.625830
7.849617 119.110755
8.793846 125.511879
9.083862 134.502027
8.385475 120.676612
8.742027 126.030074
8.972191 129.676844
7.699699 115.098539
8.659058 135.247987
9.110367 123.192718
9.104874 136.491190
9.061089 133.029985
8.726051 127.382330
7.750648 109.787148
8.755554 126.512294
8.765923 126.278442
8.492043 132.064978
9.016502 130.456361
9.175301 134.316520
9.486443 134.838255
8.837036 136.011551
9.083542 126.768042
9.041016 133.085366
8.510742 127.090120
9.024536 132.542789
8.839806 131.304028
9.046989 127.307666
8.637772 128.625732
8.793846 125.511879
8.284378 121.805305
9.863136 143.673220
8.396599 116.176611
8.438187 128.838749
8.723351 125.606288
8.623810 128.099067
9.732147 140.398607
8.460777 124.394071
8.365059 119.631483
8.566269 128.408586
8.516396 121.085414
9.081779 137.130939
8.380875 123.165780
8.428665 123.257140
8.813919 127.251707
8.271835 121.943588
8.740814 119.214954
8.570297 131.130343
8.538185 130.794181
8.417038 130.863336
9.000572 132.773295
9.031540 139.778410
8.709755 128.935520
8.287102 120.532129
8.936737 129.173806
9.146484 126.323075
8.842049 131.139659
9.032341 126.034500
9.040215 128.031969
9.076172 126.197732
9.179169 132.660950
9.099884 132.139589
8.967041 128.220029
8.503670 127.684660
9.029480 130.129971
8.749397 125.975292
8.220520 124.491760
8.604836 131.595418
8.204521 121.241503
9.170403 131.622827
8.896591 129.991155
8.805862 129.318895
8.852783 131.859666
9.223618 130.816343
8.579887 129.658850
8.461601 126.717238
8.879494 135.262212
8.916779 135.784403
7.699699 115.098539
8.455307 123.535019
8.763382 125.619450
8.686707 125.072016
8.761322 133.653567
9.116592 130.768620
9.061340 130.988677
8.604378 131.096817
8.274834 123.842562
8.534019 121.145313
8.791145 121.448666
8.686134 131.533560
7.917686 116.857602
8.438187 128.838749
9.863136 143.673220
7.983421 112.055939
9.006592 128.486124
8.503899 130.756178
8.662010 129.425608
9.175301 134.316520
8.766884 121.768424
9.119385 135.784575
9.173630 134.371519
8.634888 124.658721
8.334732 125.484143
8.715157 129.185102
8.598152 125.440292
8.201912 121.639569
8.805862 129.318895
8.297401 120.257567
9.665474 141.632339
9.339066 130.478562
9.064888 140.968619
8.643402 129.230688
9.222107 130.905933
8.167145 117.608213
8.537956 126.795573
8.778419 130.384983
8.335396 127.579751
9.057014 139.363709
9.033073 131.433165
8.228554 121.432805
9.182785 132.050972
8.302116 119.150541
8.435966 127.292066
9.065300 132.623805
9.146484 126.323075
9.045570 137.684201
8.392342 120.594538
8.814880 125.325240
8.619232 123.380664
9.079308 134.901796
8.450043 126.167071
8.290627 126.434893
8.379753 127.295896
8.662010 129.425608
8.555557 120.634253
9.303864 136.798100
8.565628 124.862007
9.018471 131.449282
9.111717 130.587856
9.148224 130.622108
7.643394 116.915131
8.505638 124.654838
8.905586 131.838290
8.471237 129.209923
8.423607 122.545190
8.287102 120.532129
8.623856 125.337263
9.094666 134.815371
8.394722 123.793564
9.118950 136.325194
8.823990 130.356875
8.688858 133.112237
8.341415 121.725845
9.515968 140.295841
8.785904 128.226051
8.116287 121.407464
8.636009 124.354422
8.891098 136.205582
9.007301 132.691472
8.972191 129.676844
9.086334 132.714561
9.073151 134.903264
9.067108 135.466058
8.780045 132.232048
7.711784 117.460556
9.042091 138.582185
8.563225 127.774597
8.389778 127.935173
9.267403 129.589363
8.790413 126.060393
8.823990 130.356875
9.074959 131.588983
9.170334 130.872979
8.777550 134.487239
8.241142 124.653210
8.980614 129.742382
8.598152 125.440292
9.025246 128.924474
8.636009 124.354422
8.787277 118.556628
8.654823 128.088358
9.345039 137.702291
8.290352 121.025781
8.632370 125.712808
9.047997 134.736509
9.752609 137.278206
9.054794 137.174064
8.505272 118.840323
9.141838 136.786704
9.038361 134.711412
8.723007 129.945163
8.621223 128.163300
8.459587 125.878388
9.472069 137.912004
9.035866 136.369155
8.279411 132.235954
7.692741 121.927935
8.842049 131.139659
8.768646 128.848118
9.242317 134.310672
8.462860 128.797037
7.711395 116.301437
8.244781 122.672146
8.592018 130.614979
8.685036 122.017750
9.001007 134.609003
8.566086 132.890416
8.879494 135.262212
8.238441 119.120291
8.284401 121.680909
8.561485 128.196812
9.200775 130.796374
8.469566 125.554421
9.057907 134.412378
9.076035 134.844948
8.722664 128.592489
8.867935 128.020431
9.143417 133.620909
8.814903 126.645643
8.883064 133.137611
8.406487 123.838636
8.768646 128.848118
8.287102 120.532129
9.237991 132.357870
8.386322 125.900512
8.391586 121.230450
8.460777 124.394071
8.462860 128.797037
8.800186 122.561725
8.867935 128.020431
9.404137 136.424963
8.746880 132.232273
8.990135 128.482453
8.539124 126.008832
8.596848 125.797817
8.278999 122.403036
8.632370 125.712808
9.111076 132.412084
9.044243 137.308430
9.111076 132.412084
8.569382 123.950187
8.364029 136.967756
8.400902 121.928416
9.914062 136.435197
9.083542 126.768042
8.831520 130.866865
8.284401 121.680909
9.092972 128.796481
9.001007 134.609003
8.389778 127.935173
