2.000000 58.256990 97.612799 18.901181
2.100000 65.275933 102.588568 27.963297
2.200000 71.940708 107.601615 36.279801
2.300000 78.297904 112.570138 44.025671
2.400000 84.388374 117.438392 51.338356
2.500000 90.247718 122.173213 58.322224
2.600000 95.906751 126.759186 65.054317
2.700000 101.391927 131.193731 71.590122
2.800000 106.725745 135.482808 77.968682
2.900000 111.927136 139.637476 84.216796
3.000000 117.011809 143.671307 90.352311
3.100000 121.992590 147.598539 96.386642
3.200000 126.879732 151.432825 102.326638
3.300000 131.681199 155.186433 108.175965
3.400000 136.402940 158.869779 113.936101
3.500000 141.049137 162.491222 119.607053
3.600000 145.622434 166.057017 125.187850
3.700000 150.124151 169.571411 130.676891
3.800000 154.554481 173.036804 136.072158
3.900000 158.912671 176.453979 141.371362
4.000000 163.197183 179.822355 146.572010
4.100000 167.405850 183.140257 151.671443
4.200000 171.536010 186.405186 156.666834
4.300000 175.584632 189.614087 161.555177
4.400000 179.548425 192.763594 166.333255
4.500000 183.423941 195.850270 170.997611
4.600000 187.207664 198.870825 175.544502
4.700000 190.896088 201.822313 179.969864
4.800000 194.485791 204.702329 184.269252
4.900000 197.973487 207.509184 188.437790
5.000000 201.356088 210.242078 192.470097
5.100000 204.630741 212.901271 196.360212
5.200000 207.794871 215.488231 200.101510
5.300000 210.846204 218.005763 203.686646
5.400000 213.782800 220.458053 207.107546
5.500000 216.603061 222.850586 210.355536
5.600000 219.305752 225.189816 213.421688
5.700000 221.890005 227.482502 216.297508
5.800000 224.355323 229.734676 218.975969
5.900000 226.701577 231.950374 221.452780
6.000000 228.929005 234.130499 223.727512
6.100000 231.038204 236.272276 225.804132
6.200000 233.030115 238.369580 227.690651
6.300000 234.906015 240.414010 229.398020
6.400000 236.667497 242.396271 230.938722
6.500000 238.316453 244.307397 232.325510
6.600000 239.855060 246.139566 233.570553
6.700000 241.285749 247.886501 234.684998
6.800000 242.611193 249.543547 235.678840
6.900000 243.834279 251.107576 236.560983
7.000000 244.958084 252.576798 237.339371
7.100000 245.985855 253.950561 238.021149
7.200000 246.920978 255.229146 238.612811
7.300000 247.766963 256.413603 239.120324
7.400000 248.527411 257.505594 239.549229
7.500000 249.205996 258.507274 239.904718
7.600000 249.806437 259.421187 240.191688
7.700000 250.332481 260.250178 240.414785
7.800000 250.787875 260.997323 240.578428
7.900000 251.176349 261.665866 240.686832
8.000000 251.501592 262.259169 240.744015
8.100000 251.767238 262.780670 240.753805
8.200000 251.976841 263.233842 240.719839
8.300000 252.133864 263.622161 240.645567
8.400000 252.241660 263.949080 240.534240
8.500000 252.303462 264.218006 240.388917
8.600000 252.322361 264.432274 240.212448
8.700000 252.301306 264.595133 240.007479
8.800000 252.243085 264.709729 239.776441
8.900000 252.150320 264.779091 239.521550
9.000000 252.025461 264.806119 239.244803
9.100000 251.870776 264.793576 238.947975
9.200000 251.688351 264.744079 238.632622
9.300000 251.480085 264.660092 238.300079
9.400000 251.247691 264.543917 237.951465
9.500000 250.992691 264.397698 237.587684
9.600000 250.716422 264.223408 237.209437
9.700000 250.420039 264.022856 236.817221
9.800000 250.104514 263.797680 236.411347
9.900000 249.770646 263.549349 235.991943
10.000000 249.419066 263.279164 235.558968
10.100000 249.050245 262.988262 235.112228
10.200000 248.664500 262.677615 234.651384
10.300000 248.262006 262.348039 234.175973
10.400000 247.842807 262.000195 233.685419
10.500000 247.406825 261.634597 233.179053
10.600000 246.953873 261.251617 232.656129
10.700000 246.483669 260.851497 232.115840
10.800000 245.995845 260.434352 231.557338
10.900000 245.489968 260.000183 230.979753
11.000000 244.965545 259.548885 230.382206
11.100000 244.422046 259.080259 229.763834
11.200000 243.858913 258.594023 229.123803
11.300000 243.275576 258.089823 228.461330
11.400000 242.671469 257.567246 227.775693
11.500000 242.046043 257.025828 227.066258
11.600000 241.398781 256.465076 226.332487
11.700000 240.729213 255.884468 225.573957
11.800000 240.036927 255.283478 224.790376
11.900000 239.321585 254.661580 223.981591
12.000000 238.582936 254.018263 223.147609
12.100000 237.820824 253.353048 222.288599
12.200000 237.035202 252.665496 221.404908
12.300000 236.226143 251.955222 220.497064
12.400000 235.393847 251.221908 219.565786
12.500000 234.538651 250.465319 218.611982
12.600000 233.661033 249.685314 217.636753
12.700000 232.761624 248.881856 216.641391
12.800000 231.841204 248.055035 215.627372
12.900000 230.900712 247.205073 214.596350
13.000000 229.941244 246.332345 213.550143
13.100000 228.964055 245.437391 212.490720
13.200000 227.970557 244.520932 211.420182
13.300000 226.962313 243.583886 210.340739
13.400000 225.941035 242.627387 209.254684
13.500000 224.908579 241.652798 208.164361
13.600000 223.866932 240.661729 207.072134
13.700000 222.818202 239.656057 205.980346
13.800000 221.764609 238.637942 204.891277
13.900000 220.708470 237.609842 203.807098
14.000000 219.652180 236.574534 202.729825
14.100000 218.598195 235.535130 201.661260
14.200000 217.549015 234.495090 200.602941
14.300000 216.507158 233.458235 199.556080
14.400000 215.475135 232.428763 198.521508
14.500000 214.455432 231.411253 197.499611
14.600000 213.450470 230.410667 196.490273
14.700000 212.462587 229.432351 195.492823
14.800000 211.494000 228.482023 194.505976
14.900000 210.546771 227.565752 193.527789
