7.735 12.692 27.219 7.408 15.787 -0.877 4.477 -1.409 -1.021 0.596
8.074 12.319 28.502 8.475 15.495 -0.184 4.408 -1.545 -1.046 0.634
7.591 12.865 26.553 7.717 15.673 -1.745 3.980 -0.488 -0.754 0.176
7.878 12.415 27.657 8.437 15.651 -1.341 4.670 -1.027 -1.154 0.531
7.721 12.396 27.326 8.333 15.477 -1.347 4.259 -1.101 -0.937 0.538
7.867 12.626 28.134 6.679 15.412 -0.775 4.190 -1.116 -0.931 0.482
7.818 12.936 27.358 7.364 15.820 -1.092 4.542 -1.076 -0.983 0.435
7.765 13.317 27.466 8.091 15.734 -0.478 4.566 -1.521 -1.223 0.718
7.802 12.692 27.380 7.663 15.678 -1.266 3.997 -0.807 -0.756 0.291
7.587 12.504 26.293 7.304 15.858 -1.296 4.575 -1.083 -0.901 0.399
7.795 12.859 27.008 6.389 15.846 -1.257 4.674 -1.131 -1.195 0.622
8.029 12.609 27.941 7.724 15.929 0.307 4.495 -1.890 -0.926 0.695
7.813 13.250 27.730 7.981 15.540 -0.663 3.850 -1.044 -0.709 0.333
7.809 11.960 28.185 7.084 15.470 -0.612 4.447 -1.436 -0.935 0.465
7.819 13.000 27.124 7.494 15.572 -1.193 4.065 -0.902 -0.967 0.427
7.926 13.272 27.401 8.779 15.620 -0.741 3.802 -1.185 -0.609 0.389
7.686 12.724 27.515 7.605 15.938 -0.816 4.400 -1.246 -0.910 0.513
8.096 12.891 27.922 6.929 15.646 -0.608 4.395 -1.053 -0.931 0.422
7.719 13.008 27.669 7.243 15.358 -0.706 3.596 -1.230 -0.664 0.449
7.642 12.663 28.239 7.235 15.811 -0.538 4.738 -1.493 -1.080 0.645
7.602 13.500 26.465 6.140 15.810 -1.223 4.590 -1.211 -1.067 0.540
8.077 12.184 28.137 6.942 15.910 -0.371 5.073 -1.665 -1.413 0.867
7.906 12.611 27.814 7.469 15.436 -1.041 4.243 -1.139 -1.053 0.563
8.111 12.462 27.928 8.483 15.567 -0.448 4.151 -1.548 -0.764 0.542
7.653 12.742 27.145 8.607 15.609 -1.275 4.112 -1.011 -0.932 0.536
7.595 12.823 27.572 7.316 15.498 -0.783 3.919 -1.271 -0.736 0.459
7.621 12.514 27.388 8.069 15.462 -1.175 4.344 -1.021 -0.977 0.455
7.843 12.296 27.904 9.227 15.729 -0.566 4.398 -1.341 -0.921 0.536
7.749 12.932 28.287 6.737 16.124 -0.527 5.097 -1.618 -1.212 0.721
7.801 12.846 27.736 7.222 15.540 -0.879 3.955 -1.055 -0.674 0.371
7.763 12.656 27.387 7.184 15.053 -1.385 3.507 -0.758 -0.651 0.306
7.614 12.680 26.142 8.164 15.906 -1.285 4.412 -0.954 -1.011 0.392
7.925 12.971 27.555 7.803 15.634 -0.522 4.621 -1.522 -1.072 0.632
7.647 12.369 27.434 7.498 15.662 -0.724 4.490 -1.355 -0.983 0.508
7.822 13.103 28.028 7.245 15.808 -0.104 4.311 -1.834 -0.939 0.715
7.923 12.579 28.604 7.080 15.603 -0.151 4.543 -1.845 -1.043 0.731
7.708 12.580 27.950 7.450 15.378 -0.700 4.243 -1.477 -0.954 0.598
7.685 12.968 27.542 7.410 15.237 -1.131 3.316 -0.897 -0.529 0.319
7.599 12.968 26.662 7.371 15.984 -1.455 4.773 -1.028 -1.204 0.596
7.953 13.173 27.791 7.200 15.752 -0.494 4.301 -1.312 -1.075 0.618
8.115 12.143 28.307 7.354 15.152 -0.927 3.973 -1.070 -0.884 0.533
8.000 13.161 28.276 7.922 15.762 -0.494 4.281 -1.301 -0.995 0.596
7.795 12.441 27.225 8.061 16.124 -0.907 5.075 -1.499 -1.331 0.801
7.205 13.032 26.521 7.995 15.945 -1.510 4.239 -0.859 -0.847 0.396
7.873 12.945 27.490 6.243 15.148 -1.016 3.660 -0.979 -0.721 0.445
7.758 12.858 26.913 8.444 16.282 -1.046 4.877 -1.385 -1.009 0.576
8.067 12.836 28.063 7.157 15.634 -0.320 4.301 -1.458 -1.186 0.728
7.938 13.005 27.382 7.755 15.476 -1.050 4.215 -0.990 -0.902 0.413
8.061 12.874 27.611 7.340 15.798 -0.328 4.564 -1.520 -1.133 0.721
7.781 13.033 28.187 7.810 15.759 -0.448 4.552 -1.323 -0.957 0.471
7.724 12.600 27.735 7.190 15.622 -0.774 4.077 -1.280 -0.863 0.490
7.953 12.693 27.343 7.465 15.614 -1.474 4.164 -0.555 -0.908 0.348
7.525 12.952 26.783 8.014 15.804 -1.602 4.578 -0.800 -1.109 0.419
7.684 12.682 27.626 7.743 15.106 -0.925 3.503 -0.952 -0.585 0.338
7.805 12.511 28.327 7.463 15.969 -0.306 5.118 -1.710 -1.222 0.742
8.072 13.013 27.999 7.842 15.698 -0.782 4.372 -1.245 -0.949 0.515
7.780 12.852 27.695 6.579 15.883 -0.861 4.822 -1.290 -1.114 0.572
7.770 12.637 28.194 7.756 15.677 -0.478 4.725 -1.450 -1.222 0.696
7.680 12.637 27.184 7.321 15.910 -1.209 4.633 -1.061 -0.973 0.472
8.087 12.777 28.231 7.889 15.578 -0.493 4.344 -1.187 -1.016 0.513
7.772 12.873 27.302 7.310 15.596 -0.719 4.110 -1.187 -0.834 0.437
7.615 13.236 27.437 7.641 15.541 -1.312 4.220 -1.014 -0.883 0.365
7.816 12.992 27.695 8.302 15.964 -0.323 4.416 -1.472 -0.998 0.617
7.988 12.666 27.376 7.437 15.237 -0.894 3.800 -0.931 -0.955 0.440
7.686 12.414 27.825 9.175 15.354 -1.024 3.936 -1.063 -0.768 0.407
7.611 12.363 26.611 7.619 16.060 -1.018 4.776 -1.310 -1.228 0.691
7.895 12.641 27.741 8.803 15.762 -0.698 4.531 -1.150 -1.086 0.458
7.958 13.166 27.762 8.869 16.053 -0.258 4.663 -1.738 -0.991 0.700
7.682 13.332 27.388 7.103 16.131 -1.034 4.411 -1.102 -0.894 0.448
7.924 12.833 27.932 7.931 15.623 -0.677 4.313 -1.284 -0.921 0.496
7.918 13.343 27.216 7.924 15.256 -0.664 4.011 -1.604 -0.910 0.713
7.683 12.692 27.618 7.090 15.901 -0.490 4.667 -1.449 -1.091 0.579
7.684 13.089 27.669 6.710 15.621 -1.130 4.088 -1.023 -0.791 0.477
7.422 13.056 26.755 7.758 15.866 -1.147 4.804 -1.243 -1.307 0.666
8.127 12.772 28.166 7.983 15.837 -0.664 4.660 -1.202 -0.999 0.490
7.549 13.165 27.130 7.868 16.202 -0.993 5.379 -1.575 -1.462 0.796
7.719 12.625 27.505 5.908 15.485 -0.730 4.395 -1.630 -0.963 0.679
7.750 12.300 28.246 7.124 15.925 -0.524 5.104 -1.742 -1.274 0.818
7.369 12.697 26.661 7.027 15.914 -1.221 4.361 -1.106 -0.953 0.593
7.492 12.785 27.945 7.860 15.592 -0.792 4.263 -1.299 -1.131 0.642
7.888 12.741 27.794 7.157 15.598 -0.875 4.181 -1.093 -0.777 0.341
7.781 12.688 27.245 8.243 15.713 -0.880 4.307 -1.169 -0.924 0.440
7.940 12.546 28.693 7.967 15.538 -0.579 4.644 -1.448 -1.140 0.703
8.082 13.505 27.598 8.561 15.530 -0.876 4.115 -0.771 -0.853 0.312
7.996 12.685 27.349 6.412 15.591 -0.633 3.854 -1.095 -0.839 0.514
7.547 12.778 27.006 6.828 16.176 -1.178 4.832 -1.091 -1.111 0.554
7.859 12.659 27.373 7.956 15.345 -1.328 3.867 -0.663 -0.768 0.253
7.567 12.825 27.176 9.244 15.654 -1.125 4.323 -1.287 -1.043 0.607
7.832 12.621 28.238 7.380 15.754 -0.735 4.428 -1.126 -1.027 0.563
7.700 12.976 27.223 7.069 15.804 -1.479 4.383 -0.920 -0.850 0.441
8.194 13.027 28.500 7.844 15.716 -0.482 4.326 -1.230 -1.059 0.560
7.870 13.280 27.455 8.879 15.764 -0.703 4.237 -1.249 -0.987 0.591
7.951 12.965 27.668 7.570 15.604 -0.184 4.706 -1.899 -1.017 0.739
7.763 12.656 27.387 7.184 15.053 -1.385 3.507 -0.758 -0.651 0.306
7.765 12.874 27.851 6.867 15.825 -0.238 4.789 -1.803 -1.191 0.815
7.640 13.057 27.154 8.254 15.960 -0.856 4.534 -1.505 -0.975 0.688
7.898 13.050 28.019 7.448 15.923 -0.097 5.084 -2.055 -1.350 0.988
7.792 12.979 27.129 6.967 15.543 -1.370 4.041 -0.954 -0.833 0.413
7.725 12.904 27.635 7.338 15.679 -0.936 4.248 -1.099 -0.927 0.493
8.220 12.710 28.334 7.492 15.609 -0.684 4.692 -1.358 -1.301 0.718
7.872 12.971 27.635 7.712 15.765 -0.450 4.480 -1.531 -0.908 0.614
7.783 12.892 27.338 8.396 15.507 -1.306 3.976 -0.651 -0.846 0.254
7.531 12.915 27.120 7.189 15.608 -1.766 4.498 -0.592 -1.136 0.386
7.833 13.098 27.517 8.102 15.218 -1.274 3.636 -0.623 -0.612 0.264
7.682 12.830 27.376 7.785 15.637 -0.760 4.385 -1.431 -0.997 0.639
7.774 12.816 27.461 7.701 15.644 -1.342 4.440 -1.031 -0.983 0.458
7.919 13.007 28.948 7.316 15.127 -0.577 3.608 -1.122 -0.778 0.429
7.726 12.661 27.464 7.425 15.239 -1.371 3.884 -0.767 -0.780 0.364
7.996 13.027 27.344 8.603 15.449 -1.730 4.248 -0.477 -1.052 0.308
7.853 12.701 27.976 7.421 15.590 -0.382 4.106 -1.391 -0.892 0.532
7.559 12.940 27.449 7.382 16.096 -1.439 4.888 -1.122 -1.226 0.667
7.735 12.841 27.768 7.314 15.742 -0.824 4.199 -1.056 -0.887 0.485
8.323 12.469 27.522 7.852 15.399 -1.147 4.162 -0.787 -1.062 0.473
7.888 12.899 27.589 7.120 15.047 -1.508 3.522 -0.428 -0.642 0.196
7.694 12.488 27.104 7.347 15.939 -1.033 4.661 -1.012 -1.075 0.412
7.705 12.857 27.674 7.012 15.687 -0.920 4.470 -1.279 -0.948 0.551
7.536 12.550 27.736 7.343 15.661 -0.759 4.512 -1.423 -1.117 0.713
7.773 12.922 28.063 7.738 15.229 -1.094 4.040 -0.776 -0.803 0.264
7.932 12.658 27.943 6.663 16.066 -0.506 4.997 -1.652 -1.299 0.824
7.795 12.481 27.672 8.236 15.074 -1.636 3.520 -0.496 -0.710 0.232
7.718 12.654 27.802 7.676 15.785 -0.340 4.608 -1.623 -1.055 0.612
7.783 12.917 28.122 7.470 15.530 -0.148 3.998 -1.285 -0.877 0.474
8.131 12.692 28.928 6.516 15.117 -0.147 4.027 -1.520 -1.057 0.748
7.774 12.816 27.461 7.701 15.644 -1.342 4.440 -1.031 -0.983 0.458
7.360 12.957 26.992 7.824 16.448 -0.691 5.498 -1.981 -1.571 1.089
7.611 12.737 27.585 7.569 15.869 -1.049 4.856 -1.346 -1.299 0.692
7.699 12.222 27.320 7.180 15.386 -1.459 3.810 -0.713 -0.696 0.278
8.110 13.037 28.095 7.432 15.438 -0.567 3.891 -1.439 -0.769 0.571
8.103 12.697 27.908 7.808 15.491 -1.027 4.417 -1.083 -1.166 0.636
7.734 12.704 27.201 7.843 15.249 -1.427 3.646 -0.701 -0.802 0.352
8.047 12.877 27.613 7.975 15.748 -1.245 4.502 -1.053 -1.069 0.568
8.083 12.823 27.645 8.130 15.195 -0.823 4.012 -1.085 -0.943 0.456
7.781 12.723 27.658 8.320 15.719 -0.624 4.423 -1.631 -1.065 0.752
7.763 12.656 27.387 7.184 15.053 -1.385 3.507 -0.758 -0.651 0.306
7.774 12.832 27.431 7.153 15.671 -1.005 4.327 -1.040 -0.995 0.483
7.471 12.959 27.071 7.260 16.153 -1.218 5.134 -1.459 -1.345 0.786
7.926 12.863 28.195 6.998 15.634 -0.682 4.265 -1.165 -0.862 0.422
7.850 12.560 27.159 8.540 15.809 -1.089 4.673 -0.971 -1.121 0.492
7.913 12.593 27.724 7.810 15.776 -0.442 4.690 -1.590 -1.022 0.601
7.758 12.858 26.913 8.444 16.282 -1.046 4.877 -1.385 -1.009 0.576
7.475 13.232 26.984 7.918 15.517 -1.357 4.029 -0.850 -0.845 0.383
7.911 12.762 27.911 7.376 15.482 -0.755 4.304 -1.340 -0.953 0.597
7.690 12.917 26.958 7.480 15.786 -0.536 4.581 -1.625 -1.041 0.629
7.586 13.348 26.969 7.430 15.797 -1.026 4.760 -1.226 -1.378 0.726
7.996 12.685 27.349 6.412 15.591 -0.633 3.854 -1.095 -0.839 0.514
7.760 12.925 26.915 6.566 15.938 -1.429 4.394 -0.777 -0.955 0.384
7.721 12.515 27.359 7.215 15.265 -1.382 4.001 -0.777 -0.832 0.367
8.074 12.531 28.387 6.061 15.522 -0.605 3.968 -0.998 -0.831 0.445
7.930 12.747 28.669 7.492 15.552 -0.308 4.625 -1.599 -1.024 0.655
7.616 12.891 27.520 7.162 15.915 -0.744 4.575 -1.430 -1.166 0.741
7.665 12.971 27.077 8.077 15.681 -1.194 4.452 -1.141 -0.996 0.543
7.738 12.922 27.120 6.910 15.757 -1.287 4.807 -1.218 -1.208 0.658
8.082 13.505 27.598 8.561 15.530 -0.876 4.115 -0.771 -0.853 0.312
7.740 12.954 28.560 7.622 15.939 -0.045 4.926 -2.012 -1.304 0.879
7.791 12.780 27.284 7.131 15.455 -1.088 4.072 -1.079 -0.943 0.478
7.924 12.833 27.932 7.931 15.623 -0.677 4.313 -1.284 -0.921 0.496
7.889 12.746 27.421 7.295 15.749 -0.577 4.363 -1.358 -0.873 0.502
8.208 12.904 27.767 8.216 15.460 -0.301 3.917 -1.403 -0.875 0.523
7.481 12.740 28.004 7.325 15.651 -0.799 4.062 -1.275 -0.947 0.543
7.728 12.803 27.160 8.580 15.708 -1.275 4.342 -0.999 -0.853 0.387
7.671 12.780 28.075 7.891 15.259 -1.134 3.814 -0.867 -0.621 0.258
7.536 12.697 26.985 7.532 15.715 -0.827 4.479 -1.456 -1.074 0.731
7.554 12.915 27.067 8.057 16.262 -0.301 5.546 -2.250 -1.506 1.095
7.825 13.297 27.701 6.993 15.604 -1.187 4.161 -0.832 -0.994 0.385
8.115 13.103 28.092 6.857 15.774 -0.523 4.133 -1.270 -0.848 0.480
7.838 12.434 27.108 8.503 15.498 -1.403 3.915 -0.458 -0.704 0.185
7.986 13.030 27.800 8.430 16.183 -0.283 5.384 -1.703 -1.409 0.773
8.073 12.687 28.280 8.854 15.549 -0.787 4.517 -1.331 -1.184 0.711
7.685 12.968 27.542 7.410 15.237 -1.131 3.316 -0.897 -0.529 0.319
7.883 12.340 27.828 7.958 15.658 -0.880 4.438 -1.250 -0.907 0.525
7.972 12.528 28.105 7.802 15.650 -0.477 4.169 -1.192 -0.938 0.484
7.402 12.682 26.979 8.398 16.010 -1.079 4.594 -1.336 -1.099 0.658
7.813 12.478 27.993 7.967 15.459 -0.813 4.075 -1.162 -0.803 0.413
8.029 12.609 27.941 7.724 15.929 0.307 4.495 -1.890 -0.926 0.695
7.848 12.803 27.048 7.559 15.882 -0.829 4.379 -1.382 -1.009 0.678
7.958 13.166 27.762 8.869 16.053 -0.258 4.663 -1.738 -0.991 0.700
7.693 12.697 28.104 6.953 15.725 -0.537 4.300 -1.440 -0.876 0.583
7.652 13.215 27.727 7.708 16.032 -0.713 5.044 -1.647 -1.195 0.730
7.690 12.917 26.958 7.480 15.786 -0.536 4.581 -1.625 -1.041 0.629
7.888 12.741 27.794 7.157 15.598 -0.875 4.181 -1.093 -0.777 0.341
7.511 12.542 26.138 7.708 15.597 -1.959 4.243 -0.680 -1.078 0.517
7.782 13.093 27.325 8.133 16.142 -0.849 5.181 -1.543 -1.419 0.858
7.805 12.868 27.658 7.380 15.639 -0.610 4.039 -1.156 -0.677 0.431
7.615 13.236 27.437 7.641 15.541 -1.312 4.220 -1.014 -0.883 0.365
7.825 12.545 27.488 7.764 15.576 -0.580 4.300 -1.551 -1.053 0.745
7.559 12.940 27.449 7.382 16.096 -1.439 4.888 -1.122 -1.226 0.667
7.872 12.225 27.528 9.133 15.740 -0.704 4.094 -1.334 -0.746 0.507
7.823 12.300 27.802 7.926 15.261 -0.986 3.892 -0.975 -0.911 0.498
7.205 13.032 26.521 7.995 15.945 -1.510 4.239 -0.859 -0.847 0.396
7.906 12.611 27.814 7.469 15.436 -1.041 4.243 -1.139 -1.053 0.563
7.835 13.343 27.583 7.623 15.734 -0.907 3.917 -0.969 -0.731 0.323
7.742 12.986 27.706 7.001 15.600 -0.729 4.320 -1.215 -0.972 0.460
7.525 12.835 27.616 7.734 15.765 -1.029 4.486 -1.170 -1.021 0.505
7.655 13.068 27.403 8.238 15.736 -0.733 4.656 -1.659 -1.054 0.683
7.809 11.960 28.185 7.084 15.470 -0.612 4.447 -1.436 -0.935 0.465
8.208 12.904 27.767 8.216 15.460 -0.301 3.917 -1.403 -0.875 0.523
7.819 12.486 27.930 7.708 15.553 -0.760 4.160 -1.107 -0.979 0.477
7.877 12.421 28.216 7.672 15.764 -0.096 4.343 -1.584 -1.067 0.685
7.803 12.920 28.073 7.358 15.435 -0.597 3.985 -1.351 -0.945 0.634
8.285 13.157 28.883 6.475 15.520 -0.306 4.360 -1.049 -0.966 0.455
7.702 13.211 26.702 7.344 15.600 -1.318 4.328 -0.871 -0.976 0.333
7.554 12.915 27.067 8.057 16.262 -0.301 5.546 -2.250 -1.506 1.095
7.571 12.948 27.003 7.407 15.885 -1.353 4.623 -0.969 -1.103 0.469
7.873 12.491 28.099 6.568 15.816 -1.049 4.660 -1.027 -1.100 0.522
7.975 13.365 28.031 7.879 15.907 -0.326 4.676 -1.658 -1.050 0.652
7.904 12.207 27.978 7.303 15.371 -0.715 4.345 -1.480 -1.032 0.652
7.765 12.874 27.851 6.867 15.825 -0.238 4.789 -1.803 -1.191 0.815
7.652 12.869 27.467 7.178 15.298 -1.825 3.761 -0.436 -0.757 0.283
7.680 12.637 27.184 7.321 15.910 -1.209 4.633 -1.061 -0.973 0.472
7.590 13.107 27.560 7.964 15.636 -0.491 4.445 -1.735 -1.071 0.734
7.917 13.149 27.557 6.773 15.766 -0.865 4.452 -1.047 -0.988 0.438
7.877 12.989 28.707 6.846 15.366 -0.158 3.693 -1.495 -0.441 0.324
7.731 13.253 27.616 8.643 15.784 -0.375 4.942 -1.998 -1.286 0.893
7.960 12.197 27.780 7.190 15.487 -1.208 3.841 -0.697 -0.814 0.341
8.048 12.654 28.020 6.722 15.541 -0.371 4.085 -1.422 -0.812 0.529
7.520 12.804 26.838 8.095 15.879 -0.958 4.699 -1.350 -1.076 0.569
7.866 12.956 27.442 7.881 15.796 -0.582 4.882 -1.575 -1.192 0.679
7.587 12.504 26.293 7.304 15.858 -1.296 4.575 -1.083 -0.901 0.399
7.735 12.841 27.768 7.314 15.742 -0.824 4.199 -1.056 -0.887 0.485
7.751 12.968 27.856 7.368 15.412 -1.375 4.228 -0.836 -0.953 0.424
7.685 12.688 27.250 7.205 15.364 -1.274 3.724 -0.704 -0.688 0.229
7.894 12.618 27.746 7.996 15.101 -0.984 3.695 -1.283 -0.747 0.573
7.471 12.959 27.071 7.260 16.153 -1.218 5.134 -1.459 -1.345 0.786
7.505 12.857 27.638 7.574 15.743 -0.830 4.569 -1.368 -1.002 0.527
7.734 12.704 27.201 7.843 15.249 -1.427 3.646 -0.701 -0.802 0.352
7.730 12.961 27.950 7.290 15.738 -0.509 4.160 -1.331 -0.926 0.567
8.064 12.612 28.274 7.550 15.647 -1.157 4.520 -1.125 -1.163 0.631
8.067 12.836 28.063 7.157 15.634 -0.320 4.301 -1.458 -1.186 0.728
7.816 12.888 27.211 8.045 16.085 -1.052 4.958 -1.192 -1.216 0.582
7.643 12.695 27.059 8.099 15.851 -0.996 4.350 -1.174 -0.910 0.470
7.862 12.908 27.764 8.477 15.714 -0.727 4.523 -1.344 -1.009 0.492
7.968 12.910 27.814 8.094 15.787 -0.517 4.446 -1.392 -0.926 0.587
7.577 13.055 26.753 8.553 16.392 -1.146 5.385 -1.465 -1.388 0.743
7.683 12.692 27.618 7.090 15.901 -0.490 4.667 -1.449 -1.091 0.579
8.151 12.815 27.200 7.759 15.560 -1.100 4.249 -0.898 -0.908 0.365
7.922 12.930 28.428 7.886 15.777 -0.431 4.566 -1.349 -0.964 0.491
7.967 12.597 27.842 7.536 15.457 -0.796 4.201 -1.359 -0.928 0.538
7.786 12.827 27.598 7.608 15.742 -0.579 4.227 -1.506 -0.855 0.622
7.642 12.823 28.251 7.482 15.420 -1.113 3.910 -0.903 -0.826 0.455
7.619 12.722 27.268 7.236 15.378 -0.620 3.883 -1.358 -0.852 0.591
7.602 13.500 26.465 6.140 15.810 -1.223 4.590 -1.211 -1.067 0.540
7.783 12.892 27.338 8.396 15.507 -1.306 3.976 -0.651 -0.846 0.254
7.793 12.696 28.121 7.619 15.367 -0.853 3.784 -1.046 -0.747 0.425
7.839 12.999 27.232 7.577 15.801 -1.345 4.245 -0.814 -0.983 0.423
7.739 12.880 28.111 7.086 15.884 -0.568 4.660 -1.278 -1.100 0.505
7.581 13.024 27.754 8.318 16.041 -0.355 4.997 -1.815 -1.239 0.797
7.815 12.651 28.052 7.003 15.571 -0.640 4.265 -1.428 -1.028 0.662
7.880 13.045 27.443 7.046 15.718 -1.054 4.435 -1.087 -1.027 0.546
7.518 12.848 26.988 7.738 15.926 -1.512 4.814 -0.991 -1.227 0.541
7.553 12.708 27.019 6.579 15.561 -1.713 4.105 -0.627 -0.981 0.382
7.826 12.628 28.072 7.652 15.529 -0.854 4.091 -1.314 -0.877 0.569
7.798 12.918 27.583 8.198 15.706 -0.437 4.550 -1.652 -0.976 0.618
8.206 12.490 28.255 7.216 15.781 -0.395 4.905 -1.504 -1.352 0.777
8.103 12.697 27.908 7.808 15.491 -1.027 4.417 -1.083 -1.166 0.636
7.998 13.010 27.314 6.097 15.413 -0.979 4.048 -1.064 -0.859 0.479
7.807 12.691 27.333 7.888 15.245 -1.441 3.798 -0.692 -0.754 0.312
7.955 13.009 27.610 7.514 15.294 -0.263 3.413 -1.304 -0.538 0.433
7.948 12.743 27.872 6.554 15.905 -1.039 4.651 -1.018 -1.020 0.519
7.985 12.919 27.940 7.478 15.316 -1.092 3.682 -0.836 -0.693 0.327
7.587 12.975 27.450 8.436 16.110 -1.058 4.935 -1.444 -1.233 0.691
7.957 12.350 27.892 8.460 15.160 -1.297 3.953 -0.742 -0.942 0.399
7.888 12.899 27.589 7.120 15.047 -1.508 3.522 -0.428 -0.642 0.196
8.159 13.079 27.629 7.839 16.182 -0.328 4.857 -1.590 -1.160 0.676
7.887 12.596 27.934 8.076 15.784 -0.623 4.755 -1.472 -1.338 0.808
8.115 13.103 28.092 6.857 15.774 -0.523 4.133 -1.270 -0.848 0.480
8.154 13.111 27.752 7.695 15.984 -0.558 5.011 -1.467 -1.321 0.725
7.682 12.436 28.083 7.238 15.570 -0.357 4.198 -1.577 -0.902 0.611
7.794 12.828 28.567 7.258 15.379 -0.273 4.287 -1.561 -0.969 0.603
8.081 13.353 27.859 7.835 16.205 0.524 5.194 -2.239 -1.403 1.003
7.698 12.308 27.274 7.630 15.481 -0.910 4.186 -1.457 -0.891 0.604
7.980 12.900 27.189 7.977 15.895 -0.869 4.152 -1.007 -1.050 0.550
8.082 12.761 28.593 6.905 15.869 0.456 4.457 -1.963 -0.979 0.762
7.520 12.804 26.838 8.095 15.879 -0.958 4.699 -1.350 -1.076 0.569
7.781 12.723 27.658 8.320 15.719 -0.624 4.423 -1.631 -1.065 0.752
7.703 13.658 27.793 7.510 15.871 -0.893 4.274 -1.089 -0.839 0.453
7.840 12.315 27.704 7.652 15.618 -0.989 4.307 -1.302 -0.923 0.536
7.609 12.768 27.005 7.584 15.908 -1.451 4.681 -0.996 -1.229 0.643
8.127 12.633 28.764 7.573 15.682 0.173 4.445 -1.714 -0.922 0.619
7.783 12.892 27.338 8.396 15.507 -1.306 3.976 -0.651 -0.846 0.254
7.700 12.616 27.388 7.368 15.695 -1.085 4.579 -1.318 -1.135 0.594
7.821 12.915 27.267 7.458 15.530 -0.631 4.250 -1.460 -0.924 0.605
7.680 12.305 27.464 7.768 15.470 -1.176 3.943 -1.147 -0.739 0.506
8.271 13.115 27.456 7.819 15.941 -0.874 4.713 -1.103 -1.176 0.684
7.891 12.955 27.098 8.787 15.772 -0.911 4.591 -1.208 -1.036 0.518
7.495 12.666 27.247 6.839 16.122 -0.855 4.895 -1.657 -1.236 0.764
7.584 12.867 27.156 8.245 16.104 -1.131 5.157 -1.433 -1.556 0.885
7.710 12.528 28.498 6.497 15.689 0.123 4.797 -2.481 -1.189 1.020
7.652 12.811 27.553 7.163 15.489 -0.627 4.490 -1.552 -1.131 0.727
7.481 12.969 27.671 7.453 15.811 -0.447 4.699 -1.502 -1.174 0.682
7.475 13.232 26.984 7.918 15.517 -1.357 4.029 -0.850 -0.845 0.383
7.705 13.012 27.203 7.172 15.194 -1.709 3.612 -0.470 -0.813 0.319
7.706 12.870 27.103 7.462 15.952 -0.558 4.702 -1.798 -1.043 0.779
7.746 12.800 27.479 8.274 15.737 -1.331 4.623 -0.733 -1.139 0.444
7.731 13.253 27.616 8.643 15.784 -0.375 4.942 -1.998 -1.286 0.893
8.006 12.630 28.048 8.846 15.445 -1.228 4.243 -1.017 -1.001 0.520
7.923 12.242 27.926 7.063 15.250 -0.581 3.824 -1.312 -0.775 0.479
7.682 13.332 27.388 7.103 16.131 -1.034 4.411 -1.102 -0.894 0.448
7.678 13.036 27.221 7.411 15.404 -1.679 3.902 -0.694 -0.722 0.311
7.813 12.559 28.626 7.424 15.297 -0.774 3.905 -0.909 -0.862 0.414
7.852 12.924 27.407 6.899 16.086 -0.762 4.911 -1.219 -1.125 0.565
7.761 13.038 27.487 7.687 15.676 -0.996 4.343 -1.017 -1.011 0.534
7.866 13.088 27.590 7.473 15.868 -0.641 4.605 -1.242 -1.012 0.513
7.930 12.747 28.669 7.492 15.552 -0.308 4.625 -1.599 -1.024 0.655
7.802 12.796 27.116 6.993 15.665 -1.068 4.383 -1.249 -0.995 0.537
7.763 12.656 27.387 7.184 15.053 -1.385 3.507 -0.758 -0.651 0.306
8.139 12.631 28.354 7.119 15.285 -0.435 3.843 -1.233 -0.993 0.652
8.051 12.953 28.082 7.233 15.236 -0.776 4.098 -1.155 -0.978 0.558
7.836 12.891 27.733 8.405 15.541 -0.548 4.262 -1.506 -0.865 0.555
7.689 12.808 28.335 6.796 16.008 -0.089 4.704 -1.834 -0.883 0.615
7.806 12.783 27.324 7.279 15.638 -0.660 4.221 -1.289 -1.054 0.640
8.017 12.597 27.828 7.650 15.564 -0.799 3.808 -1.041 -0.815 0.445
8.005 13.144 28.311 7.489 15.841 -0.113 4.462 -1.620 -1.021 0.654
7.772 13.131 27.621 7.766 15.965 -1.134 4.910 -1.241 -1.031 0.465
7.996 12.685 27.349 6.412 15.591 -0.633 3.854 -1.095 -0.839 0.514
7.781 12.490 27.618 7.270 15.372 -1.490 4.029 -0.660 -0.974 0.421
7.822 13.103 28.028 7.245 15.808 -0.104 4.311 -1.834 -0.939 0.715
8.007 13.041 27.635 6.845 15.398 -1.479 4.048 -0.645 -0.804 0.290
8.092 12.328 27.624 6.519 15.474 -1.068 4.204 -0.671 -0.963 0.348
7.772 12.680 28.365 8.127 15.100 -0.501 3.764 -1.317 -0.679 0.389
7.520 12.804 26.838 8.095 15.879 -0.958 4.699 -1.350 -1.076 0.569
7.705 13.012 27.203 7.172 15.194 -1.709 3.612 -0.470 -0.813 0.319
8.165 12.629 27.847 7.691 15.498 -0.628 4.197 -1.245 -0.941 0.572
7.704 13.079 28.227 7.108 15.463 -0.711 4.074 -1.256 -0.935 0.535
8.183 13.003 28.903 7.860 15.532 0.183 4.455 -2.079 -1.051 0.844
8.030 12.548 28.486 7.240 15.593 -0.574 4.601 -1.578 -1.141 0.752
7.544 13.392 27.751 7.254 15.790 -1.377 4.524 -0.875 -1.038 0.442
7.795 13.088 28.079 7.704 15.606 -0.601 3.981 -1.245 -0.749 0.415
7.840 12.891 27.585 7.577 15.806 -0.674 4.448 -1.204 -1.023 0.498
7.899 13.061 28.007 7.447 15.735 -0.499 4.381 -1.425 -0.967 0.629
7.844 12.670 27.420 6.867 15.154 -0.908 3.656 -0.996 -0.768 0.422
7.856 12.585 28.589 7.978 16.038 0.369 5.366 -2.374 -1.468 1.103
7.816 12.992 27.695 8.302 15.964 -0.323 4.416 -1.472 -0.998 0.617
8.084 12.920 28.874 7.582 15.701 -0.603 4.435 -1.279 -1.057 0.585
7.765 12.874 27.851 6.867 15.825 -0.238 4.789 -1.803 -1.191 0.815
7.687 13.185 26.749 8.020 15.436 -1.261 3.907 -0.948 -0.758 0.357
7.750 12.300 28.246 7.124 15.925 -0.524 5.104 -1.742 -1.274 0.818
7.907 13.329 28.166 7.081 15.650 -0.613 4.055 -1.138 -0.914 0.516
7.959 12.941 28.008 6.982 15.635 -0.266 4.118 -1.392 -0.922 0.550
7.829 12.841 27.772 7.430 16.023 -0.672 4.943 -1.523 -1.098 0.656
7.536 12.550 27.736 7.343 15.661 -0.759 4.512 -1.423 -1.117 0.713
7.899 12.768 28.258 8.246 15.332 -0.439 3.712 -1.455 -0.614 0.507
7.963 12.761 28.587 7.089 15.781 0.113 4.586 -2.043 -0.977 0.765
8.073 12.984 28.185 8.083 15.528 -0.457 4.102 -1.527 -0.797 0.575
7.702 12.283 27.850 6.796 15.972 -0.876 4.832 -1.176 -1.231 0.604
7.873 12.945 27.490 6.243 15.148 -1.016 3.660 -0.979 -0.721 0.445
7.685 12.688 27.250 7.205 15.364 -1.274 3.724 -0.704 -0.688 0.229
7.829 12.841 27.772 7.430 16.023 -0.672 4.943 -1.523 -1.098 0.656
7.545 12.612 27.525 7.201 15.906 -1.436 4.751 -0.910 -1.318 0.613
7.749 12.932 28.287 6.737 16.124 -0.527 5.097 -1.618 -1.212 0.721
8.060 13.032 28.011 7.581 15.819 -0.389 4.700 -1.288 -1.076 0.554
7.652 13.215 27.727 7.708 16.032 -0.713 5.044 -1.647 -1.195 0.730
8.007 13.041 27.635 6.845 15.398 -1.479 4.048 -0.645 -0.804 0.290
7.865 11.926 28.371 8.054 15.179 -0.442 3.949 -1.488 -0.775 0.527
7.919 13.007 28.948 7.316 15.127 -0.577 3.608 -1.122 -0.778 0.429
7.764 12.787 27.770 8.053 15.996 -0.658 4.919 -1.564 -1.068 0.632
7.592 13.002 26.434 7.185 15.752 -1.531 4.550 -1.010 -1.190 0.553
7.828 13.374 28.327 7.694 15.768 -0.378 3.878 -1.184 -0.726 0.419
7.893 12.947 27.639 7.889 15.776 -0.755 4.218 -0.952 -0.952 0.398
7.914 12.887 28.523 8.712 15.833 -0.223 4.281 -1.217 -0.924 0.480
7.680 13.019 27.303 7.858 15.629 -1.336 4.304 -0.956 -0.944 0.389
7.912 12.716 28.170 7.099 15.378 0.139 4.024 -1.868 -0.906 0.715
7.852 12.924 27.407 6.899 16.086 -0.762 4.911 -1.219 -1.125 0.565
7.566 12.786 26.970 8.448 15.967 -1.115 5.064 -1.224 -1.312 0.590
7.615 12.653 27.237 6.834 15.785 -0.663 4.725 -1.607 -1.225 0.752
8.139 12.631 28.354 7.119 15.285 -0.435 3.843 -1.233 -0.993 0.652
8.386 12.934 28.517 7.687 15.062 -0.842 3.536 -0.740 -0.710 0.289
7.828 13.374 28.327 7.694 15.768 -0.378 3.878 -1.184 -0.726 0.419
7.861 12.813 28.013 7.640 15.795 -0.773 4.520 -1.226 -1.088 0.558
7.542 12.701 26.897 6.950 15.714 -1.214 4.522 -1.099 -1.226 0.604
7.682 12.830 27.376 7.785 15.637 -0.760 4.385 -1.431 -0.997 0.639
8.011 12.176 27.891 7.798 15.794 -0.697 4.579 -1.220 -1.132 0.581
7.772 12.873 27.302 7.310 15.596 -0.719 4.110 -1.187 -0.834 0.437
7.943 13.214 28.076 7.065 16.159 0.106 4.752 -1.700 -1.161 0.667
7.631 12.716 27.369 7.358 15.624 -1.193 4.038 -1.027 -0.950 0.532
7.942 12.731 27.993 7.971 15.826 -0.668 4.786 -1.467 -1.015 0.602
7.894 12.618 27.746 7.996 15.101 -0.984 3.695 -1.283 -0.747 0.573
7.642 12.823 28.251 7.482 15.420 -1.113 3.910 -0.903 -0.826 0.455
7.564 12.709 27.370 8.321 16.098 -1.124 5.346 -1.271 -1.427 0.681
7.995 12.888 27.682 7.880 15.641 -0.386 4.081 -1.782 -0.938 0.776
7.962 12.977 28.198 6.260 15.967 -0.456 5.052 -1.654 -1.285 0.774
7.877 12.989 28.707 6.846 15.366 -0.158 3.693 -1.495 -0.441 0.324
7.816 12.716 27.800 7.999 15.781 -0.386 4.442 -1.552 -0.937 0.629
7.689 12.808 28.335 6.796 16.008 -0.089 4.704 -1.834 -0.883 0.615
7.801 13.034 27.511 7.334 15.700 -1.421 4.520 -0.898 -1.112 0.458
7.729 12.706 27.506 7.584 15.544 -1.035 4.131 -0.858 -0.885 0.336
7.869 12.589 28.141 6.959 15.952 -0.274 4.853 -1.655 -1.109 0.675
8.040 13.021 27.107 7.940 15.589 -1.409 3.929 -0.670 -0.742 0.284
7.628 12.746 27.278 8.096 15.921 -0.851 4.441 -1.032 -1.028 0.472
7.786 12.880 26.694 7.720 15.709 -1.474 4.341 -0.786 -0.926 0.383
7.809 13.175 27.448 7.269 15.592 -0.831 4.494 -1.337 -1.170 0.689
7.787 12.921 28.314 7.432 16.374 -0.088 5.166 -1.735 -1.185 0.740
7.834 13.280 27.686 7.165 15.503 -0.517 4.037 -1.584 -0.790 0.613
7.538 12.729 28.058 7.210 15.813 -0.873 4.265 -1.302 -0.791 0.463
7.913 12.989 27.747 6.375 15.343 -0.789 4.030 -1.002 -0.751 0.280
7.665 12.971 27.077 8.077 15.681 -1.194 4.452 -1.141 -0.996 0.543
7.916 12.847 28.018 6.876 15.730 -0.705 4.944 -1.601 -1.309 0.756
7.711 13.212 26.706 7.969 16.037 -1.363 5.149 -1.333 -1.207 0.592
7.411 13.055 26.430 8.113 15.970 -1.129 4.742 -1.354 -1.065 0.581
7.684 13.089 27.669 6.710 15.621 -1.130 4.088 -1.023 -0.791 0.477
7.790 12.688 27.536 7.706 15.260 -1.013 3.842 -1.166 -0.709 0.425
7.825 13.297 27.701 6.993 15.604 -1.187 4.161 -0.832 -0.994 0.385
7.795 13.088 28.079 7.704 15.606 -0.601 3.981 -1.245 -0.749 0.415
7.855 12.855 27.117 7.205 15.466 -0.950 4.139 -0.859 -0.992 0.406
8.064 12.612 28.274 7.550 15.647 -1.157 4.520 -1.125 -1.163 0.631
7.960 12.836 27.009 7.960 15.758 -1.503 4.418 -0.702 -1.058 0.385
7.457 13.140 26.977 7.019 16.000 -1.099 4.769 -1.418 -1.173 0.741
7.931 12.501 28.222 6.582 15.222 -1.147 3.322 -0.675 -0.503 0.258
7.815 12.834 27.906 7.609 15.774 -0.420 4.699 -1.761 -1.122 0.742
7.720 12.812 27.516 6.580 15.629 -1.128 4.640 -1.323 -1.189 0.668
7.883 12.340 27.828 7.958 15.658 -0.880 4.438 -1.250 -0.907 0.525
7.823 12.300 27.802 7.926 15.261 -0.986 3.892 -0.975 -0.911 0.498
7.704 12.625 27.936 7.170 16.018 -0.812 4.995 -1.704 -1.145 0.720
7.525 12.835 27.616 7.734 15.765 -1.029 4.486 -1.170 -1.021 0.505
7.549 13.067 26.713 7.158 15.592 -1.296 4.134 -0.836 -1.050 0.429
7.687 12.587 27.557 6.939 15.608 -0.860 4.084 -1.099 -0.746 0.409
7.731 12.742 27.770 7.745 16.043 -0.392 4.794 -1.837 -1.135 0.819
7.700 12.616 27.388 7.368 15.695 -1.085 4.579 -1.318 -1.135 0.594
7.869 12.589 28.141 6.959 15.952 -0.274 4.853 -1.655 -1.109 0.675
7.561 12.841 27.671 7.832 15.514 -0.703 4.172 -1.356 -1.061 0.653
7.545 12.612 27.525 7.201 15.906 -1.436 4.751 -0.910 -1.318 0.613
7.881 12.732 27.611 6.864 15.411 -1.344 3.625 -0.654 -0.703 0.336
7.699 13.168 26.946 7.559 15.981 -0.864 4.825 -1.490 -1.072 0.655
7.561 12.966 26.954 8.990 16.089 -1.464 5.014 -1.089 -1.336 0.590
7.766 12.989 27.975 6.207 15.397 -0.692 4.157 -1.251 -0.944 0.540
7.799 12.675 27.857 7.653 15.396 -1.178 4.002 -0.937 -0.821 0.383
7.880 12.541 28.371 7.643 15.325 -0.596 4.077 -1.301 -0.903 0.565
7.761 13.038 27.487 7.687 15.676 -0.996 4.343 -1.017 -1.011 0.534
8.194 13.027 28.500 7.844 15.716 -0.482 4.326 -1.230 -1.059 0.560
7.963 12.761 28.587 7.089 15.781 0.113 4.586 -2.043 -0.977 0.765
8.074 12.319 28.502 8.475 15.495 -0.184 4.408 -1.545 -1.046 0.634
7.571 12.948 27.003 7.407 15.885 -1.353 4.623 -0.969 -1.103 0.469
7.946 12.953 27.884 8.480 15.514 -0.847 4.091 -1.081 -0.794 0.426
7.683 12.692 27.618 7.090 15.901 -0.490 4.667 -1.449 -1.091 0.579
7.560 13.217 26.363 7.711 15.715 -1.228 4.365 -1.054 -0.965 0.477
7.682 12.436 28.083 7.238 15.570 -0.357 4.198 -1.577 -0.902 0.611
7.704 13.079 28.227 7.108 15.463 -0.711 4.074 -1.256 -0.935 0.535
7.628 13.305 26.871 7.173 15.756 -1.746 4.365 -0.532 -1.110 0.395
7.556 12.307 26.285 9.909 15.610 -1.377 3.967 -0.740 -0.703 0.276
7.500 12.855 26.769 8.620 16.079 -1.331 4.627 -1.001 -0.975 0.386
7.771 12.334 26.827 7.599 15.006 -1.612 3.517 -0.699 -0.701 0.360
7.901 13.024 27.696 8.521 15.602 -0.936 4.322 -1.334 -1.088 0.686
7.996 12.685 27.349 6.412 15.591 -0.633 3.854 -1.095 -0.839 0.514
7.815 12.834 27.906 7.609 15.774 -0.420 4.699 -1.761 -1.122 0.742
8.232 12.980 28.807 7.138 15.522 -0.189 4.592 -1.450 -1.157 0.657
7.805 12.868 27.658 7.380 15.639 -0.610 4.039 -1.156 -0.677 0.431
7.615 12.653 27.237 6.834 15.785 -0.663 4.725 -1.607 -1.225 0.752
7.748 13.239 27.578 7.114 15.949 -1.344 4.515 -0.799 -1.108 0.480
7.695 12.807 26.936 8.312 15.581 -1.241 3.874 -0.749 -0.720 0.302
7.739 12.880 28.111 7.086 15.884 -0.568 4.660 -1.278 -1.100 0.505
7.523 13.002 26.644 8.013 15.994 -1.338 4.389 -0.995 -0.828 0.335
8.285 13.157 28.883 6.475 15.520 -0.306 4.360 -1.049 -0.966 0.455
7.784 12.989 28.356 7.784 15.530 -0.531 4.037 -1.387 -0.804 0.503
7.972 12.688 27.725 8.498 15.529 -0.824 4.129 -1.263 -0.950 0.551
7.807 12.691 27.333 7.888 15.245 -1.441 3.798 -0.692 -0.754 0.312
7.931 12.521 28.256 8.115 15.789 -0.548 4.752 -1.454 -1.097 0.627
7.786 12.880 26.694 7.720 15.709 -1.474 4.341 -0.786 -0.926 0.383
7.536 12.697 26.985 7.532 15.715 -0.827 4.479 -1.456 -1.074 0.731
8.015 12.963 28.338 8.546 15.649 -1.067 4.624 -0.860 -1.107 0.472
7.830 12.615 27.168 6.865 15.805 -1.312 4.536 -1.180 -1.089 0.606
7.869 13.008 28.430 7.950 15.330 -0.436 3.942 -1.374 -0.862 0.579
7.754 12.732 26.842 6.290 15.722 -1.385 4.356 -0.853 -1.015 0.432
7.619 12.722 27.268 7.236 15.378 -0.620 3.883 -1.358 -0.852 0.591
7.971 13.053 27.585 7.553 15.841 -0.913 4.467 -1.016 -1.014 0.504
7.495 12.666 27.247 6.839 16.122 -0.855 4.895 -1.657 -1.236 0.764
7.599 12.968 26.662 7.371 15.984 -1.455 4.773 -1.028 -1.204 0.596
8.291 12.483 28.556 6.477 15.516 -0.063 4.269 -1.323 -1.008 0.572
7.728 12.803 27.160 8.580 15.708 -1.275 4.342 -0.999 -0.853 0.387
7.850 12.475 27.787 7.344 15.775 -1.030 5.063 -1.446 -1.309 0.740
7.815 12.711 27.158 8.207 15.814 -1.411 4.780 -1.026 -1.222 0.627
7.695 13.145 28.106 7.190 15.554 -0.547 4.270 -1.454 -1.016 0.589
8.017 12.516 27.474 8.333 15.249 -0.938 3.494 -0.935 -0.535 0.343
7.622 12.603 27.913 7.333 15.558 -0.615 4.267 -1.199 -1.046 0.550
8.096 12.447 27.930 7.478 15.730 -0.387 4.289 -1.520 -0.987 0.671
7.680 13.019 27.303 7.858 15.629 -1.336 4.304 -0.956 -0.944 0.389
7.930 12.747 28.669 7.492 15.552 -0.308 4.625 -1.599 -1.024 0.655
7.410 12.758 26.624 7.772 15.964 -1.306 4.249 -1.028 -0.934 0.499
7.769 12.282 28.346 6.970 15.227 -1.044 3.891 -0.930 -0.831 0.389
7.712 12.948 27.289 6.699 15.923 -1.397 5.003 -1.053 -1.331 0.624
7.544 13.392 27.751 7.254 15.790 -1.377 4.524 -0.875 -1.038 0.442
8.115 12.143 28.307 7.354 15.152 -0.927 3.973 -1.070 -0.884 0.533
7.900 13.377 27.191 7.696 15.606 -1.349 4.048 -0.642 -0.755 0.288
7.931 12.501 28.222 6.582 15.222 -1.147 3.322 -0.675 -0.503 0.258
7.897 12.392 28.064 7.001 15.620 0.074 4.280 -1.815 -0.935 0.687
7.792 12.979 27.129 6.967 15.543 -1.370 4.041 -0.954 -0.833 0.413
7.684 12.682 27.626 7.743 15.106 -0.925 3.503 -0.952 -0.585 0.338
7.731 12.742 27.770 7.745 16.043 -0.392 4.794 -1.837 -1.135 0.819
7.597 12.455 27.999 6.952 15.195 -0.877 3.795 -1.195 -0.798 0.454
7.761 12.589 28.034 7.262 16.053 -0.365 4.800 -1.526 -1.162 0.658
7.965 12.701 28.282 7.367 15.443 -0.746 4.257 -1.074 -0.913 0.423
7.678 13.006 27.575 7.186 15.408 -1.006 3.849 -0.999 -0.727 0.372
7.794 12.828 28.567 7.258 15.379 -0.273 4.287 -1.561 -0.969 0.603
7.881 12.082 27.950 7.636 15.400 -0.760 4.024 -1.191 -0.920 0.535
8.082 13.505 27.598 8.561 15.530 -0.876 4.115 -0.771 -0.853 0.312
7.816 12.992 27.695 8.302 15.964 -0.323 4.416 -1.472 -0.998 0.617
7.660 12.935 28.272 7.159 15.559 -0.169 3.843 -1.707 -0.774 0.649
7.808 13.258 27.235 7.366 15.760 -0.981 4.499 -0.892 -1.083 0.416
7.562 12.850 27.439 6.964 15.815 -0.651 4.827 -1.818 -1.097 0.755
7.642 12.663 28.239 7.235 15.811 -0.538 4.738 -1.493 -1.080 0.645
7.622 12.603 27.913 7.333 15.558 -0.615 4.267 -1.199 -1.046 0.550
7.930 12.747 28.669 7.492 15.552 -0.308 4.625 -1.599 -1.024 0.655
7.866 12.936 28.294 7.170 15.561 -0.505 4.184 -1.517 -0.902 0.608
7.758 12.479 27.981 8.412 15.859 -0.584 4.652 -1.382 -0.886 0.466
8.275 13.019 28.630 7.582 15.650 -0.778 4.526 -0.940 -1.276 0.590
7.940 12.300 29.207 6.885 15.265 -0.538 3.464 -0.974 -0.671 0.324
7.921 12.887 27.983 6.802 15.385 -0.905 3.962 -1.284 -0.675 0.449
7.689 12.595 27.509 8.495 15.937 -0.922 4.766 -1.178 -1.042 0.456
7.794 12.802 27.662 7.091 15.173 -0.714 3.685 -1.390 -0.775 0.548
7.674 12.679 26.406 7.575 15.840 -1.323 4.546 -1.106 -0.976 0.486
7.985 12.692 27.968 7.877 15.596 -0.630 4.280 -1.198 -0.868 0.432
7.842 12.621 28.159 6.641 15.480 -0.885 4.345 -1.195 -1.070 0.575
7.897 12.392 28.064 7.001 15.620 0.074 4.280 -1.815 -0.935 0.687
7.950 12.987 27.248 7.474 15.707 -1.124 4.381 -1.112 -0.990 0.534
7.981 12.942 27.486 7.971 15.836 -1.003 4.303 -0.854 -0.975 0.408
7.761 13.038 27.487 7.687 15.676 -0.996 4.343 -1.017 -1.011 0.534
7.712 12.959 27.523 8.051 15.897 -0.643 4.503 -1.428 -1.023 0.585
7.802 12.692 27.380 7.663 15.678 -1.266 3.997 -0.807 -0.756 0.291
7.731 12.742 27.770 7.745 16.043 -0.392 4.794 -1.837 -1.135 0.819
7.483 12.946 27.182 7.542 15.925 -1.167 4.756 -1.206 -1.326 0.708
8.323 12.469 27.522 7.852 15.399 -1.147 4.162 -0.787 -1.062 0.473
7.538 12.729 28.058 7.210 15.813 -0.873 4.265 -1.302 -0.791 0.463
7.191 13.121 26.783 5.861 15.989 -0.980 4.645 -1.623 -1.025 0.717
7.898 13.050 28.019 7.448 15.923 -0.097 5.084 -2.055 -1.350 0.988
7.769 12.884 28.074 7.250 16.199 -0.020 5.264 -1.863 -1.456 0.846
7.958 13.166 27.762 8.869 16.053 -0.258 4.663 -1.738 -0.991 0.700
7.191 13.121 26.783 5.861 15.989 -0.980 4.645 -1.623 -1.025 0.717
8.127 12.633 28.764 7.573 15.682 0.173 4.445 -1.714 -0.922 0.619
7.956 13.394 27.817 6.244 15.446 -1.040 4.223 -1.216 -0.915 0.508
7.926 13.272 27.401 8.779 15.620 -0.741 3.802 -1.185 -0.609 0.389
7.586 12.916 26.816 7.560 15.930 -0.856 4.820 -1.394 -1.378 0.759
7.801 12.846 27.736 7.222 15.540 -0.879 3.955 -1.055 -0.674 0.371
8.169 12.988 28.398 7.503 15.783 -0.635 4.747 -1.353 -1.315 0.749
8.106 12.821 28.334 7.993 15.454 -0.337 4.118 -1.283 -0.988 0.567
7.968 12.910 27.814 8.094 15.787 -0.517 4.446 -1.392 -0.926 0.587
7.817 13.091 27.682 6.957 15.457 -0.802 4.001 -1.142 -0.784 0.400
8.029 12.609 27.941 7.724 15.929 0.307 4.495 -1.890 -0.926 0.695
7.721 12.599 28.332 6.595 15.471 -0.203 4.259 -1.627 -0.868 0.589
7.652 12.869 27.467 7.178 15.298 -1.825 3.761 -0.436 -0.757 0.283
7.641 12.932 28.064 7.920 16.028 -0.458 4.937 -1.807 -1.173 0.827
8.106 12.821 28.334 7.993 15.454 -0.337 4.118 -1.283 -0.988 0.567
7.684 12.903 27.669 7.808 15.526 -0.266 4.280 -1.579 -0.956 0.597
7.955 13.009 27.610 7.514 15.294 -0.263 3.413 -1.304 -0.538 0.433
8.015 12.963 28.338 8.546 15.649 -1.067 4.624 -0.860 -1.107 0.472
7.560 13.217 26.363 7.711 15.715 -1.228 4.365 -1.054 -0.965 0.477
7.989 12.530 28.164 8.140 15.565 -0.391 4.441 -1.459 -1.109 0.693
7.793 13.130 27.200 8.236 16.362 -0.446 4.963 -1.641 -1.130 0.660
7.920 12.894 28.400 7.601 15.913 -0.191 4.642 -1.946 -1.043 0.790
7.538 12.654 26.916 7.881 15.645 -1.542 4.130 -0.772 -0.960 0.412
7.933 13.020 28.239 7.616 15.649 -0.499 4.503 -1.339 -1.171 0.639
7.636 12.959 27.195 8.123 15.890 -0.772 4.735 -1.566 -1.155 0.689
7.423 11.973 26.975 7.602 15.593 -1.779 4.244 -0.694 -0.955 0.348
7.700 12.616 27.388 7.368 15.695 -1.085 4.579 -1.318 -1.135 0.594
7.847 13.182 27.925 7.644 15.768 -0.168 4.210 -1.454 -0.878 0.508
7.664 13.041 27.341 7.877 16.100 -0.407 4.972 -1.831 -1.189 0.700
7.963 12.867 27.805 6.882 15.632 -0.603 4.340 -1.307 -0.901 0.456
7.647 12.462 27.775 7.441 15.925 -1.044 4.857 -0.993 -1.155 0.487
7.882 12.783 26.934 7.710 15.431 -0.952 3.798 -1.012 -0.664 0.378
7.410 12.758 26.624 7.772 15.964 -1.306 4.249 -1.028 -0.934 0.499
7.709 12.925 26.390 7.771 15.850 -1.094 4.455 -1.130 -1.039 0.517
7.698 12.697 27.473 7.536 15.746 -0.675 4.375 -1.405 -0.897 0.554
7.500 12.855 26.769 8.620 16.079 -1.331 4.627 -1.001 -0.975 0.386
7.761 12.589 28.034 7.262 16.053 -0.365 4.800 -1.526 -1.162 0.658
8.032 12.422 27.529 7.027 15.853 -0.960 4.698 -1.104 -1.114 0.563
8.026 12.760 28.062 6.216 15.778 -0.706 4.351 -1.115 -1.055 0.526
7.815 12.834 27.906 7.609 15.774 -0.420 4.699 -1.761 -1.122 0.742
7.972 12.528 28.105 7.802 15.650 -0.477 4.169 -1.192 -0.938 0.484
8.220 12.611 28.260 7.539 15.022 -0.800 3.342 -0.552 -0.458 0.101
7.622 12.699 27.537 7.688 15.578 -0.566 3.966 -1.535 -0.769 0.630
8.183 13.003 28.903 7.860 15.532 0.183 4.455 -2.079 -1.051 0.844
7.873 12.667 28.287 6.574 15.271 -0.610 3.613 -0.946 -0.706 0.402
8.131 12.692 28.928 6.516 15.117 -0.147 4.027 -1.520 -1.057 0.748
7.578 12.638 27.729 7.578 16.360 -0.660 5.211 -1.499 -1.253 0.636
7.720 12.812 27.516 6.580 15.629 -1.128 4.640 -1.323 -1.189 0.668
7.940 12.300 29.207 6.885 15.265 -0.538 3.464 -0.974 -0.671 0.324
8.036 12.735 27.613 7.501 15.837 -0.653 4.342 -1.157 -0.927 0.464
8.007 13.041 27.635 6.845 15.398 -1.479 4.048 -0.645 -0.804 0.290
7.960 12.737 26.859 6.595 16.014 -0.872 4.770 -1.436 -1.138 0.674
7.725 12.337 27.851 7.682 15.667 -0.413 4.639 -1.519 -1.115 0.663
7.800 12.665 27.766 6.101 15.526 -0.972 4.207 -1.146 -0.940 0.489
7.848 12.803 27.048 7.559 15.882 -0.829 4.379 -1.382 -1.009 0.678
7.852 12.924 27.407 6.899 16.086 -0.762 4.911 -1.219 -1.125 0.565
7.818 12.813 27.547 7.977 15.555 -0.795 4.372 -1.370 -1.049 0.675
7.996 13.027 27.344 8.603 15.449 -1.730 4.248 -0.477 -1.052 0.308
8.065 13.193 27.521 6.631 15.491 -1.195 3.713 -0.807 -0.661 0.333
7.721 12.515 27.359 7.215 15.265 -1.382 4.001 -0.777 -0.832 0.367
7.943 13.214 28.076 7.065 16.159 0.106 4.752 -1.700 -1.161 0.667
7.841 13.224 27.856 6.617 16.225 -0.293 4.994 -1.736 -1.169 0.707
7.760 12.719 27.431 8.171 15.811 -1.046 4.722 -1.030 -1.184 0.555
7.815 12.834 27.906 7.609 15.774 -0.420 4.699 -1.761 -1.122 0.742
8.099 13.026 28.350 7.425 15.631 -0.624 4.477 -1.168 -1.099 0.558
7.962 12.881 28.636 6.316 16.183 -0.339 5.248 -1.646 -1.244 0.703
7.687 12.826 27.294 7.711 15.700 -1.165 3.949 -0.824 -0.744 0.300
7.957 12.522 27.889 7.416 15.538 -0.616 3.834 -1.383 -0.697 0.520
7.912 12.716 28.170 7.099 15.378 0.139 4.024 -1.868 -0.906 0.715
7.912 12.722 27.736 8.575 15.778 -0.972 4.589 -1.432 -1.103 0.672
7.698 12.308 27.274 7.630 15.481 -0.910 4.186 -1.457 -0.891 0.604
7.869 13.008 28.430 7.950 15.330 -0.436 3.942 -1.374 -0.862 0.579
7.926 12.723 28.208 8.427 15.514 -0.365 4.377 -1.446 -1.070 0.635
7.852 12.695 28.118 7.405 15.312 -0.664 3.974 -1.324 -0.775 0.503
7.554 12.915 27.067 8.057 16.262 -0.301 5.546 -2.250 -1.506 1.095
7.542 12.976 27.332 7.749 15.744 -0.348 4.389 -1.449 -1.184 0.710
7.724 12.859 28.241 5.778 15.469 -0.633 3.894 -1.148 -0.756 0.456
7.689 13.010 26.783 7.970 15.791 -1.244 4.371 -1.110 -0.903 0.513
7.641 12.932 28.064 7.920 16.028 -0.458 4.937 -1.807 -1.173 0.827
7.582 12.749 27.490 7.025 15.862 -0.578 4.641 -1.799 -1.072 0.686
7.808 13.258 27.235 7.366 15.760 -0.981 4.499 -0.892 -1.083 0.416
7.799 12.418 27.683 8.404 15.185 -0.626 3.843 -1.415 -0.890 0.704
7.685 12.688 27.250 7.205 15.364 -1.274 3.724 -0.704 -0.688 0.229
7.815 12.711 27.158 8.207 15.814 -1.411 4.780 -1.026 -1.222 0.627
7.819 12.670 27.329 7.497 16.003 -0.469 4.923 -1.827 -1.109 0.701
7.700 12.616 27.388 7.368 15.695 -1.085 4.579 -1.318 -1.135 0.594
7.511 12.542 26.138 7.708 15.597 -1.959 4.243 -0.680 -1.078 0.517
7.983 12.453 27.944 8.681 15.523 -0.978 3.962 -1.027 -0.853 0.434
7.205 13.032 26.521 7.995 15.945 -1.510 4.239 -0.859 -0.847 0.396
7.622 12.741 27.456 7.005 15.563 -0.969 4.398 -1.520 -0.917 0.643
7.781 12.723 27.658 8.320 15.719 -0.624 4.423 -1.631 -1.065 0.752
8.229 12.529 28.500 8.085 14.841 -0.543 3.512 -1.134 -0.665 0.392
7.639 12.378 27.633 7.303 15.781 -0.362 4.551 -1.770 -1.088 0.695
7.839 13.120 27.505 7.016 15.544 -0.947 4.131 -1.056 -0.858 0.419
7.558 12.451 28.255 7.692 15.658 -1.228 4.634 -1.196 -1.322 0.669
7.710 12.528 28.498 6.497 15.689 0.123 4.797 -2.481 -1.189 1.020
7.977 12.705 28.574 6.334 15.587 0.134 4.163 -1.905 -0.977 0.825
7.554 12.915 27.067 8.057 16.262 -0.301 5.546 -2.250 -1.506 1.095
7.761 13.038 27.487 7.687 15.676 -0.996 4.343 -1.017 -1.011 0.534
7.684 13.139 26.835 8.546 15.816 -0.709 4.055 -1.328 -0.675 0.413
7.946 12.953 27.884 8.480 15.514 -0.847 4.091 -1.081 -0.794 0.426
7.539 12.522 26.996 7.975 15.812 -0.957 4.543 -1.341 -1.157 0.671
8.096 12.447 27.930 7.478 15.730 -0.387 4.289 -1.520 -0.987 0.671
7.786 12.880 26.694 7.720 15.709 -1.474 4.341 -0.786 -0.926 0.383
7.653 12.742 27.145 8.607 15.609 -1.275 4.112 -1.011 -0.932 0.536
7.960 12.993 27.765 7.513 15.815 -0.616 4.609 -1.397 -1.143 0.633
7.599 12.971 27.265 8.269 15.955 -0.871 4.808 -1.328 -1.265 0.743
7.866 12.956 27.442 7.881 15.796 -0.582 4.882 -1.575 -1.192 0.679
7.561 12.841 27.671 7.832 15.514 -0.703 4.172 -1.356 -1.061 0.653
7.713 12.632 27.857 7.503 15.644 -1.076 4.036 -1.051 -0.834 0.458
7.558 12.451 28.255 7.692 15.658 -1.228 4.634 -1.196 -1.322 0.669
7.614 12.680 26.142 8.164 15.906 -1.285 4.412 -0.954 -1.011 0.392
7.777 12.977 27.750 9.059 15.777 -0.580 4.424 -1.210 -1.013 0.556
7.948 12.743 27.872 6.554 15.905 -1.039 4.651 -1.018 -1.020 0.519
7.609 12.768 27.005 7.584 15.908 -1.451 4.681 -0.996 -1.229 0.643
8.017 12.597 27.828 7.650 15.564 -0.799 3.808 -1.041 -0.815 0.445
7.678 13.036 27.221 7.411 15.404 -1.679 3.902 -0.694 -0.722 0.311
8.111 12.580 28.682 6.757 15.437 -0.313 4.131 -1.398 -0.730 0.425
7.809 11.960 28.185 7.084 15.470 -0.612 4.447 -1.436 -0.935 0.465
7.866 12.956 27.442 7.881 15.796 -0.582 4.882 -1.575 -1.192 0.679
7.882 12.878 27.220 7.850 15.640 -0.980 4.372 -1.005 -1.001 0.483
7.829 12.841 27.772 7.430 16.023 -0.672 4.943 -1.523 -1.098 0.656
7.370 12.678 27.265 8.009 15.769 -0.521 4.720 -1.813 -1.253 0.912
7.821 12.755 27.803 7.400 15.699 -0.759 4.156 -1.069 -0.814 0.405
7.916 12.721 27.774 7.994 16.062 -0.334 4.906 -1.495 -1.222 0.625
7.783 12.917 28.122 7.470 15.530 -0.148 3.998 -1.285 -0.877 0.474
8.111 12.580 28.682 6.757 15.437 -0.313 4.131 -1.398 -0.730 0.425
7.360 12.957 26.992 7.824 16.448 -0.691 5.498 -1.981 -1.571 1.089
7.878 12.415 27.657 8.437 15.651 -1.341 4.670 -1.027 -1.154 0.531
7.663 13.376 27.100 7.583 15.967 -1.410 4.627 -0.879 -1.076 0.430
7.855 12.770 27.408 8.301 15.876 -1.222 4.504 -0.965 -0.997 0.428
7.577 12.965 27.433 7.019 15.972 -0.292 4.561 -1.823 -1.041 0.743
7.719 12.807 27.464 7.592 15.606 -1.197 3.780 -0.885 -0.693 0.386
7.559 12.940 27.449 7.382 16.096 -1.439 4.888 -1.122 -1.226 0.667
7.593 12.650 27.421 7.995 15.832 -1.026 4.650 -1.343 -1.220 0.657
7.762 12.450 28.435 7.108 15.218 -0.768 3.858 -1.053 -0.862 0.503
7.487 12.576 27.386 7.757 15.357 -1.205 4.356 -1.180 -1.148 0.653
7.599 12.966 28.556 7.290 15.592 -0.571 4.119 -1.352 -0.853 0.546
8.157 12.774 27.414 7.258 16.153 -0.609 4.928 -1.349 -1.107 0.576
7.949 12.851 27.321 7.765 15.463 -1.151 4.006 -0.902 -0.828 0.406
7.553 12.708 27.019 6.579 15.561 -1.713 4.105 -0.627 -0.981 0.382
7.613 12.609 27.766 7.781 15.836 -1.121 4.903 -1.263 -1.191 0.608
7.815 12.711 27.158 8.207 15.814 -1.411 4.780 -1.026 -1.222 0.627
7.686 12.724 27.515 7.605 15.938 -0.816 4.400 -1.246 -0.910 0.513
7.592 13.186 26.590 8.147 15.744 -1.414 4.214 -1.090 -0.911 0.506
7.791 12.780 27.284 7.131 15.455 -1.088 4.072 -1.079 -0.943 0.478
7.647 12.462 27.775 7.441 15.925 -1.044 4.857 -0.993 -1.155 0.487
7.570 12.813 26.972 7.340 15.700 -1.253 4.177 -0.883 -0.826 0.351
7.985 12.692 27.968 7.877 15.596 -0.630 4.280 -1.198 -0.868 0.432
7.929 12.721 27.571 7.866 15.558 -1.334 4.474 -0.953 -1.164 0.578
7.688 12.803 27.612 7.403 15.707 -0.925 4.356 -1.279 -1.031 0.576
7.996 13.027 27.344 8.603 15.449 -1.730 4.248 -0.477 -1.052 0.308
7.746 12.800 27.479 8.274 15.737 -1.331 4.623 -0.733 -1.139 0.444
8.057 12.296 27.672 7.304 15.237 -0.924 3.976 -0.899 -0.997 0.445
7.844 12.469 27.856 8.086 15.814 -0.531 4.289 -1.405 -0.968 0.582
7.678 12.752 27.338 6.949 15.636 -1.162 4.566 -1.278 -1.095 0.599
7.781 12.688 27.245 8.243 15.713 -0.880 4.307 -1.169 -0.924 0.440
7.899 13.061 28.007 7.447 15.735 -0.499 4.381 -1.425 -0.967 0.629
7.833 12.821 27.453 8.509 15.581 -0.575 4.342 -1.352 -1.023 0.603
7.721 12.515 27.359 7.215 15.265 -1.382 4.001 -0.777 -0.832 0.367
7.855 12.770 27.408 8.301 15.876 -1.222 4.504 -0.965 -0.997 0.428
7.834 12.535 27.503 7.775 15.533 -0.929 4.350 -1.048 -1.033 0.474
8.086 12.619 27.581 6.685 15.341 -1.420 3.806 -0.452 -0.625 0.141
7.718 12.768 27.514 6.742 15.536 -1.316 4.244 -0.880 -0.923 0.403
8.073 12.984 28.185 8.083 15.528 -0.457 4.102 -1.527 -0.797 0.575
7.870 13.114 27.135 6.820 15.594 -1.505 4.119 -0.786 -0.868 0.359
7.891 13.016 27.903 7.282 15.867 -0.449 4.365 -1.548 -0.933 0.623
7.622 12.699 27.537 7.688 15.578 -0.566 3.966 -1.535 -0.769 0.630
7.590 12.761 27.944 6.731 15.823 -0.522 4.624 -1.775 -1.019 0.711
7.877 12.989 28.707 6.846 15.366 -0.158 3.693 -1.495 -0.441 0.324
7.592 13.186 26.590 8.147 15.744 -1.414 4.214 -1.090 -0.911 0.506
7.866 12.622 27.886 7.206 15.672 -0.884 3.993 -1.134 -0.629 0.370
8.057 12.296 27.672 7.304 15.237 -0.924 3.976 -0.899 -0.997 0.445
8.103 12.697 27.908 7.808 15.491 -1.027 4.417 -1.083 -1.166 0.636
7.678 12.764 27.268 6.351 15.611 -0.922 4.228 -1.221 -0.855 0.487
7.564 12.709 27.370 8.321 16.098 -1.124 5.346 -1.271 -1.427 0.681
7.912 12.722 27.736 8.575 15.778 -0.972 4.589 -1.432 -1.103 0.672
7.729 12.706 27.506 7.584 15.544 -1.035 4.131 -0.858 -0.885 0.336
7.687 12.681 27.219 6.970 15.506 -1.350 4.173 -0.959 -0.898 0.409
7.547 12.778 27.006 6.828 16.176 -1.178 4.832 -1.091 -1.111 0.554
7.956 13.394 27.817 6.244 15.446 -1.040 4.223 -1.216 -0.915 0.508
7.807 12.547 28.015 8.199 15.550 0.076 4.073 -1.806 -0.861 0.643
7.820 12.881 27.910 6.718 15.691 -0.907 4.703 -1.368 -1.047 0.576
7.587 13.144 28.154 7.629 15.771 -0.319 4.365 -1.541 -0.942 0.627
7.683 12.692 27.618 7.090 15.901 -0.490 4.667 -1.449 -1.091 0.579
7.873 12.450 26.362 7.517 15.944 -1.310 4.585 -0.833 -1.043 0.395
7.841 12.801 28.073 7.439 15.292 -1.035 4.058 -1.061 -0.900 0.471
7.761 12.589 28.034 7.262 16.053 -0.365 4.800 -1.526 -1.162 0.658
7.723 12.307 27.548 6.746 15.924 -0.629 4.778 -1.473 -1.116 0.644
7.989 13.369 28.143 7.852 15.579 -0.489 4.212 -1.326 -0.896 0.525
7.792 12.942 27.474 6.953 15.804 -0.696 4.227 -1.274 -0.886 0.506
7.613 12.609 27.766 7.781 15.836 -1.121 4.903 -1.263 -1.191 0.608
7.740 12.954 28.560 7.622 15.939 -0.045 4.926 -2.012 -1.304 0.879
7.702 12.283 27.850 6.796 15.972 -0.876 4.832 -1.176 -1.231 0.604
7.891 13.016 27.903 7.282 15.867 -0.449 4.365 -1.548 -0.933 0.623
7.960 12.993 27.765 7.513 15.815 -0.616 4.609 -1.397 -1.143 0.633
8.103 12.697 27.908 7.808 15.491 -1.027 4.417 -1.083 -1.166 0.636
7.713 12.632 27.857 7.503 15.644 -1.076 4.036 -1.051 -0.834 0.458
7.787 12.921 28.314 7.432 16.374 -0.088 5.166 -1.735 -1.185 0.740
8.029 12.978 27.948 6.497 15.608 -0.748 4.059 -1.003 -0.833 0.341
7.711 13.212 26.706 7.969 16.037 -1.363 5.149 -1.333 -1.207 0.592
7.924 12.723 28.715 7.625 15.373 -0.536 4.222 -1.248 -0.867 0.472
7.830 12.572 26.937 8.646 15.599 -0.792 4.143 -1.398 -0.867 0.553
7.726 12.518 27.996 8.282 15.745 -0.574 4.554 -1.598 -0.936 0.607
7.682 12.603 27.867 6.700 16.206 -0.670 5.353 -2.063 -1.140 0.868
7.544 13.392 27.751 7.254 15.790 -1.377 4.524 -0.875 -1.038 0.442
7.684 12.934 27.973 6.464 15.593 -1.041 4.506 -1.400 -0.918 0.585
7.678 12.650 27.650 7.738 15.686 -0.707 4.282 -1.197 -0.862 0.436
7.907 13.329 28.166 7.081 15.650 -0.613 4.055 -1.138 -0.914 0.516
7.972 12.528 28.105 7.802 15.650 -0.477 4.169 -1.192 -0.938 0.484
8.275 13.019 28.630 7.582 15.650 -0.778 4.526 -0.940 -1.276 0.590
7.762 13.304 27.006 8.986 15.744 -1.152 4.174 -0.801 -0.882 0.266
7.795 12.481 27.672 8.236 15.074 -1.636 3.520 -0.496 -0.710 0.232
7.590 12.774 28.312 6.316 15.517 -0.211 3.944 -1.683 -0.691 0.579
7.396 12.662 27.421 8.057 15.820 -1.222 4.753 -0.960 -1.181 0.506
7.746 12.800 27.479 8.274 15.737 -1.331 4.623 -0.733 -1.139 0.444
7.678 13.006 27.575 7.186 15.408 -1.006 3.849 -0.999 -0.727 0.372
7.561 12.395 27.462 7.192 15.326 -1.240 4.175 -0.917 -1.163 0.607
7.781 13.033 28.187 7.810 15.759 -0.448 4.552 -1.323 -0.957 0.471
7.622 12.922 27.345 6.375 15.427 -1.195 3.916 -0.909 -0.769 0.387
7.684 12.921 27.642 6.922 15.867 -0.521 4.421 -1.549 -0.897 0.607
7.913 12.989 27.747 6.375 15.343 -0.789 4.030 -1.002 -0.751 0.280
7.613 12.594 26.936 7.533 16.033 -0.922 4.970 -1.201 -1.350 0.666
7.853 12.701 27.976 7.421 15.590 -0.382 4.106 -1.391 -0.892 0.532
7.819 13.000 27.124 7.494 15.572 -1.193 4.065 -0.902 -0.967 0.427
7.911 13.233 26.769 8.399 16.258 -1.095 4.785 -0.912 -1.147 0.459
7.967 12.597 27.842 7.536 15.457 -0.796 4.201 -1.359 -0.928 0.538
7.934 12.491 27.766 6.127 15.531 -0.981 4.697 -1.237 -1.212 0.677
7.762 12.547 27.396 7.791 15.446 -0.588 4.219 -1.576 -1.000 0.643
7.748 12.715 27.198 7.838 15.517 -1.309 4.088 -0.818 -0.913 0.381
7.698 12.308 27.274 7.630 15.481 -0.910 4.186 -1.457 -0.891 0.604
7.729 12.937 27.177 7.993 15.946 -0.565 4.714 -1.665 -1.050 0.663
7.813 12.717 27.055 8.122 15.554 -1.296 4.042 -0.761 -0.933 0.383
7.807 12.691 27.333 7.888 15.245 -1.441 3.798 -0.692 -0.754 0.312
7.728 13.263 28.137 8.026 16.023 -0.592 5.139 -1.518 -1.439 0.712
7.614 12.680 26.142 8.164 15.906 -1.285 4.412 -0.954 -1.011 0.392
7.848 12.458 27.670 7.858 15.420 -0.922 4.380 -1.086 -1.153 0.536
7.622 12.603 27.913 7.333 15.558 -0.615 4.267 -1.199 -1.046 0.550
7.813 12.702 27.176 8.399 16.191 -0.887 4.691 -1.269 -0.922 0.491
7.685 12.684 27.525 7.238 15.481 -0.950 3.667 -1.090 -0.644 0.416
7.628 12.463 27.438 7.828 15.531 -0.823 4.418 -1.269 -1.096 0.617
8.096 12.447 27.930 7.478 15.730 -0.387 4.289 -1.520 -0.987 0.671
7.977 12.705 28.574 6.334 15.587 0.134 4.163 -1.905 -0.977 0.825
7.562 12.850 27.439 6.964 15.815 -0.651 4.827 -1.818 -1.097 0.755
8.099 13.026 28.350 7.425 15.631 -0.624 4.477 -1.168 -1.099 0.558
7.768 13.152 27.444 7.623 15.538 -0.989 3.993 -1.009 -0.723 0.354
7.767 12.503 28.034 6.658 15.699 -0.722 4.627 -1.376 -1.053 0.650
7.855 12.974 28.089 7.110 15.563 -0.451 4.088 -1.240 -0.710 0.430
7.329 12.639 25.684 8.698 16.300 -2.043 4.868 -0.821 -1.020 0.391
7.544 13.392 27.751 7.254 15.790 -1.377 4.524 -0.875 -1.038 0.442
7.709 12.887 26.867 8.281 15.728 -1.353 3.953 -0.800 -0.736 0.316
7.561 12.841 27.671 7.832 15.514 -0.703 4.172 -1.356 -1.061 0.653
7.582 13.328 27.492 7.760 16.010 -0.837 4.667 -1.538 -1.124 0.711
8.074 12.531 28.387 6.061 15.522 -0.605 3.968 -0.998 -0.831 0.445
7.396 12.662 27.421 8.057 15.820 -1.222 4.753 -0.960 -1.181 0.506
7.687 12.587 27.557 6.939 15.608 -0.860 4.084 -1.099 -0.746 0.409
7.891 13.016 27.903 7.282 15.867 -0.449 4.365 -1.548 -0.933 0.623
7.564 12.709 27.370 8.321 16.098 -1.124 5.346 -1.271 -1.427 0.681
7.977 12.865 27.413 7.583 15.895 -0.996 4.738 -1.204 -1.149 0.580
7.481 12.740 28.004 7.325 15.651 -0.799 4.062 -1.275 -0.947 0.543
7.647 12.369 27.434 7.498 15.662 -0.724 4.490 -1.355 -0.983 0.508
7.818 12.936 27.358 7.364 15.820 -1.092 4.542 -1.076 -0.983 0.435
7.828 13.285 27.883 6.581 15.495 -0.687 3.872 -1.184 -0.859 0.522
7.387 13.057 27.900 7.223 15.679 -1.137 4.101 -0.884 -0.708 0.314
7.652 13.215 27.727 7.708 16.032 -0.713 5.044 -1.647 -1.195 0.730
8.020 13.070 28.003 7.142 15.964 -0.904 4.701 -1.164 -1.156 0.623
7.595 12.730 27.826 6.870 15.433 -1.101 4.362 -0.829 -1.108 0.519
8.048 12.654 28.020 6.722 15.541 -0.371 4.085 -1.422 -0.812 0.529
7.949 12.851 27.321 7.765 15.463 -1.151 4.006 -0.902 -0.828 0.406
7.995 12.888 27.682 7.880 15.641 -0.386 4.081 -1.782 -0.938 0.776
7.887 12.596 27.934 8.076 15.784 -0.623 4.755 -1.472 -1.338 0.808
7.783 13.376 27.930 8.336 15.518 -0.561 3.994 -1.302 -0.804 0.454
7.795 12.481 27.672 8.236 15.074 -1.636 3.520 -0.496 -0.710 0.232
7.730 12.961 27.950 7.290 15.738 -0.509 4.160 -1.331 -0.926 0.567
7.684 12.921 27.642 6.922 15.867 -0.521 4.421 -1.549 -0.897 0.607
7.781 12.842 28.092 6.946 15.405 -0.605 3.857 -1.485 -0.707 0.505
7.641 13.035 27.507 7.869 15.852 -0.619 4.535 -1.442 -1.205 0.675
7.561 12.966 26.954 8.990 16.089 -1.464 5.014 -1.089 -1.336 0.590
8.008 12.649 27.911 6.586 15.390 -0.459 3.928 -1.513 -0.813 0.653
7.676 13.147 27.543 6.034 15.624 -1.608 4.339 -0.813 -0.842 0.341
8.051 12.953 28.082 7.233 15.236 -0.776 4.098 -1.155 -0.978 0.558
7.953 12.693 27.343 7.465 15.614 -1.474 4.164 -0.555 -0.908 0.348
7.719 12.807 27.464 7.592 15.606 -1.197 3.780 -0.885 -0.693 0.386
7.991 12.496 27.976 6.633 15.240 -1.097 3.650 -0.524 -0.691 0.194
8.106 12.821 28.334 7.993 15.454 -0.337 4.118 -1.283 -0.988 0.567
7.545 13.110 26.686 8.050 15.943 -1.406 4.663 -1.032 -1.167 0.516
7.795 12.844 28.014 7.225 15.457 -0.676 3.966 -1.125 -0.760 0.431
7.794 13.282 27.969 7.991 15.513 -0.389 4.021 -1.421 -0.819 0.550
7.770 12.396 28.267 7.882 15.595 -0.608 3.980 -1.442 -0.821 0.541
7.703 13.658 27.793 7.510 15.871 -0.893 4.274 -1.089 -0.839 0.453
7.731 13.253 27.616 8.643 15.784 -0.375 4.942 -1.998 -1.286 0.893
7.828 13.285 27.883 6.581 15.495 -0.687 3.872 -1.184 -0.859 0.522
7.894 12.618 27.746 7.996 15.101 -0.984 3.695 -1.283 -0.747 0.573
7.945 13.078 27.140 6.699 15.800 -1.460 4.559 -0.693 -1.130 0.451
8.061 12.874 27.611 7.340 15.798 -0.328 4.564 -1.520 -1.133 0.721
7.555 12.705 27.186 6.817 15.752 -1.236 4.561 -1.304 -0.982 0.505
7.973 12.385 27.746 8.072 15.603 -0.923 4.142 -1.005 -0.770 0.367
7.813 12.702 27.176 8.399 16.191 -0.887 4.691 -1.269 -0.922 0.491
7.787 12.921 28.314 7.432 16.374 -0.088 5.166 -1.735 -1.185 0.740
7.806 13.301 28.230 7.220 15.737 -1.024 4.435 -1.047 -0.969 0.493
7.628 12.973 27.602 7.790 16.053 -0.544 4.804 -1.439 -1.214 0.684
7.835 13.243 27.258 6.684 15.657 -1.273 4.349 -0.995 -0.942 0.385
7.855 12.908 27.610 8.627 15.711 -0.856 4.345 -1.159 -1.046 0.563
7.702 12.283 27.850 6.796 15.972 -0.876 4.832 -1.176 -1.231 0.604
7.723 12.307 27.548 6.746 15.924 -0.629 4.778 -1.473 -1.116 0.644
8.017 12.597 27.828 7.650 15.564 -0.799 3.808 -1.041 -0.815 0.445
7.698 12.760 27.438 7.023 15.502 -0.595 4.016 -1.398 -0.881 0.559
7.514 12.919 27.145 7.318 16.069 -0.789 4.609 -1.321 -0.967 0.504
7.873 12.450 26.362 7.517 15.944 -1.310 4.585 -0.833 -1.043 0.395
7.841 13.224 27.856 6.617 16.225 -0.293 4.994 -1.736 -1.169 0.707
7.760 12.925 26.915 6.566 15.938 -1.429 4.394 -0.777 -0.955 0.384
7.641 12.932 28.064 7.920 16.028 -0.458 4.937 -1.807 -1.173 0.827
7.871 12.874 27.895 7.591 15.688 -0.154 4.159 -1.506 -0.867 0.583
7.953 13.173 27.791 7.200 15.752 -0.494 4.301 -1.312 -1.075 0.618
7.387 13.057 27.900 7.223 15.679 -1.137 4.101 -0.884 -0.708 0.314
8.045 13.047 28.288 7.086 15.602 -0.467 4.231 -1.281 -0.810 0.469
7.718 12.768 27.514 6.742 15.536 -1.316 4.244 -0.880 -0.923 0.403
7.735 12.692 27.219 7.408 15.787 -0.877 4.477 -1.409 -1.021 0.596
7.916 12.847 28.018 6.876 15.730 -0.705 4.944 -1.601 -1.309 0.756
7.733 12.166 28.095 7.676 15.449 -0.804 4.324 -1.361 -0.954 0.610
7.786 12.880 26.694 7.720 15.709 -1.474 4.341 -0.786 -0.926 0.383
7.682 12.603 27.867 6.700 16.206 -0.670 5.353 -2.063 -1.140 0.868
7.718 12.654 27.802 7.676 15.785 -0.340 4.608 -1.623 -1.055 0.612
7.728 13.263 28.137 8.026 16.023 -0.592 5.139 -1.518 -1.439 0.712
7.538 12.590 27.620 6.383 15.611 -1.064 4.313 -1.041 -0.862 0.396
8.111 12.580 28.682 6.757 15.437 -0.313 4.131 -1.398 -0.730 0.425
7.773 12.922 28.063 7.738 15.229 -1.094 4.040 -0.776 -0.803 0.264
7.965 12.701 28.282 7.367 15.443 -0.746 4.257 -1.074 -0.913 0.423
8.151 12.815 27.200 7.759 15.560 -1.100 4.249 -0.898 -0.908 0.365
7.864 13.102 27.457 8.345 15.885 -0.648 4.604 -1.363 -1.067 0.609
7.691 13.048 27.249 6.500 15.460 -1.408 3.950 -0.785 -0.730 0.287
7.820 12.990 27.336 8.414 16.146 -0.649 4.800 -1.656 -1.119 0.790
7.911 13.233 26.769 8.399 16.258 -1.095 4.785 -0.912 -1.147 0.459
8.151 12.815 27.200 7.759 15.560 -1.100 4.249 -0.898 -0.908 0.365
7.911 13.233 26.769 8.399 16.258 -1.095 4.785 -0.912 -1.147 0.459
7.834 12.535 27.503 7.775 15.533 -0.929 4.350 -1.048 -1.033 0.474
8.077 12.640 28.185 7.409 15.212 -1.080 3.642 -0.758 -0.714 0.307
7.674 12.679 26.406 7.575 15.840 -1.323 4.546 -1.106 -0.976 0.486
7.800 13.099 28.241 7.727 15.728 -0.835 4.405 -1.189 -0.988 0.531
7.611 12.363 26.611 7.619 16.060 -1.018 4.776 -1.310 -1.228 0.691
7.684 12.814 27.732 8.074 15.813 -0.787 4.390 -1.219 -0.909 0.452
7.924 12.833 27.932 7.931 15.623 -0.677 4.313 -1.284 -0.921 0.496
7.684 12.903 27.669 7.808 15.526 -0.266 4.280 -1.579 -0.956 0.597
7.925 12.971 27.555 7.803 15.634 -0.522 4.621 -1.522 -1.072 0.632
7.791 13.028 27.182 7.326 15.247 -1.470 3.839 -0.765 -0.784 0.344
7.785 13.017 27.556 7.383 15.828 -1.056 4.552 -1.235 -1.067 0.556
7.741 12.946 27.904 7.958 15.862 -0.296 4.476 -1.683 -0.867 0.584
7.636 12.959 27.195 8.123 15.890 -0.772 4.735 -1.566 -1.155 0.689
7.956 13.394 27.817 6.244 15.446 -1.040 4.223 -1.216 -0.915 0.508
7.880 12.541 28.371 7.643 15.325 -0.596 4.077 -1.301 -0.903 0.565
7.980 12.900 27.189 7.977 15.895 -0.869 4.152 -1.007 -1.050 0.550
7.542 12.701 26.897 6.950 15.714 -1.214 4.522 -1.099 -1.226 0.604
7.402 12.682 26.979 8.398 16.010 -1.079 4.594 -1.336 -1.099 0.658
7.847 12.976 28.480 7.908 15.846 -0.429 4.560 -1.467 -1.047 0.666
8.153 12.524 27.926 6.764 15.340 -0.723 4.290 -1.165 -1.102 0.617
7.866 12.956 27.442 7.881 15.796 -0.582 4.882 -1.575 -1.192 0.679
7.895 12.991 27.223 7.998 15.833 -1.594 4.496 -0.562 -0.929 0.292
7.561 12.395 27.462 7.192 15.326 -1.240 4.175 -0.917 -1.163 0.607
8.099 13.026 28.350 7.425 15.631 -0.624 4.477 -1.168 -1.099 0.558
7.518 12.848 26.988 7.738 15.926 -1.512 4.814 -0.991 -1.227 0.541
8.003 12.751 27.466 7.132 15.836 -0.956 4.718 -0.885 -1.144 0.438
7.940 12.300 29.207 6.885 15.265 -0.538 3.464 -0.974 -0.671 0.324
7.592 12.793 27.930 6.917 15.743 -1.254 4.329 -0.962 -0.963 0.442
7.882 12.955 27.708 7.159 15.473 -0.749 3.983 -0.944 -0.727 0.303
7.718 12.654 27.802 7.676 15.785 -0.340 4.608 -1.623 -1.055 0.612
7.728 13.263 28.137 8.026 16.023 -0.592 5.139 -1.518 -1.439 0.712
7.777 12.977 27.750 9.059 15.777 -0.580 4.424 -1.210 -1.013 0.556
8.105 12.959 27.920 6.682 15.336 -0.920 3.731 -0.912 -0.724 0.402
7.601 12.946 27.511 7.169 15.357 -1.266 3.972 -0.842 -0.790 0.281
7.556 12.307 26.285 9.909 15.610 -1.377 3.967 -0.740 -0.703 0.276
7.374 12.724 26.760 8.370 16.058 -1.759 4.858 -1.053 -1.132 0.569
7.989 13.369 28.143 7.852 15.579 -0.489 4.212 -1.326 -0.896 0.525
7.559 12.940 27.449 7.382 16.096 -1.439 4.888 -1.122 -1.226 0.667
7.877 12.421 28.216 7.672 15.764 -0.096 4.343 -1.584 -1.067 0.685
7.916 12.893 27.836 6.244 16.089 -0.705 5.127 -1.603 -1.305 0.844
7.772 13.131 27.621 7.766 15.965 -1.134 4.910 -1.241 -1.031 0.465
8.138 12.763 28.263 7.263 15.862 -0.358 4.308 -1.163 -0.892 0.437
7.594 13.058 26.774 7.753 15.768 -1.505 4.672 -1.120 -1.219 0.680
7.487 12.576 27.386 7.757 15.357 -1.205 4.356 -1.180 -1.148 0.653
7.803 12.920 28.073 7.358 15.435 -0.597 3.985 -1.351 -0.945 0.634
7.808 13.258 27.235 7.366 15.760 -0.981 4.499 -0.892 -1.083 0.416
7.622 12.741 27.456 7.005 15.563 -0.969 4.398 -1.520 -0.917 0.643
7.622 12.922 27.345 6.375 15.427 -1.195 3.916 -0.909 -0.769 0.387
7.923 12.242 27.926 7.063 15.250 -0.581 3.824 -1.312 -0.775 0.479
8.017 12.597 27.828 7.650 15.564 -0.799 3.808 -1.041 -0.815 0.445
7.985 12.919 27.940 7.478 15.316 -1.092 3.682 -0.836 -0.693 0.327
7.761 13.209 26.289 8.354 15.646 -2.324 3.764 -0.105 -0.729 0.156
7.828 13.285 27.883 6.581 15.495 -0.687 3.872 -1.184 -0.859 0.522
7.870 13.114 27.135 6.820 15.594 -1.505 4.119 -0.786 -0.868 0.359
8.038 12.752 29.000 7.506 15.267 -0.838 4.078 -1.009 -1.161 0.612
7.873 13.073 27.816 7.903 15.543 -0.884 4.531 -1.278 -1.068 0.525
7.817 12.735 28.393 8.227 16.099 -0.350 4.756 -1.820 -0.966 0.718
8.003 12.751 27.466 7.132 15.836 -0.956 4.718 -0.885 -1.144 0.438
7.816 12.108 27.608 6.545 16.080 -0.878 5.309 -1.518 -1.412 0.738
8.057 12.296 27.672 7.304 15.237 -0.924 3.976 -0.899 -0.997 0.445
7.647 13.085 27.674 7.636 15.630 -0.886 4.356 -1.365 -0.990 0.619
7.772 12.508 27.595 7.224 15.582 -0.666 4.356 -1.563 -1.020 0.693
7.786 12.827 27.598 7.608 15.742 -0.579 4.227 -1.506 -0.855 0.622
7.860 12.738 27.740 7.215 15.582 -0.636 4.117 -1.226 -0.860 0.453
8.220 12.710 28.334 7.492 15.609 -0.684 4.692 -1.358 -1.301 0.718
7.750 12.300 28.246 7.124 15.925 -0.524 5.104 -1.742 -1.274 0.818
7.611 12.737 27.585 7.569 15.869 -1.049 4.856 -1.346 -1.299 0.692
8.111 12.462 27.928 8.483 15.567 -0.448 4.151 -1.548 -0.764 0.542
7.842 12.621 28.159 6.641 15.480 -0.885 4.345 -1.195 -1.070 0.575
8.015 13.216 28.253 7.658 15.667 -0.088 3.948 -1.506 -0.683 0.417
7.469 12.994 27.477 7.062 15.973 -1.318 4.395 -0.721 -0.958 0.311
7.767 13.393 27.613 7.892 15.780 -0.196 3.935 -1.571 -0.730 0.537
8.103 12.697 27.908 7.808 15.491 -1.027 4.417 -1.083 -1.166 0.636
7.519 12.464 27.364 6.657 15.857 -0.637 4.116 -1.354 -0.759 0.425
7.816 12.716 27.800 7.999 15.781 -0.386 4.442 -1.552 -0.937 0.629
7.856 12.585 28.589 7.978 16.038 0.369 5.366 -2.374 -1.468 1.103
7.590 12.433 28.067 7.600 15.607 -1.021 4.666 -1.268 -1.208 0.622
7.780 12.852 27.695 6.579 15.883 -0.861 4.822 -1.290 -1.114 0.572
7.403 12.431 27.148 7.707 15.624 -1.141 3.991 -0.943 -0.774 0.355
7.721 12.396 27.326 8.333 15.477 -1.347 4.259 -1.101 -0.937 0.538
7.794 12.802 27.662 7.091 15.173 -0.714 3.685 -1.390 -0.775 0.548
7.990 12.923 28.402 7.704 15.661 -0.191 3.882 -1.463 -0.618 0.478
7.767 13.393 27.613 7.892 15.780 -0.196 3.935 -1.571 -0.730 0.537
7.781 12.723 27.658 8.320 15.719 -0.624 4.423 -1.631 -1.065 0.752
8.026 12.760 28.062 6.216 15.778 -0.706 4.351 -1.115 -1.055 0.526
7.964 12.805 28.102 7.774 15.742 -0.401 4.445 -1.451 -1.060 0.606
7.850 12.560 27.159 8.540 15.809 -1.089 4.673 -0.971 -1.121 0.492
7.995 13.079 27.427 6.681 15.720 -1.084 4.568 -1.018 -1.065 0.566
7.815 12.651 28.052 7.003 15.571 -0.640 4.265 -1.428 -1.028 0.662
7.707 13.263 27.226 7.223 15.430 -1.318 3.887 -0.858 -0.802 0.384
7.762 12.598 26.957 7.595 15.842 -1.382 4.371 -0.616 -0.849 0.226
7.854 12.778 27.562 8.025 15.632 -0.894 3.944 -0.900 -0.696 0.317
7.990 12.923 28.402 7.704 15.661 -0.191 3.882 -1.463 -0.618 0.478
7.842 12.760 27.393 8.185 15.693 -0.568 4.415 -1.580 -1.089 0.720
7.960 12.836 27.009 7.960 15.758 -1.503 4.418 -0.702 -1.058 0.385
7.747 12.534 26.897 8.026 15.773 -1.638 4.535 -0.739 -0.955 0.337
7.652 12.325 27.119 8.327 15.689 -0.770 4.250 -1.295 -1.008 0.549
7.687 12.788 27.253 7.880 15.832 -0.487 4.029 -1.563 -0.788 0.578
7.739 12.880 28.111 7.086 15.884 -0.568 4.660 -1.278 -1.100 0.505
7.791 13.028 27.182 7.326 15.247 -1.470 3.839 -0.765 -0.784 0.344
7.733 12.166 28.095 7.676 15.449 -0.804 4.324 -1.361 -0.954 0.610
7.901 12.597 27.717 7.442 15.257 -0.719 3.749 -1.288 -0.789 0.498
7.866 12.936 28.294 7.170 15.561 -0.505 4.184 -1.517 -0.902 0.608
7.191 13.121 26.783 5.861 15.989 -0.980 4.645 -1.623 -1.025 0.717
7.885 12.737 27.892 7.124 15.859 -0.655 4.949 -1.840 -1.264 0.883
7.695 13.145 28.106 7.190 15.554 -0.547 4.270 -1.454 -1.016 0.589
7.690 12.917 26.958 7.480 15.786 -0.536 4.581 -1.625 -1.041 0.629
7.865 12.919 27.230 8.441 15.651 -1.033 4.139 -1.042 -0.815 0.400
7.829 12.903 27.702 7.439 15.725 -1.051 4.388 -1.041 -0.846 0.368
7.951 12.341 27.830 7.311 15.674 -0.720 4.637 -1.546 -1.063 0.722
7.700 12.616 27.388 7.368 15.695 -1.085 4.579 -1.318 -1.135 0.594
7.995 13.079 27.427 6.681 15.720 -1.084 4.568 -1.018 -1.065 0.566
7.840 12.597 27.565 7.086 15.669 -1.307 4.495 -0.881 -1.009 0.380
7.869 13.008 28.430 7.950 15.330 -0.436 3.942 -1.374 -0.862 0.579
7.653 12.742 27.145 8.607 15.609 -1.275 4.112 -1.011 -0.932 0.536
7.837 12.622 27.314 8.414 15.477 -0.938 3.866 -0.968 -0.741 0.403
7.682 12.436 28.083 7.238 15.570 -0.357 4.198 -1.577 -0.902 0.611
7.953 13.173 27.791 7.200 15.752 -0.494 4.301 -1.312 -1.075 0.618
7.676 13.147 27.543 6.034 15.624 -1.608 4.339 -0.813 -0.842 0.341
7.801 12.846 27.736 7.222 15.540 -0.879 3.955 -1.055 -0.674 0.371
7.584 13.040 28.057 8.505 16.029 -0.978 4.869 -1.085 -1.228 0.559
7.818 12.929 27.702 7.340 15.629 -0.905 4.353 -1.395 -0.966 0.631
7.587 12.975 27.450 8.436 16.110 -1.058 4.935 -1.444 -1.233 0.691
7.514 12.919 27.145 7.318 16.069 -0.789 4.609 -1.321 -0.967 0.504
7.693 12.697 28.104 6.953 15.725 -0.537 4.300 -1.440 -0.876 0.583
7.940 12.659 27.971 8.029 15.792 -0.291 4.559 -1.544 -1.052 0.589
8.205 12.929 28.243 7.226 15.300 -0.624 4.242 -1.241 -1.138 0.638
7.684 12.814 27.732 8.074 15.813 -0.787 4.390 -1.219 -0.909 0.452
7.863 12.624 28.380 7.554 15.809 -0.089 4.871 -1.934 -1.257 0.813
7.877 12.989 28.707 6.846 15.366 -0.158 3.693 -1.495 -0.441 0.324
7.912 12.572 28.234 8.994 15.798 -0.175 4.567 -1.674 -1.141 0.755
7.699 12.222 27.320 7.180 15.386 -1.459 3.810 -0.713 -0.696 0.278
7.683 12.409 27.907 7.432 15.644 -0.468 4.172 -1.363 -0.869 0.513
7.712 12.959 27.523 8.051 15.897 -0.643 4.503 -1.428 -1.023 0.585
8.077 12.184 28.137 6.942 15.910 -0.371 5.073 -1.665 -1.413 0.867
7.506 12.921 27.896 5.653 15.881 -0.962 5.070 -1.561 -1.446 0.899
8.115 12.143 28.307 7.354 15.152 -0.927 3.973 -1.070 -0.884 0.533
7.734 12.704 27.201 7.843 15.249 -1.427 3.646 -0.701 -0.802 0.352
7.839 12.999 27.232 7.577 15.801 -1.345 4.245 -0.814 -0.983 0.423
7.839 12.402 26.894 8.539 15.686 -1.437 4.476 -0.843 -1.027 0.434
7.549 13.067 26.713 7.158 15.592 -1.296 4.134 -0.836 -1.050 0.429
