7.734901 122.110572
8.073807 125.102778
7.590935 118.976365
7.878410 123.306859
7.720596 119.490781
7.867172 121.248714
7.818123 123.684984
7.764656 122.168789
7.802101 122.320794
7.586655 120.306977
7.795074 123.520355
8.029381 127.901351
7.812950 121.412769
7.809128 120.809842
7.819221 121.760017
7.925629 123.801208
7.686012 122.501571
8.096375 126.675453
7.718674 118.543151
7.641541 120.818841
7.601944 120.188848
8.077446 128.514817
7.906448 122.043629
8.110909 126.260981
7.653351 119.462174
7.594528 117.699497
7.620575 117.827295
7.842934 123.360996
7.748863 124.940855
7.800774 121.221908
7.762894 116.851087
7.613708 121.107426
7.924759 123.897762
7.647034 119.765062
7.822334 123.653522
7.923409 123.632539
7.708237 118.538915
7.684502 117.092014
7.599220 121.466140
7.953255 125.280935
8.114708 122.952078
7.999763 126.092937
7.794800 125.685148
7.205063 114.885140
7.872665 119.256119
7.758156 126.317508
8.067238 126.125210
7.938469 122.859386
8.060760 127.342801
7.780838 122.618852
7.723526 120.653748
7.953461 124.185924
7.525063 118.925479
7.684364 116.077637
7.805099 124.640457
8.071655 126.707827
7.779968 123.566536
7.770149 121.815953
7.680222 122.192265
8.087128 125.985048
7.771843 121.209144
7.614601 118.337637
7.815811 124.771118
7.988297 121.717145
7.686218 118.016008
7.610619 122.222746
7.895050 124.439236
7.957764 127.746442
7.682098 123.917478
7.923615 123.793452
7.917709 120.789870
7.683426 122.177520
7.684387 120.034815
7.422478 117.764338
8.126656 128.698621
7.549461 122.314740
7.719223 119.533943
7.749985 123.419559
7.368782 117.264619
7.491920 116.811004
7.888138 123.041686
7.780563 122.258898
7.940414 123.377320
8.082436 125.522381
7.995758 124.660430
7.546600 122.073938
7.858749 120.595219
7.566650 118.452022
7.831581 123.380521
7.699722 121.684813
8.194450 128.783224
7.869507 124.051519
7.950829 124.062816
7.762894 116.851087
7.764839 122.882102
7.640053 121.931804
7.898392 125.765957
7.791962 121.107621
7.724693 121.114827
8.220497 128.317659
7.871841 124.096128
7.782600 120.683229
7.531448 117.552540
7.832726 119.197644
7.682053 120.120538
7.774452 121.621911
7.918808 119.787290
7.726295 117.743884
7.995918 123.529413
7.852707 122.425504
7.559212 121.672970
7.734993 121.764417
8.322922 128.167933
7.888046 118.687915
7.694389 122.637613
7.705032 120.867143
7.535957 118.017519
7.773102 118.373678
7.931717 127.428143
7.794914 117.503138
7.718468 121.833456
7.783333 120.878773
8.130661 122.910551
7.774452 121.621911
7.359947 121.056041
7.610893 120.775253
7.698738 118.455008
8.110336 125.209194
8.102577 125.518612
7.733757 117.933896
8.047096 126.727512
8.083076 122.820986
7.780632 122.302354
7.762894 116.851087
7.773994 121.824295
7.470566 120.673072
7.926155 123.919438
7.849823 124.101341
7.912811 124.831272
7.758156 126.317508
7.475121 115.993873
7.910774 122.478073
7.690361 121.403152
7.585945 119.835233
7.995758 124.660430
7.759987 123.679351
7.720619 117.853607
8.074013 125.321704
7.929977 123.323798
7.615974 121.206304
7.664772 120.189447
7.738495 121.932835
8.082436 125.522381
7.739639 123.365666
7.791115 120.409562
7.923615 123.793452
7.888596 124.237217
8.208344 126.902684
7.480591 117.075664
7.727829 121.387651
7.671478 117.059052
7.536209 118.434105
7.553719 122.835413
7.825081 122.101534
8.114868 128.007409
7.837898 121.475266
7.986443 129.245377
8.072868 125.522032
7.684502 117.092014
7.883240 123.435062
7.972412 124.771121
7.401535 118.499251
7.813248 120.785105
8.029381 127.901351
7.847992 124.638485
7.957764 127.746442
7.692604 120.963311
7.652458 122.685420
7.690361 121.403152
7.888138 123.041686
7.511101 117.150074
7.781639 125.610119
7.805054 122.061683
7.614601 118.337637
7.825104 121.880890
7.559212 121.672970
7.871567 123.895155
7.823341 119.390078
7.205063 114.885140
7.906448 122.043629
7.835449 123.279761
7.742249 120.781975
7.524651 118.629628
7.654816 120.454739
7.809128 120.809842
8.208344 126.902684
7.818993 121.605239
7.876671 124.170856
7.802650 120.433433
8.285088 128.586317
7.702126 120.156591
7.553719 122.835413
7.571457 120.275158
7.873329 124.525661
7.974907 126.854446
7.904251 121.493064
7.764839 122.882102
7.651840 117.058772
7.680222 122.192265
7.590317 118.684637
7.917297 124.827877
7.877106 121.040623
7.731010 122.023202
7.960236 123.282559
8.047623 125.068863
7.520485 119.421290
7.865822 124.246775
7.586655 120.306977
7.734993 121.764417
7.750946 119.455527
7.684685 118.064821
7.894272 119.208863
7.470566 120.673072
7.505264 118.153175
7.733757 117.933896
7.730461 121.665529
8.064468 126.182516
8.067238 126.125210
7.815514 125.710292
7.642822 121.147935
7.862091 123.547871
7.967766 125.790436
7.576675 124.197332
7.683426 122.177520
8.150917 126.830014
7.921989 124.986210
7.966736 123.141020
7.786377 122.569464
7.641815 117.833958
7.619156 117.166603
7.601944 120.188848
7.782600 120.683229
7.793495 119.761062
7.838608 123.859870
7.738838 122.926343
7.581322 121.609992
7.814529 121.680493
7.880356 123.863524
7.518105 119.735588
7.553238 117.533524
7.825516 121.524694
7.797775 122.470378
8.206100 129.501915
8.102577 125.518612
7.997864 123.272990
7.806633 119.014762
7.955452 121.671736
7.947533 126.405654
7.984955 122.298353
7.586746 122.223138
7.956825 120.626677
7.888046 118.687915
8.159225 132.035899
7.886948 124.483873
8.114868 128.007409
8.153503 130.324399
7.681870 119.606091
7.793976 119.864226
8.080948 130.954117
7.698395 119.178818
7.979828 126.838540
8.081657 128.248052
7.520485 119.421290
7.780632 122.302354
7.702995 122.252396
7.840485 122.456296
7.609291 121.046007
8.127251 127.451188
7.782600 120.683229
7.699608 120.846670
7.821327 121.466960
7.680222 118.812269
8.271286 131.849480
7.890701 124.448812
7.494644 120.826670
7.583633 122.129997
7.710022 120.966116
7.652390 118.531211
7.480865 118.282583
7.475121 115.993873
7.705215 117.073108
7.706131 122.924539
7.746277 121.901502
7.731010 122.023202
8.006218 123.653888
7.922928 120.821369
7.682098 123.917478
7.677956 118.270319
7.813019 119.518725
7.851540 126.302032
7.760971 121.659280
7.865524 124.812740
7.929977 123.323798
7.802422 122.226488
7.762894 116.851087
8.138603 124.396919
8.051308 122.670136
7.835793 121.779184
7.688713 123.077550
7.805969 122.070272
8.016724 124.775185
8.005188 126.811264
7.772484 124.091051
7.995758 124.660430
7.781181 119.613182
7.822334 123.653522
8.006905 123.287934
8.092117 125.216140
7.772346 117.361403
7.520485 119.421290
7.705215 117.073108
8.165131 126.543927
7.703911 119.122131
8.182938 127.098424
8.029724 125.207687
7.544243 119.123567
7.794617 121.645025
7.839890 123.918458
7.898849 124.286851
7.844284 118.872538
7.855865 125.990692
7.815811 124.771118
8.084038 126.930571
7.764839 122.882102
7.686928 118.653650
7.749985 123.419559
7.906952 123.741408
7.958633 124.435646
7.829430 125.449891
7.535957 118.017519
7.899101 121.107376
7.963097 125.668298
8.073143 125.362684
7.702263 123.023450
7.872665 119.256119
7.684685 118.064821
7.829430 125.449891
7.544930 120.012323
7.748863 124.940855
8.059845 127.494865
7.652458 122.685420
8.006905 123.287934
7.865456 119.388956
7.918808 119.787290
7.764015 124.192645
7.592216 119.593380
7.827805 123.425958
7.892601 124.516357
7.913750 125.298243
7.680313 120.036062
7.911804 121.670948
7.851540 126.302032
7.566055 120.810809
7.615265 120.209755
8.138603 124.396919
8.385590 126.304646
7.827805 123.425958
7.861290 124.172063
7.541611 118.511040
7.682053 120.120538
8.010887 126.526118
7.771843 121.209144
7.943024 128.350524
7.631104 119.227649
7.941879 125.688029
7.894272 119.208863
7.641815 117.833958
7.563812 121.764743
7.994957 125.051305
7.961975 127.128452
7.877106 121.040623
7.815720 123.341734
7.688713 123.077550
7.800888 122.473141
7.729431 120.147616
7.868523 125.518642
8.039886 125.333748
7.628334 121.449334
7.786148 122.313648
7.808990 121.761416
7.787361 127.509941
7.834030 121.448458
7.538383 119.201643
7.912766 121.408921
7.664772 120.189447
7.916473 124.522906
7.711304 123.662988
7.410942 118.355047
7.684387 120.034815
7.790314 118.880260
7.825081 122.101534
7.794617 121.645025
7.854881 121.487245
8.064468 126.182516
7.959572 125.430051
7.457359 119.321470
7.930756 120.721896
7.815491 123.281573
7.719635 120.647983
7.883240 123.435062
7.823341 119.390078
7.703545 123.395651
7.524651 118.629628
7.548912 117.701412
7.687340 119.982325
7.730896 124.024806
7.699608 120.846670
7.868523 125.518642
7.561111 117.306556
7.544930 120.012323
7.880928 121.451357
7.698692 123.030410
7.561157 121.654355
7.765594 119.564992
7.798508 120.065703
7.880447 120.770328
7.760971 121.659280
8.194450 128.783224
7.963097 125.668298
8.073807 125.102778
7.571457 120.275158
7.945908 123.275930
7.683426 122.177520
7.559990 118.803782
7.681870 119.606091
7.703911 119.122131
7.627533 120.176735
7.556099 117.954072
7.500206 120.593301
7.771339 116.615300
7.900887 123.269801
7.995758 124.660430
7.815491 123.281573
8.232468 127.784998
7.805054 122.061683
7.615265 120.209755
7.748314 123.579989
7.694595 119.887042
7.738838 122.926343
7.522865 120.319135
8.285088 128.586317
7.783882 120.882957
7.972458 123.806343
7.806633 119.014762
7.931374 125.229974
7.786148 122.313648
7.536209 118.434105
8.014870 125.427603
7.830345 123.760233
7.869278 120.639574
7.753555 121.900703
7.619156 117.166603
7.970558 126.258163
7.494644 120.826670
7.599220 121.466140
8.290993 128.645613
7.727829 121.387651
7.849869 123.829674
7.814941 123.582570
7.695328 119.695944
8.017044 122.252256
7.621948 118.583414
8.096191 127.349637
7.680313 120.036062
7.929977 123.323798
7.409821 118.290635
7.768776 118.294665
7.712082 122.797561
7.544243 119.123567
8.114708 122.952078
7.899925 123.282362
7.930756 120.721896
7.897202 123.354875
7.791962 121.107621
7.684364 116.077637
7.730896 124.024806
7.596703 115.434901
7.761017 124.589000
7.965454 123.009132
7.678070 118.302339
7.793976 119.864226
7.881111 121.368061
8.082436 125.522381
7.815811 124.771118
7.660469 119.191955
7.808144 123.060158
7.561523 119.585103
7.641541 120.818841
7.621948 118.583414
7.929977 123.323798
7.866371 122.405463
7.758293 123.040878
8.274673 129.499028
7.939728 121.196945
7.920753 121.864655
7.688759 122.534897
7.794479 118.266317
7.673996 121.556549
7.984680 124.528009
7.841904 121.391859
7.897202 123.354875
7.950211 124.871135
7.980606 126.384341
7.760971 121.659280
7.712082 122.596928
7.802101 122.320794
7.730896 124.024806
7.483315 119.170909
8.322922 128.167933
7.538383 119.201643
7.191284 114.984619
7.898392 125.765957
7.769394 125.856104
7.957764 127.746442
7.191284 114.984619
8.127251 127.451188
7.956093 122.890716
7.925629 123.801208
7.585625 120.838048
7.800774 121.221908
8.168678 128.929698
8.105621 125.262559
7.967766 125.790436
7.816521 120.816350
8.029381 127.901351
7.721008 119.450709
7.651840 117.058772
7.641449 122.478487
8.105621 125.262559
7.684319 119.303890
7.955452 121.671736
8.014870 125.427603
7.559990 118.803782
7.989006 124.346184
7.792854 127.503655
7.919586 126.020662
7.537560 117.925500
7.933411 124.146313
7.636276 121.340031
7.423325 115.750281
7.699608 120.846670
7.847237 123.738488
7.663925 123.387481
7.963028 124.476350
7.647446 121.781968
7.882416 121.636874
7.409821 118.290635
7.709358 122.190569
7.697525 121.204625
7.500206 120.593301
7.761017 124.589000
8.031647 127.323693
8.025581 126.626812
7.815491 123.281573
7.972412 124.771121
8.220360 123.483031
7.621674 118.732326
8.182938 127.098424
7.873421 120.235348
8.130661 122.910551
7.577591 123.971154
7.719635 120.647983
7.939728 121.196945
8.035767 127.264397
8.006905 123.287934
7.959641 127.463689
7.725288 121.033877
7.799881 121.097231
7.847992 124.638485
7.851540 126.302032
7.818123 121.608728
7.995918 123.529413
8.064949 124.931511
7.720619 117.853607
7.943024 128.350524
7.840942 127.220268
7.760101 122.693514
7.815491 123.281573
8.098961 126.594618
7.962479 128.856835
7.686836 120.683853
7.956871 123.637647
7.911804 121.670948
7.911736 124.832650
7.698395 119.178818
7.869278 120.639574
7.926247 122.965606
7.851952 120.232493
7.553719 122.835413
7.541702 118.737931
7.723618 119.478604
7.688988 121.419796
7.641449 122.478487
7.582420 120.273937
7.808144 123.060158
7.799103 118.430492
7.684685 118.064821
7.814941 123.582570
7.819473 125.136302
7.699608 120.846670
7.511101 117.150074
7.982597 123.914171
7.205063 114.885140
7.621559 118.612944
7.780632 122.302354
8.228783 122.121167
7.638863 120.549828
7.839111 121.852548
7.558365 118.351419
7.710022 120.966116
7.977127 124.339899
7.553719 122.835413
7.760971 121.659280
7.684135 121.530746
7.945908 123.275930
7.539482 119.217214
8.096191 127.349637
7.786148 122.313648
7.653351 119.462174
7.960098 125.891135
7.598694 121.237286
7.865822 124.246775
7.561111 117.306556
7.712608 120.655951
7.558365 118.351419
7.613708 121.107426
7.776764 122.693629
7.947533 126.405654
7.609291 121.046007
8.016724 124.775185
7.677956 118.270319
8.111206 125.213716
7.809128 120.809842
7.865822 124.246775
7.882393 123.278807
7.829430 125.449891
7.370201 116.224208
7.821259 122.788912
7.915535 127.136597
7.783333 120.878773
8.111206 125.213716
7.359947 121.056041
7.878410 123.306859
7.662895 122.356035
7.855156 124.707181
7.577339 121.025792
7.719131 120.465137
7.559212 121.672970
7.592789 120.206492
7.761681 118.115414
7.486748 114.974963
7.598808 118.481402
8.156548 131.752948
7.949089 122.918683
7.553238 117.533524
7.612839 120.558656
7.814941 123.582570
7.686012 122.501571
7.591553 119.519204
7.791115 120.409562
7.647446 121.781968
7.569717 118.848329
7.984680 124.528009
7.929359 123.364684
7.687866 120.753660
7.995918 123.529413
7.746277 121.901502
8.057167 122.764450
7.844261 124.046437
7.678391 120.060115
7.780563 122.258898
7.898849 124.286851
7.832794 122.041960
7.720619 117.853607
7.855156 124.707181
7.834488 121.694838
8.085640 124.039136
7.717941 119.904416
8.073143 125.362684
7.869942 122.727599
7.890656 125.198530
7.621674 118.732326
7.589813 120.090849
7.877106 121.040623
7.591553 119.519204
7.865707 123.270657
8.057167 122.764450
8.102577 125.518612
7.677567 119.853437
7.563812 121.764743
7.911736 124.832650
7.729431 120.147616
7.687111 119.199113
7.546600 122.073938
7.956093 122.890716
7.806839 121.399003
7.820091 122.701271
7.587456 119.657977
7.683426 122.177520
7.873077 125.529245
7.841377 119.909077
7.761017 124.589000
7.723480 122.987285
7.989258 124.467121
7.791710 123.138505
7.612839 120.558656
7.739639 123.365666
7.702263 123.023450
7.890656 125.198530
7.960098 125.891135
8.102577 125.518612
7.712608 120.655951
7.787361 127.509941
8.028923 125.315669
7.711304 123.662988
7.923981 121.813472
7.830437 122.148293
7.725815 121.641467
7.681572 124.486751
7.544243 119.123567
7.684273 119.822569
7.678185 120.442857
7.906952 123.741408
7.972412 124.771121
8.274673 129.499028
7.761703 122.202395
7.794914 117.503138
7.590363 117.781200
7.395630 117.001737
7.746277 121.901502
7.678070 118.302339
7.560997 115.882935
7.780838 122.618852
7.621605 117.576823
7.684410 121.925346
7.912766 121.408921
7.612999 122.057010
7.852707 122.425504
7.819221 121.760017
7.911278 128.621399
7.966736 123.141020
7.934349 123.230052
7.761887 119.886825
7.747902 120.222990
7.698395 119.178818
7.729248 123.251387
7.812630 121.520261
7.806633 119.014762
7.727829 123.820867
7.613708 121.107426
7.848381 121.020083
7.621948 118.583414
7.813248 126.503639
7.685440 118.978553
7.627853 118.465880
8.096191 127.349637
7.977127 124.339899
7.561523 119.585103
8.098961 126.594618
7.768158 120.703372
7.767059 121.932501
7.854927 122.242876
7.329071 119.465725
7.544243 119.123567
7.709496 121.252808
7.561111 117.306556
7.581825 121.385843
8.074013 125.321704
7.395630 117.001737
7.687340 119.982325
7.890656 125.198530
7.563812 121.764743
7.976830 126.791028
7.480591 117.075664
7.647034 119.765062
7.818123 123.684984
7.827942 121.293827
7.387321 115.822642
7.652458 122.685420
8.020020 128.032845
7.594849 117.212930
8.047623 125.068863
7.949089 122.918683
7.994957 125.051305
7.886948 124.483873
7.783173 120.779440
7.794914 117.503138
7.730461 121.665529
7.684410 121.925346
7.780586 119.863094
7.641289 121.132562
7.561157 121.654355
8.008232 123.247856
7.676102 119.930236
8.051308 122.670136
7.953461 124.185924
7.719131 120.465137
7.990700 121.775522
8.105621 125.262559
7.544815 120.284180
7.795395 120.496393
7.793655 120.899341
7.770241 121.173809
7.702995 122.252396
7.731010 122.023202
7.827942 121.293827
7.894272 119.208863
7.945244 125.531147
8.060760 127.342801
7.555023 119.003007
7.973099 124.407480
7.813248 126.503639
7.787361 127.509941
7.806015 122.843940
7.627670 122.445166
7.835289 122.678887
7.854584 123.402687
7.702263 123.023450
7.723480 122.987285
8.016724 124.775185
7.698120 119.338213
7.513550 120.734845
7.873077 125.529245
7.840942 127.220268
7.759987 123.679351
7.641449 122.478487
7.870720 123.477091
7.953255 125.280935
7.387321 115.822642
8.045357 125.522083
7.717941 119.904416
7.734901 122.110572
7.916473 124.522906
7.732681 119.461760
7.786148 122.313648
7.681572 124.486751
7.718468 121.833456
7.727829 123.820867
7.537605 117.672906
8.111206 125.213716
7.773102 118.373678
7.965454 123.009132
8.150917 126.830014
7.863556 124.911249
7.690590 118.894780
7.819954 126.261404
7.911278 128.621399
8.150917 126.830014
7.911278 128.621399
7.834488 121.694838
8.076782 122.866051
7.673996 121.556549
7.800385 122.687070
7.610619 122.222746
7.683769 121.504828
7.923615 123.793452
7.684319 119.303890
7.924759 123.897762
7.791252 118.793639
7.785393 123.229755
7.740669 122.784078
7.636276 121.340031
7.956093 122.890716
7.880447 120.770328
7.979828 126.838540
7.541611 118.511040
7.401535 118.499251
7.846619 124.340930
8.153343 125.070470
7.865822 124.246775
7.894524 124.995777
7.560997 115.882935
8.098961 126.594618
7.518105 119.735588
8.003174 126.741917
7.939728 121.196945
7.591805 119.515331
7.881683 121.956377
7.718468 121.833456
7.727829 123.820867
7.776764 122.693629
8.105186 124.303333
7.600868 116.728765
7.556099 117.954072
7.373703 118.408808
7.989258 124.467121
7.559212 121.672970
7.876671 124.170856
7.916290 127.363540
7.772484 124.091051
8.138329 129.087769
7.594208 119.746052
7.486748 114.974963
7.802650 120.433433
7.808144 123.060158
7.621559 118.612944
7.621605 117.576823
7.922928 120.821369
8.016724 124.775185
7.984955 122.298353
7.760834 121.422798
7.827942 121.293827
7.869942 122.727599
8.038399 122.723114
7.873352 122.375237
7.817047 125.847784
8.003174 126.741917
7.815857 125.677872
8.057167 122.764450
7.646805 119.516090
7.771523 121.092273
7.786377 122.569464
7.859550 122.469925
8.220497 128.317659
7.749985 123.419559
7.610893 120.775253
8.110909 126.260981
7.841904 121.391859
8.015144 125.572127
7.468803 119.298786
7.767380 122.565857
8.102577 125.518612
7.519272 119.233892
7.815720 123.341734
7.855865 125.990692
7.590065 118.456558
7.779968 123.566536
7.403320 115.666994
7.720596 119.490781
7.794479 118.266317
7.989899 125.128655
7.767380 122.565857
7.780632 122.302354
8.025581 126.626812
7.964058 125.371555
7.849823 124.101341
7.995255 125.689393
7.814529 121.680493
7.707092 118.920917
7.761978 122.962047
7.854240 122.780044
7.989899 125.128655
7.842178 123.069286
7.959572 125.430051
7.747101 122.198477
7.652161 120.051129
7.686653 121.696198
7.738838 122.926343
7.791252 118.793639
7.732681 119.461760
7.901413 120.554592
7.866371 122.405463
7.191284 114.984619
7.884842 125.041775
7.695328 119.695944
7.690361 121.403152
7.864632 123.090542
7.829430 123.119079
7.950508 124.618226
7.699608 120.846670
7.995255 125.689393
7.840393 122.850573
7.869278 120.639574
7.653351 119.462174
7.836823 121.291748
7.681870 119.606091
7.953255 125.280935
7.676102 119.930236
7.800774 121.221908
7.584480 121.569797
7.818146 122.187095
7.586746 122.223138
7.513550 120.734845
7.692604 120.963311
7.939659 125.386958
8.205276 125.543357
7.683769 121.504828
7.862846 124.302682
7.877106 121.040623
7.912239 124.996706
7.698738 118.455008
7.683426 120.202148
7.712082 122.596928
8.077446 128.514817
7.505608 119.196771
8.114708 122.952078
7.733757 117.933896
7.838608 123.859870
7.838768 122.956111
7.548912 117.701412
