2.000000 102.380975 111.603996 93.157954
2.100000 106.423331 114.971705 97.874957
2.200000 110.532251 118.464615 102.599887
2.300000 114.688261 122.056808 107.319714
2.400000 118.873110 125.724097 112.022122
2.500000 123.069732 129.444021 116.695442
2.600000 127.262206 133.195832 121.328581
2.700000 131.435724 136.960486 125.910961
2.800000 135.576547 140.720615 130.432478
2.900000 139.671973 144.460500 134.883446
3.000000 143.710302 148.166040 139.254564
3.100000 147.680799 151.824718 143.536880
3.200000 151.573658 155.425573 147.721744
3.300000 155.379972 158.959169 151.800775
3.400000 159.091694 162.417575 155.765814
3.500000 162.701609 165.794340 159.608878
3.600000 166.203297 169.084460 163.322134
3.700000 169.591105 172.284306 166.897904
3.800000 172.860111 175.391492 170.328731
3.900000 176.006097 178.404624 173.607570
4.000000 179.025516 181.322913 176.728119
4.100000 181.915462 184.145648 179.685276
4.200000 184.673643 186.871636 182.475650
4.300000 187.298348 189.498780 185.097917
4.400000 189.788422 192.023958 187.552887
4.500000 192.143237 194.443261 189.843213
4.600000 194.362663 196.752461 191.972865
4.700000 196.447044 198.947517 193.946570
4.800000 198.397168 201.024980 195.769356
4.900000 200.214247 202.982225 197.446268
5.000000 201.899883 204.817534 198.982232
5.100000 203.456052 206.530084 200.382020
5.200000 204.885074 208.119875 201.650272
5.300000 206.189591 209.587641 202.791540
5.400000 207.372544 210.934760 203.810327
5.500000 208.437150 212.163166 204.711134
5.600000 209.386881 213.275272 205.498490
5.700000 210.225438 214.273906 206.176971
5.800000 210.956737 215.162256 206.751218
5.900000 211.584882 215.943818 207.225945
6.000000 212.114146 216.622355 207.605937
6.100000 212.548955 217.201859 207.896050
6.200000 212.893865 217.686521 208.101208
6.300000 213.153546 218.080699 208.226392
6.400000 213.332762 218.388892 208.276632
6.500000 213.436355 218.615714 208.256996
6.600000 213.469227 218.765877 208.172577
6.700000 213.436323 218.844163 208.028483
6.800000 213.342618 218.855413 207.829823
6.900000 213.193098 218.804501 207.581694
7.000000 212.992746 218.696325 207.289168
7.100000 212.746531 218.535784 206.957278
7.200000 212.459388 218.327768 206.591007
7.300000 212.136209 218.077144 206.195273
7.400000 211.781830 217.788739 205.774921
7.500000 211.401018 217.467332 205.334703
7.600000 210.998456 217.117638 204.879275
7.700000 210.578740 216.744299 204.413181
7.800000 210.146358 216.351875 203.940840
7.900000 209.705686 215.944830 203.466543
8.000000 209.260980 215.527525 202.994435
8.100000 208.816361 215.104209 202.528512
8.200000 208.375808 214.679008 202.072608
8.300000 207.943155 214.255920 201.630390
8.400000 207.522077 213.838806 201.205348
8.500000 207.116085 213.431381 200.800789
8.600000 206.728520 213.037209 200.419831
8.700000 206.362549 212.659698 200.065400
8.800000 206.021153 212.302089 199.740217
8.900000 205.707130 211.967456 199.446804
9.000000 205.423084 211.658694 199.187474
9.100000 205.171426 211.378522 198.964329
9.200000 204.954365 211.129472 198.779258
9.300000 204.773911 210.913885 198.633937
9.400000 204.631869 210.733911 198.529827
9.500000 204.529838 210.591504 198.468173
9.600000 204.469210 210.488416 198.450004
9.700000 204.451167 210.426197 198.476137
9.800000 204.476684 210.406194 198.547174
9.900000 204.546528 210.429548 198.663507
10.000000 204.661256 210.497192 198.825321
10.100000 204.821222 210.609852 199.032592
10.200000 205.026571 210.768049 199.285094
10.300000 205.277250 210.972097 199.582404
10.400000 205.573004 211.222108 199.923899
10.500000 205.913380 211.517995 200.308765
10.600000 206.297736 211.859475 200.735998
10.700000 206.725240 212.246074 201.204406
10.800000 207.194877 212.677135 201.712619
10.900000 207.705454 213.151826 202.259083
11.000000 208.255607 213.669144 202.842069
11.100000 208.843804 214.227932 203.459676
11.200000 209.468358 214.826882 204.109834
11.300000 210.127428 215.464551 204.790304
11.400000 210.819031 216.139373 205.498689
11.500000 211.541050 216.849668 206.232432
11.600000 212.291243 217.593659 206.988827
11.700000 213.067249 218.369478 207.765020
11.800000 213.866606 219.175186 208.558026
11.900000 214.686752 220.008774 209.364729
12.000000 215.525043 220.868183 210.181904
12.100000 216.378765 221.751303 211.006226
12.200000 217.245139 222.655986 211.834292
12.300000 218.121342 223.580048 212.662636
12.400000 219.004515 224.521272 213.487758
12.500000 219.891779 225.477414 214.306144
12.600000 220.780248 226.446200 215.114296
12.700000 221.667046 227.425332 215.908760
12.800000 222.549318 228.412483 216.686153
12.900000 223.424252 229.405308 217.443195
13.000000 224.289089 230.401442 218.176735
13.100000 225.141143 231.398511 218.883775
13.200000 225.977820 232.394141 219.561499
13.300000 226.796633 233.385974 220.207292
13.400000 227.595220 234.371682 220.818758
13.500000 228.371367 235.348995 221.393738
13.600000 229.123022 236.315723 221.930322
13.700000 229.848321 237.269787 222.426855
13.800000 230.545603 238.209255 222.881950
13.900000 231.213434 239.132377 223.294490
14.000000 231.850627 240.037629 223.663625
14.100000 232.456267 240.923760 223.988775
14.200000 233.029731 241.789840 224.269622
14.300000 233.570710 242.635317 224.506103
14.400000 234.079236 243.460077 224.698394
14.500000 234.555704 244.264509 224.846898
14.600000 235.000896 245.049577 224.952216
14.700000 235.416010 245.816898 225.015123
14.800000 235.802681 246.568829 225.036533
14.900000 236.163010 247.308558 225.017462
