8.170240 -404.327638
8.119970 -421.550497
9.419985 -358.738958
10.562276 -2039.516013
12.140181 -614.321412
11.011610 -1290.361368
10.846975 -1153.385356
8.035582 -623.358686
8.461607 -847.497001
9.528493 -1053.069129
11.142708 -503.592506
10.906033 4921.900888
9.087302 -475.697133
7.857113 -255.359749
7.935085 -320.607257
7.966579 -306.714455
7.621178 -255.143376
7.206360 -213.095645
7.389222 -330.340555
7.418666 -270.840397
7.133163 -265.516568
7.092419 -326.096175
6.956935 -240.517230
6.521169 -394.550720
6.427022 -241.436178
6.566210 -297.761847
8.884335 -417.123541
6.437879 -530.667409
6.615577 -273.762225
5.239501 -174.676022
7.574499 -484.581232
6.371787 -235.606703
5.548207 -214.553509
8.692404 -430.679476
7.587277 -269.698385
3.553724 -534.675442
5.575688 -422.988043
6.030643 6717.705749
6.071986 -349.467900
5.975863 -197.881526
2.166082 -169.517461
5.427622 -244.274102
7.351149 -244.301826
6.151016 -228.648586
1.195521 598.227243
3.342253 -2126.834328
6.838505 -195.587821
6.382372 -170.384351
6.366144 -251.690998
7.234045 -189.237460
7.437026 -192.313448
7.191230 -166.397705
1.246691 -23589.801205
1.285919 34065.333323
6.668305 -162.320388
7.008766 -179.245852
7.993327 -227.755092
6.988274 -187.003387
8.955534 -292.168297
6.988355 -165.593867
5.755335 -255.345913
1.680309 -224.526088
8.806866 -230.044387
8.747751 -241.069532
8.901485 -237.785686
3.563648 299.728235
4.551135 -116.135461
6.135390 -204.441539
6.547698 -132.778873
5.769310 -99.382332
3.944224 -121.375729
3.816514 -161.823928
3.840783 236.751318
4.721290 -128.418561
6.123069 -227.517542
6.359460 -140.097626
7.567529 -243.273774
10.905174 -478.039124
7.786731 -331.019153
10.074889 -283.860385
8.548906 -300.447206
9.014439 1683.353716
8.692263 -595.685365
8.965133 -1106.043608
6.982015 -221.695781
6.476020 -204.281235
4.934371 -484.513232
6.048750 -1506.772079
7.364872 -177.803810
7.623884 -181.988031
3.381655 -90.505825
7.641261 -162.984228
6.506643 -103.650033
6.627982 -108.764269
7.712923 -202.705345
8.646949 -322.536876
8.146309 -222.242869
3.614089 -231.480339
4.407326 -87.313944
