2.000000 35817824.928769
2.100000 35535170.450052
2.200000 35256749.566885
2.300000 34982643.810903
2.400000 34714673.612908
2.500000 34453367.915345
2.600000 34192817.262675
2.700000 33944946.555443
2.800000 33703802.700692
2.900000 33460795.337020
3.000000 33230365.349822
3.100000 33013087.538506
3.200000 32812251.291756
3.300000 32630016.206900
3.400000 32448253.718592
3.500000 32279258.359594
3.600000 32119210.777462
3.700000 31969648.870429
3.800000 31828205.671886
3.900000 31697814.228049
4.000000 31586134.293433
4.100000 31469697.383373
4.200000 31368220.753247
4.300000 31271415.092370
4.400000 31181869.453413
4.500000 31098087.467343
4.600000 31021159.456904
4.700000 30950596.539908
4.800000 30884441.860010
4.900000 30824146.463847
5.000000 30771619.159175
5.100000 30722968.559448
5.200000 30677905.989329
5.300000 30636096.127556
5.400000 30597403.235530
5.500000 30561368.163115
5.600000 30528603.255958
5.700000 30501248.325160
5.800000 30476613.031689
5.900000 30454473.782503
6.000000 30433951.713917
6.100000 30414664.086114
6.200000 30399010.686782
6.300000 30383856.574048
6.400000 30367274.510455
6.500000 30354632.888819
6.600000 30347443.079917
6.700000 30340273.056572
6.800000 30328704.864150
6.900000 30318245.677840
7.000000 30317212.788652
7.100000 30314540.370200
7.200000 30310144.703470
7.300000 30308354.786145
7.400000 30305599.844458
7.500000 30303359.884778
7.600000 30303050.965632
7.700000 30305432.823530
7.800000 30302731.200971
7.900000 30303914.430155
8.000000 30306340.822904
8.100000 30309396.826999
8.200000 30312752.869959
8.300000 30316192.910776
8.400000 30319582.156781
8.500000 30322863.387960
8.600000 30326085.522860
8.700000 30329448.941552
8.800000 30333287.516291
8.900000 30337891.432973
9.000000 30343133.220813
9.100000 30347818.571258
9.200000 30350704.384590
9.300000 30354611.403570
9.400000 30359249.444930
9.500000 30364255.560272
9.600000 30369565.720444
9.700000 30375140.049187
9.800000 30380929.665558
9.900000 30386886.521831
10.000000 30392970.921639
10.100000 30399152.779576
10.200000 30405409.934664
10.300000 30411725.936774
10.400000 30418088.222988
10.500000 30424486.834813
10.600000 30430913.576517
10.700000 30437361.479133
10.800000 30443824.461776
10.900000 30450297.116224
11.000000 30456774.567501
11.100000 30463252.381180
11.200000 30469726.499587
11.300000 30476193.196017
11.400000 30482649.040388
11.500000 30489090.872259
11.600000 30495515.778736
11.700000 30501921.075716
11.800000 30508304.291492
11.900000 30514663.152103
12.000000 30520995.568028
12.100000 30527299.621961
12.200000 30533573.557493
12.300000 30539815.768579
12.400000 30546024.789694
12.500000 30552199.286628
12.600000 30558338.047847
12.700000 30564439.976397
12.800000 30570504.082310
12.900000 30576529.475467
13.000000 30582515.358918
13.100000 30588461.022601
13.200000 30594365.837461
13.300000 30600229.249930
13.400000 30606050.776760
13.500000 30611830.000176
13.600000 30617566.563337
13.700000 30623260.166086
13.800000 30628910.560977
13.900000 30634517.549541
14.000000 30640080.978812
14.100000 30645600.738060
14.200000 30651076.755742
14.300000 30656508.996657
14.400000 30661897.459270
14.500000 30667242.173226
14.600000 30672543.197019
14.700000 30677800.615809
14.800000 30683014.539394
14.900000 30688185.100301
15.000000 30693312.452013
