-0.2400703 0.4206414 0.0987468
-2.3576682 4.3175161 0.0308566
-0.7851299 1.3945500 0.1492740
-0.2362797 0.4447449 -0.5006349
-0.2787360 0.5141479 -0.5940648
-0.8382213 1.4016235 -0.3583782
-0.0686469 0.1139909 -0.4836844
-0.9239355 1.2437280 -0.1091356
-0.5842391 0.5778227 -0.8179828
-1.5498333 1.3366367 -0.4444137
-0.7739324 0.4960056 -0.3361479
-0.2735553 -0.1011755 -0.5159663
-0.4904991 0.3808433 -0.0411734
-1.2292326 0.8100271 -0.2343766
-2.1276747 1.4419475 -0.1953596
-0.4430826 0.2964458 -0.0403333
-3.4626079 -1.1707584 -3.5675369
-4.1768212 1.4861097 -0.9500237
-0.7931017 0.2897728 -0.1694293
-1.4213970 1.1879684 0.3941465
-0.7706553 0.4628312 0.0610788
-0.5183807 0.1433990 -0.0842531
-0.5449203 0.1984087 -0.0407665
-1.3428125 0.0151811 -0.2937126
-3.2217188 0.6264710 -0.0455592
-3.1236135 0.3633298 -0.0079467
-2.3549050 -0.5391504 -0.5268580
-2.7832314 -0.7136889 -0.5598319
-4.4943949 1.1223005 0.5760837
-2.9814306 1.2223244 0.7212483
-2.4839895 0.8970891 0.5282588
-1.6288654 -0.3557520 -0.1377787
-2.6341677 -1.2513704 -0.2173785
-2.8092166 -0.0171538 0.4501215
-3.5554967 -1.1716410 0.0059996
-0.5420423 -0.2779193 -0.0189667
-3.9684654 -0.6944258 0.5064964
-0.5025607 0.1366662 0.1759444
-3.3374379 -1.2059086 0.2889814
-0.9777782 -0.7320791 -0.0616973
-1.3580363 -2.0051452 -0.5081120
-1.5858198 -0.1803251 0.3584822
-3.6112041 -1.0004659 0.5661060
-0.3685501 -0.3792742 -0.0470983
-0.4633535 -0.2680264 0.0435580
-3.0514509 -1.7111090 0.4140039
-2.2321060 -1.6362721 0.1577596
-1.7335529 -1.0012842 0.2521770
-0.4527445 -0.1976930 0.1032195
-1.6101342 -0.5373856 0.5595926
-2.8421405 -3.2045837 0.3024205
-2.0924157 -0.0706456 1.0763883
-0.9720061 -0.2258187 0.4770233
-2.0844820 0.6034080 1.3709005
-0.5287463 0.1699747 0.4620784
-0.5656933 -0.0691144 0.5014907
-0.1991715 -0.3658319 0.4317253
-0.9053770 -0.0995285 1.4426246
-1.5185077 0.2652541 2.7419807
-0.0791837 -0.2468448 0.4384247
-0.5927144 -0.5583829 2.1533879
-1.4769482 0.7789275 3.1556616
-0.1017223 -0.5139736 0.8971278
-0.1200926 -0.0755194 0.5571933
-0.3157350 0.2028514 1.0211116
-0.0718725 -0.2079341 1.0209486
0.0673899 -0.2970248 0.5323123
0.1680197 -0.4293916 0.8145222
-0.6036069 0.8236360 2.8598766
-0.0646490 0.2011988 0.5308368
1.1456953 -0.8771140 2.4656067
-0.0912465 0.2949315 0.5345432
-0.0066739 0.2442399 0.5614128
0.4754933 0.4772519 2.1690366
0.0078846 0.2648238 0.5717776
0.0354273 0.2537948 0.6053548
-0.0217317 0.2787242 0.4752165
0.0219756 0.4015977 0.6675349
-0.0103504 0.2845083 0.4203682
0.0326789 0.2869331 0.4667967
0.1970843 0.3484167 0.6659125
-0.2153248 0.3683070 0.2467499
0.2168511 0.3809660 0.6253979
0.3264885 0.3522050 0.6480929
0.1030457 0.3369277 0.4355144
0.1337607 0.5290950 0.5594201
0.1203314 0.4268296 0.4403393
2.2379556 0.0961142 0.9850389
0.2978415 0.2882483 0.3608432
0.2391108 0.5513205 0.5532715
0.2904123 0.5369351 0.5186831
0.2320687 0.6230399 0.5704266
2.1669314 0.0291710 0.5368521
0.5411380 0.8708805 0.7104600
0.3190695 0.3163549 0.2677794
0.2808912 0.3273093 0.2654776
1.3500599 0.0614550 0.1318712
0.8725533 0.0490243 0.0861796
1.8519754 0.0513589 0.0407561
1.7483620 0.1355682 0.0783514
1.0461561 0.0758007 0.0390948
4.8289353 1.8710497 0.5047267
1.8791564 2.1954033 0.6872103
1.9524441 0.8126544 -0.0101950
1.9668673 0.1652150 -0.3714055
2.5148656 1.5007570 0.0580522
1.3404361 1.0299650 0.1205977
0.1930114 0.5515586 0.1880266
0.2321303 0.7336214 0.2537067
3.9799478 1.9754106 -0.2721241
0.6059940 1.7083805 0.5423522
0.7295059 2.6112332 0.8613517
3.7644806 1.8855932 -0.3739918
2.6813743 1.4179495 -0.2417893
0.1278489 0.5429747 0.1786670
0.0871138 0.4867815 0.1674666
0.1939687 0.6563637 0.1959399
0.8239611 2.2386904 0.6061652
0.1005141 0.6776239 0.2191086
2.1721775 3.5991888 0.5587457
2.4835520 2.8513986 0.0900094
1.1714989 4.2265706 0.9765775
0.0942502 0.4997954 0.1333305
0.2257351 0.5998070 0.1133662
0.9560997 2.6412645 0.4656521
1.3502606 1.0313169 -0.2516520
0.5720044 2.4898962 0.4932388
2.4193837 4.1363315 0.0799812
0.3373660 1.6743089 0.3240880
1.3585607 1.7779401 -0.1614723
1.8293234 2.3294238 -0.2462584
0.3673178 2.6412376 0.5663163
0.1436062 1.2050595 0.2671843
1.1155774 1.6512153 -0.1143100
1.6799011 3.4596738 0.0054632
2.4530188 3.8189520 -0.3190072
0.6331540 2.4335364 0.2912486
0.4333656 2.4598317 0.4055922
0.9830436 1.6069243 -0.1286546
0.3167787 2.2290555 0.3890789
0.1270423 0.6736913 0.0934287
0.9780135 2.4767302 0.0227999
2.2649814 3.8022861 -0.6678131
0.2259574 0.7886394 0.0123193
2.0524943 3.5215601 -0.6316283
1.0532773 1.8889683 -0.3254316
0.0779269 0.5536499 0.0265332
0.9794255 4.0450870 -0.4432005
0.6761749 3.1608043 -0.3157572
0.2246664 0.7766843 -0.1808185
0.0035947 2.1977919 0.0347732
-0.3617712 5.0509266 0.0780602
-0.0891964 3.6214547 -0.2253210
-0.5690359 4.8560153 -0.3113271
-0.2513320 1.0082016 0.1013129
-1.2654153 4.7590667 -0.5583390
-0.5422693 2.1536493 -0.6325705
-0.5703399 1.3293742 0.1178935
-0.8669831 1.8080483 -0.1865076
-0.1950927 0.3522034 -0.4010880
-0.9083828 1.4127498 -0.1011838
-3.2131805 3.8243910 -0.0146968
-2.8221393 3.2407420 0.2137209
-2.2994127 1.8509065 -0.5962683
-0.7783866 0.6355389 -0.0902222
-0.4428919 0.2655424 -0.1458748
-1.1778634 0.6450538 -0.4042060
-1.9398219 0.6554391 -0.4478495
-1.2555002 0.5098858 -0.0260537
-1.4513681 0.0172428 -0.2838288
-1.3973293 0.1119330 0.0092703
-4.8694248 -1.0039211 -0.4535369
-0.4020881 -0.1660942 -0.0815755
-3.4538948 -0.7341632 -0.2490874
-3.7879862 -0.4012000 0.2579950
-3.1158431 -0.7635242 -0.0069356
-1.3701700 -0.6799930 -0.1414391
-0.4233382 -0.2101071 -0.0081476
-1.1881886 -1.6438654 0.2430940
-0.6991163 0.1298211 0.4199950
-2.6981600 0.6498275 1.8068123
-0.2131658 -0.3441570 0.3963424
-0.5399608 0.2016604 0.9808355
-0.0728636 -0.3365868 0.4765044
-0.2799562 0.0958422 0.5724909
-0.2688915 0.0680303 0.5786619
-0.1735914 0.1935457 0.8095359
-0.1192899 0.2607255 0.7043299
0.3238306 -0.1704686 2.0084720
0.3267964 0.1093353 1.5181863
0.0282828 0.2281936 0.5307541
-0.0004726 0.2707776 0.4574431
-0.0002888 0.2709459 0.4339921
0.3622924 0.3006655 0.7702214
0.1001241 0.4454931 0.5939267
0.0276586 0.3615430 0.4006479
0.1998204 0.5105388 0.6348856
0.1444987 0.5660739 0.6121499
1.2712405 -0.0064095 0.3528452
0.0249856 0.5806819 0.4203054
0.1211603 3.2043502 2.2511491
1.1381911 1.3683666 1.0373617
1.8932067 0.9436314 0.0018476
2.3464439 0.2544041 -0.5101007
0.1623474 0.6849127 0.2494930
3.4811768 2.3401596 -0.1073825
2.6617775 1.6011848 -0.1603132
0.2601618 1.1749172 0.4021605
0.5737795 1.7695411 0.5176961
1.3832747 2.3306508 0.3920038
0.9961793 1.7564358 0.2703387
2.8472500 3.3293363 0.1041057
1.4124355 3.8852606 0.7984704
1.2530972 4.5851072 1.0670136
0.3573832 1.7865033 0.4126153
0.4713386 2.4759232 0.5181376
1.4208706 3.3841235 0.1857678
2.3143869 5.0642415 0.0122142
0.7558388 3.9874579 -0.3280992
-0.9196296 3.2885345 0.0603327
-0.7777216 1.9087311 -0.1742590
-0.9562817 2.0035535 -0.1926370
-1.5437668 1.3194850 0.4470769
-1.8488719 -1.5591002 -0.1822883
-5.0115439 -2.7465231 0.4115453
-0.1969226 0.3442617 0.7097205
0.3785913 0.4909625 0.9921376
0.5275010 1.6221520 2.1281314
0.9032292 1.5817568 0.3030866
0.2397563 0.8303476 0.2361281
1.8095036 2.3652560 -0.0313622
0.4941607 2.8559733 0.6849751
1.0708901 1.3786229 -0.1536400
1.2608065 2.2080398 -0.4865529
-1.4521899 1.9749940 -0.5536660
-0.4708626 0.0227633 -0.1851197
-4.0594236 1.0242591 0.5784511
0.5416503 2.1024667 0.6393690
0.4062483 1.7521028 0.4935378
