2.000000 15830020.309987
2.100000 15760932.360352
2.200000 15698369.971632
2.300000 15635496.102855
2.400000 15572028.004804
2.500000 15507034.172926
2.600000 15448502.352370
2.700000 15396383.732696
2.800000 15354043.601334
2.900000 15314233.189491
3.000000 15279708.474376
3.100000 15249019.826924
3.200000 15220497.703815
3.300000 15191933.769229
3.400000 15166594.288905
3.500000 15141998.763731
3.600000 15118478.338690
3.700000 15097452.520549
3.800000 15078936.825785
3.900000 15065299.547534
4.000000 15049833.989245
4.100000 15034390.433433
4.200000 15019742.817562
4.300000 15006046.080092
4.400000 14993820.560610
4.500000 14981510.272810
4.600000 14969354.060158
4.700000 14959454.533315
4.800000 14950143.442658
4.900000 14941109.009746
5.000000 14932391.211109
5.100000 14924212.755786
5.200000 14916756.481642
5.300000 14910010.396920
5.400000 14903745.093427
5.500000 14897839.105265
5.600000 14892657.484122
5.700000 14887869.024293
5.800000 14881238.257125
5.900000 14878414.157091
6.000000 14875977.077293
6.100000 14873407.675527
6.200000 14870254.328659
6.300000 14867330.787567
6.400000 14864670.756349
6.500000 14862186.359861
6.600000 14858652.931363
6.700000 14854664.155546
6.800000 14852379.281414
6.900000 14854119.356861
7.000000 14852559.203324
7.100000 14851299.582676
7.200000 14850065.822154
7.300000 14848949.022284
7.400000 14847934.817955
7.500000 14847056.823757
7.600000 14846282.187372
7.700000 14845450.624072
7.800000 14844886.380334
7.900000 14844413.212510
8.000000 14843997.889484
8.100000 14843631.301381
8.200000 14843297.419161
8.300000 14842973.899891
8.400000 14842656.439439
8.500000 14842383.452408
8.600000 14842209.250153
8.700000 14842153.328019
8.800000 14842201.197577
8.900000 14842329.468607
9.000000 14842452.653168
9.100000 14843709.479615
9.200000 14843371.945314
9.300000 14843308.959781
9.400000 14843526.965050
9.500000 14843833.346813
9.600000 14844185.949703
9.700000 14844571.748810
9.800000 14844985.053422
9.900000 14845422.578737
10.000000 14845882.012903
10.100000 14846361.512352
10.200000 14846859.495793
10.300000 14847374.549464
10.400000 14847905.378994
10.500000 14848450.782773
10.600000 14849009.636170
10.700000 14849580.881617
10.800000 14850163.522062
10.900000 14850756.616438
11.000000 14851359.276333
11.100000 14851970.663372
11.200000 14852589.987014
11.300000 14853216.502550
11.400000 14853849.509191
11.500000 14854488.348181
11.600000 14855132.400903
11.700000 14855781.086967
11.800000 14856433.862282
11.900000 14857090.217140
12.000000 14857749.674310
12.100000 14858411.787167
12.200000 14859076.137876
12.300000 14859742.335634
12.400000 14860410.014980
12.500000 14861078.834195
12.600000 14861748.473776
12.700000 14862418.635000
12.800000 14863089.038572
12.900000 14863759.423361
13.000000 14864429.545216
13.100000 14865099.175860
13.200000 14865768.101868
13.300000 14866436.123704
13.400000 14867103.054835
13.500000 14867768.720904
13.600000 14868432.958964
13.700000 14869095.616761
13.800000 14869756.552075
13.900000 14870415.632101
14.000000 14871072.732878
14.100000 14871727.738754
14.200000 14872380.541888
14.300000 14873031.041789
14.400000 14873679.144885
14.500000 14874324.764114
14.600000 14874967.818552
14.700000 14875608.233061
14.800000 14876245.937953
14.900000 14876880.868689
15.000000 14877512.965581
