-0.3457770 1.2608252 -1.3295350
-1.5016048 2.7355269 0.1828244
-1.6703250 2.8780717 0.6375090
-1.3177469 2.4144012 0.0163549
-1.4285344 2.5424127 0.2439441
-2.0798515 3.6999154 0.2290907
0.0040516 0.1554490 -0.5947182
-2.1368824 3.7344473 0.2740053
-1.3295420 2.3636247 -0.1444880
-1.6581379 2.9840889 -0.4647929
-2.0973502 3.6046500 0.2157707
-3.2885022 5.6577716 0.0835836
-1.3794868 2.4991453 -0.6431692
-1.2161828 2.0987424 -0.0230598
-2.7782629 4.6877759 0.4692356
-1.4817717 2.5985211 -0.2925297
-2.5347356 4.2851349 0.2632565
-2.2301884 3.7708493 0.2072421
-1.9979879 3.5138365 -0.6203833
-1.4392555 2.4512731 0.0073497
-0.9510281 1.6432263 -0.1674707
-1.3903882 2.3575210 -0.2231275
-2.3269372 3.9869379 -0.6799451
-0.9089176 1.5351658 -0.1399554
-2.1253053 3.5274757 -0.4516594
-1.3163120 2.2062420 -0.5409725
-0.6908248 1.0454058 -0.0942533
-0.7614348 1.1455057 0.0720132
-2.7134434 3.9789391 -0.0009497
-2.0315464 2.9743667 0.2330845
-1.7486387 2.3454960 -0.2222747
-1.0305760 1.3274214 0.1328389
-1.4181942 1.6683880 -0.1966122
-1.8622904 2.1510970 -0.2616612
-2.1097748 2.4514156 -0.2548022
-3.4148346 3.3427142 -1.0531020
-2.4444584 2.7547632 0.0603151
-2.0350126 2.1359517 -0.2901169
-1.3500060 1.5433561 0.1065764
-1.2810142 1.2994585 -0.1911093
-3.2967033 3.3267903 -0.4658731
-0.8490311 0.8842520 0.0135436
-6.2903776 5.3775886 -1.0180431
-0.5553637 0.4884597 -0.0429241
-0.3487381 0.0938278 -0.3433317
-3.6426095 2.9655265 -0.5292778
-1.5957436 1.1176435 -0.4149429
-1.5322078 1.0159573 -0.3916462
-2.1302043 1.6290770 -0.0442284
-1.1887283 0.9236662 0.0002680
-2.6063227 2.0040173 -0.0189101
-1.8753984 1.4652843 0.0201917
-1.6117081 1.2295393 -0.0117675
-2.6562412 2.0572691 0.0259317
-1.4047113 1.0941872 0.0228199
-1.8142237 0.7499927 -0.7439701
-2.7140315 2.0464792 -0.0054230
-1.8496077 1.4160711 0.0232750
-1.7311447 1.2954797 0.0151322
-2.1955778 1.6689996 0.0522080
-1.2344060 0.9269245 0.0215495
-2.3393212 1.7725674 0.0730846
-1.7927693 1.0177974 -0.3375351
-2.3886157 1.9923234 0.3405695
-2.4767755 0.9157145 -0.9346773
-3.2711958 2.2435562 0.0006334
-2.1250631 1.4372706 -0.0100554
-1.3020791 0.8373172 -0.0103034
-1.6911324 0.6221405 -0.4124363
-3.7724540 1.3461259 -0.9314492
-1.8581861 1.0578180 -0.0416201
-2.2926988 0.7849904 -0.5284576
-1.6778133 0.9317027 -0.0267239
-4.2528562 2.4905697 0.0579052
-2.6716045 0.9074053 -0.5577945
-1.5845768 1.3166591 0.4301680
-1.2527982 0.6993757 0.0239503
-3.0026931 1.7818982 0.2023752
-1.7161036 0.2169843 -0.5985517
-3.5337101 1.7699903 0.0085547
-0.4643021 0.3847592 0.1414860
-3.1744058 1.0739084 -0.3426750
-0.3871467 0.0761002 -0.0891505
-1.8859776 0.7422608 -0.1078466
-4.2564998 1.5377548 -0.3576767
-2.6221575 0.6879764 -0.4373180
-3.2712635 0.9354259 -0.4609796
-0.4930411 0.1003420 -0.1011280
-2.1605546 0.5753962 -0.2974064
-1.8296507 0.6392491 -0.1143804
-1.9535409 0.9893393 0.1537762
-1.5202473 0.3117471 -0.2248498
-1.7710066 0.1924549 -0.3969292
-2.3646068 0.4333534 -0.3733903
-2.7505028 1.8615260 0.6726722
-2.5898923 1.7268004 0.6222963
-3.9593873 0.7161662 -0.5534142
-1.5289844 1.0433436 0.4217824
-2.9982597 1.2108751 0.1928384
-1.9518917 0.0126938 -0.4664414
-3.8106280 0.0925915 -0.8196331
-3.0005767 0.5474409 -0.2311700
-5.3873341 1.4816416 -0.0157113
-0.7497280 -0.0149921 -0.1637655
-4.5968180 0.8179627 -0.2680479
-2.4100170 0.5888340 -0.0103601
-1.0047496 0.2709133 0.0192023
-3.8495056 0.4648556 -0.3064633
-1.1567705 0.3619050 0.0850361
-4.0890717 1.1855570 0.3089311
-4.3472521 0.9022230 0.0903849
-1.8849150 0.3817181 0.0365757
-4.4406800 0.0103571 -0.5226905
-5.7276898 -0.0250517 -0.6894113
-3.2618925 -0.0162553 -0.3931258
-4.3260886 -0.0183739 -0.5110286
-2.9149900 0.7231429 0.1596384
-2.4787489 -0.0169282 -0.2947728
-4.3010192 -0.0223019 -0.5020795
-3.7379490 0.6545363 0.0279383
-2.3846316 -0.4407090 -0.5618505
-3.3196703 0.0381694 -0.3067116
-3.2578096 -0.5514970 -0.6894206
-3.1859324 0.3810705 -0.0439174
-1.6874166 0.2535069 0.0175629
-4.2494536 0.0335286 -0.3565377
-2.3880733 -0.5273532 -0.5611831
-5.2386041 0.1011080 -0.3833092
-2.5374097 0.3804556 0.0412387
-1.4562747 -0.2652933 -0.2916718
-1.1935200 -0.2536717 -0.2609005
-2.3683249 -0.5669515 -0.5444877
-3.1853209 0.6477308 0.2203604
-3.9639187 0.8767745 0.3236768
-1.0585125 -0.3993412 -0.3254703
-3.4042353 2.0322832 1.1143469
-1.6347303 0.3380704 0.1312890
-4.0529346 0.8576286 0.3400977
-1.3388495 0.0932416 -0.0075809
-2.0332848 -0.5421010 -0.4471804
-4.3386987 0.9034643 0.3703099
-2.5013002 0.1922301 0.0034575
-2.4043819 -0.6429831 -0.5223541
-4.5590981 -0.8283282 -0.7088442
-0.5744504 0.1060607 0.0484186
-3.2685909 1.2198355 0.6709086
-3.9510078 0.2571079 0.0481211
-0.8630813 0.3159656 0.1760491
-2.8154288 0.1289633 0.0132161
-0.8996349 -0.5959028 -0.3896020
-1.0577735 0.0569157 0.0154615
-2.5777658 1.4847931 0.8851840
-3.3170131 -0.3932236 -0.2842244
-4.1799890 2.4668150 1.4767409
-6.2270364 0.1360311 0.0401001
-5.2125344 -0.0612011 -0.0659095
-3.7210123 -0.5129743 -0.3336632
-0.9057198 -0.0036754 -0.0065683
-2.8092992 -0.7052252 -0.4449723
-5.5495275 -0.0772732 -0.0669320
-2.7388198 -0.2991018 -0.1918457
-4.8902735 -0.0047782 0.0073953
-2.7052087 -0.2980202 -0.1653171
-4.2490984 -0.5719664 -0.3218146
-2.0952493 -0.2720939 -0.1476097
-0.9082103 -0.1393109 -0.0753165
-1.1337256 -0.2995828 -0.1689704
-2.8606276 -0.4193617 -0.2179674
-2.7630556 -0.1410904 -0.0491784
-4.5737117 -1.2291157 -0.6794005
-4.8999209 -1.2305470 -0.6717651
-3.0138143 -0.8261777 -0.4515831
-2.7999683 -0.6915628 -0.3730667
-2.7629199 -0.4130582 -0.2058353
-4.7842777 -0.0159138 0.0647005
-1.0250073 0.3920334 0.2518352
-0.9649443 -0.4062305 -0.2275552
-4.3406077 -1.1504009 -0.6035093
-1.5236886 -0.8609452 -0.4776340
-1.4123701 -0.6710768 -0.3664317
-4.2475624 0.2974573 0.2784253
-4.1948509 -0.6623556 -0.2932662
-4.1816535 -1.1425734 -0.5787855
-3.0317688 0.2140354 0.2013863
-1.8234776 -0.7289029 -0.3888176
-4.7911213 -0.9072777 -0.4140103
-4.6794720 -1.1857313 -0.5793825
-2.4887818 -0.6745545 -0.3333036
-4.9198816 -1.4352806 -0.7146429
-2.6711762 0.5810399 0.4190590
-2.6545476 -0.7246086 -0.3534513
-4.8517347 -1.2631863 -0.5979329
-2.1308524 -0.5804642 -0.2769517
-5.2669735 1.0588705 0.8062586
-2.5188637 -0.6823300 -0.3048972
-1.0531513 0.2144035 0.1684002
-3.7360631 1.3131725 0.9246046
-4.9721504 0.0668695 0.2659983
-1.1230745 -0.1328872 -0.0244141
-5.3260000 0.1144329 0.3393848
-4.2552748 -0.3813240 0.0040133
-5.1685929 -0.0087906 0.2918902
-4.9294338 -0.0224188 0.2706065
-3.1590406 0.1727223 0.2896191
-3.7748202 -0.9745539 -0.3281807
-5.7339411 -0.0412400 0.3307790
-1.5747934 -0.1895127 -0.0090134
-0.9924673 0.0020752 0.0700715
-3.8683595 0.0645433 0.3133561
-2.6261742 -0.3089455 0.0176236
-5.0266215 -1.2565287 -0.3369293
-4.5854834 -1.1487903 -0.3063680
-3.4885424 -0.9140842 -0.2376138
-2.3997916 -0.2449258 0.0598704
-5.1760448 -1.4259333 -0.3655111
-2.8316324 -0.7536452 -0.1843089
-4.1888560 -1.3321150 -0.3817980
-0.4878111 -0.0935084 -0.0098497
-2.3733829 -0.2225487 0.0899897
-2.3649743 -0.4206745 -0.0076723
-5.6991626 -1.6079767 -0.3367056
-1.9056433 -0.3319028 0.0028476
-1.2911645 -0.2240955 0.0031187
-0.9488469 -0.3381189 -0.0892810
-1.1629656 -0.2330906 -0.0084862
-1.7716010 0.3173449 0.3535898
-2.9969084 -0.5543534 0.0099952
-2.5579956 -0.4938812 0.0034541
-4.6140742 -0.3319065 0.3110043
-1.1701057 -0.1579850 0.0413174
-0.5666704 -0.3808959 -0.1438171
-1.5594736 -0.2927175 0.0148379
-3.9914035 -2.6079561 -0.9415164
-0.9834156 -0.6867222 -0.2551340
-1.9182202 -1.2646231 -0.4540862
-2.4191199 -0.2151342 0.1664481
-3.0889655 -0.2740131 0.2192092
-2.7953540 -0.6791241 -0.0282271
-2.9871405 -0.8012125 -0.0686421
-4.2468145 -2.4267414 -0.7825103
-2.9696464 0.5291287 0.6538532
-1.2854790 -0.8821388 -0.3009948
-4.3818539 -1.1484705 -0.0451165
-1.7853533 -1.1982440 -0.4015873
-0.8201619 -0.5651842 -0.1918675
-3.6139143 -1.5637196 -0.3434291
-1.0221054 -0.4199221 -0.0816626
-3.6370487 -1.5751522 -0.3131301
-3.9453490 0.4448707 0.7983137
-1.5301456 0.2666519 0.3584351
-1.8603267 0.7434226 0.6594884
-0.7775627 -0.3300782 -0.0527008
-4.6019510 -1.2901441 0.0415831
-0.8369132 -0.2187688 0.0161396
-5.3183691 -0.1202448 0.7536674
-3.0870853 0.0393267 0.4988580
-2.7893774 -0.5175535 0.1717915
-3.7526585 -2.2217986 -0.5279807
-4.9442254 -1.4218105 0.0943053
-3.2265018 -0.6424458 0.2095513
-1.8505855 -0.3665670 0.1257334
-2.9424168 -1.0745324 -0.0387018
-2.1965830 0.6046465 0.6917883
-5.3036996 -1.3803649 0.2687034
-2.4452125 -0.8190185 0.0348465
-3.0551082 -1.2424243 -0.0646977
-3.7594555 -2.5752391 -0.5895206
-3.0781210 -1.4510022 -0.1554074
-1.4021129 -0.8274642 -0.1498686
-2.6788780 -1.5818639 -0.2861945
-2.1535138 -0.8416825 -0.0115624
-2.3289938 -0.8604464 0.0132280
-3.5968469 -1.7200629 -0.1545372
-1.1559290 -0.4634684 -0.0060161
-4.3747922 -2.5702412 -0.4157677
-2.1738833 -1.2470105 -0.1900754
-1.1504117 -0.3100870 0.0707546
-1.5785447 -0.6432169 -0.0070399
-3.5932538 -1.2408088 0.0930616
-1.1193756 -0.5661928 -0.0568543
-1.7351394 -0.9560762 -0.1242310
-3.9660657 -1.8869532 -0.1301665
-1.9687319 -0.9927209 -0.0912599
-2.6968123 -1.4863731 -0.1845846
-4.3351099 1.1365463 1.4087788
-2.6493684 -1.5309095 -0.2064772
-3.4636438 -1.7078843 -0.1227254
-2.1908280 -0.6357533 0.1404679
-4.7721227 -2.9008432 -0.4109763
-3.5546100 0.0505868 0.7539161
-1.9467455 -0.9753313 -0.0596499
-1.6831930 -1.0206611 -0.1338602
-2.9296981 -1.4522674 -0.0756210
-2.5717978 -1.3338821 -0.0900879
-3.8049911 -1.9717401 -0.1142727
-4.1004590 -2.0008426 -0.0631828
-2.6968775 -1.3907811 -0.0721042
-2.1567883 -0.7144264 0.1333922
-1.8579380 -0.8519233 0.0055255
-3.5110237 -1.7921116 -0.0703483
-3.2194740 -1.5674810 -0.0276495
-3.5880336 -0.7209623 0.4552372
-2.8216874 0.0111990 0.6322224
-2.8679011 -0.5680047 0.3729700
-1.1940420 -0.2501557 0.1564337
-3.9346672 -2.2265049 -0.0903060
-1.7792288 -0.3298422 0.2706474
-2.1481306 -1.5859965 -0.2142435
-2.4899936 -0.8078819 0.2313451
-3.2372514 -1.8145726 -0.0415418
-4.7586131 -1.2528694 0.5898961
-3.0043544 -1.7041002 -0.0188984
-2.6030729 -1.4816834 0.0054088
-1.8198800 -0.2494349 0.3617341
-0.6921303 -0.2160814 0.0859464
-2.7266040 -0.3484768 0.5633042
-1.8392327 -2.5422655 -0.6335348
-3.1182180 -0.8863988 0.4332215
-2.9373395 -2.4926979 -0.3111413
-1.9013961 0.2411167 0.6169748
-1.1476624 -0.1760509 0.2326781
-5.1764847 -0.7987280 1.0579491
-3.4083718 -2.0211236 0.0531939
-2.5290041 -1.5439461 0.0204640
-1.5451142 -0.4260206 0.2379980
-4.0484802 -1.3215303 0.5410603
-5.0207763 -0.6712328 1.0963143
-3.3659394 -0.5739097 0.6841725
-1.1665641 -0.9056469 -0.0675434
-1.7964029 -0.3473527 0.3504527
-1.2566712 -0.4069551 0.1748075
-4.4287807 -0.6479025 0.9618398
-2.7897021 -0.9194100 0.3919111
-2.3837114 -0.7773861 0.3395438
-1.6611686 -1.2854518 -0.0778087
-2.4293060 -1.2233076 0.1673109
-2.1729450 -1.1106998 0.1431797
-1.1645188 -0.3646955 0.1789577
-1.3906959 -0.2080025 0.3156071
-3.6931659 -0.5639191 0.8349822
-2.7643671 -2.4062970 -0.2098002
-1.0140757 -0.1255631 0.2434162
-2.2579500 0.0192968 0.6871045
-3.5866571 -1.7733034 0.3593050
-2.9031828 -2.3147111 -0.0673461
-4.0647846 -2.4366016 0.3048659
-2.7215604 0.0100565 0.8735228
-1.7005230 -0.3348392 0.4097281
-2.4861194 -1.8891769 0.0518541
-4.0305908 -2.6577043 0.2529183
-1.3437330 -1.5618997 -0.1804543
-2.6444349 -2.1286301 0.0218139
-2.2478059 -0.0072924 0.7582833
-3.3713724 0.0021665 1.1486847
-2.8508784 -3.9982997 -0.5616616
-1.1959856 -0.0258793 0.4094541
-4.2056996 -2.4111670 0.5865526
-1.4246317 -0.7949575 0.2141599
-3.6482571 -2.1669060 0.5142731
-2.4625096 -0.9545428 0.5429172
-1.1513943 -0.4486260 0.2591653
-1.6602191 -1.3220489 0.1315449
-2.9806862 -2.2921114 0.3314288
-1.2596741 -0.3588650 0.4199606
-1.8006589 -1.7349977 0.2109814
-1.8226065 -0.4817980 0.6660959
-2.2724491 -2.5827130 0.2238983
-2.3430241 -0.0146079 1.0835766
-1.3520401 -1.5937100 0.1355207
-1.7733479 -2.6553986 0.0073845
-1.9878245 0.0070739 0.9536767
-3.3901805 -1.8902806 1.0726032
-1.5551242 0.0940653 0.7909132
-2.3957959 0.2473003 1.2684484
-2.8933957 -0.8621931 1.2349974
-3.0056224 -0.6773111 1.3650045
-2.5966256 -3.7209793 0.4081872
-0.8081912 0.1790371 0.4823437
-1.1000495 0.2466508 0.6625900
-1.4593453 -2.1571737 0.2692965
-1.6875548 -2.2897476 0.5878855
-3.4202450 -3.3757169 1.7480665
-2.3348534 -2.2789063 1.2646761
-2.0704243 -2.0212985 1.1277727
-1.1079525 -0.6732977 0.7403251
-2.1879631 0.6508645 1.7769521
-2.3102512 0.6807634 1.8799995
-0.7534781 -0.5425398 0.5611928
-6.4951597 -4.6571002 4.9666603
-2.1220168 -1.6099152 1.6419979
-2.5088799 -0.0734629 2.1433890
-7.6239048 -0.8179557 8.9306663
-1.4711608 -2.4399540 2.7616932
-0.2385106 -0.4033081 0.4517509
-0.1786731 -0.3210711 0.3842075
-0.3251233 -0.2899498 0.6386908
-0.1783563 -0.9452071 0.7787675
-0.2523480 -0.2905338 0.6631387
-0.2936907 -0.3478508 0.7797855
-2.4561788 -10.6384580 12.1799965
-1.3424226 0.2814097 2.5099336
-0.0683081 -0.6650565 0.6215072
-1.5159933 0.5954806 3.3036176
-0.6334455 0.8363898 3.0883932
-0.1016784 0.2662984 0.7371286
1.5206707 2.5938599 10.6990468
0.2329025 0.1877183 1.0378322
0.0679908 0.8873232 1.8673156
-0.0421493 1.6890388 2.5013342
0.1914409 0.3411056 0.7483825
1.0894202 0.6680953 2.2790049
0.9941873 1.8977908 3.8537961
0.1106955 0.5843151 0.7794692
-0.0395984 2.2154340 2.5266599
0.6153547 1.6971417 2.2046796
8.1980987 2.2645300 7.2260157
3.6939447 -0.0123863 2.1090618
0.1720882 0.5806527 0.5747724
0.5033763 1.8314451 1.7921622
2.1578778 0.1337253 0.9479456
2.9865912 0.0270547 0.6746525
1.8008248 -0.0884265 0.1711018
2.0877983 2.0179936 1.6171730
0.2361786 1.5016433 1.0512992
1.0495527 0.0516467 0.0826753
1.3011586 -0.0602486 -0.0130555
1.5128030 -0.0599086 -0.0149987
2.1346399 0.0375681 0.0425042
2.0782729 0.0286757 0.0060319
0.9633942 0.0339654 0.0144624
1.6492721 0.0471214 -0.0010478
2.0074190 0.2018817 0.0831895
4.5156906 2.0085663 1.1153692
2.4612376 0.1215258 0.0010791
5.1754167 2.3572977 1.2460696
2.0104171 0.0227247 -0.0620463
2.2709775 0.0289876 -0.0722299
0.6656157 0.0433715 -0.0022958
1.3953862 0.1838502 0.0336624
1.4188346 0.2385534 0.0490603
2.5988627 0.0197116 -0.1536188
4.8670214 0.0905047 -0.2932215
4.0305609 0.0372576 -0.2658011
4.1705376 0.0335382 -0.2816668
5.5012194 0.0501412 -0.3799161
6.4280842 0.1321644 -0.4246093
2.6450784 0.3566838 -0.0147640
3.2687518 0.4436868 -0.0206454
3.4659544 0.0720209 -0.2486773
6.8401483 0.2067944 -0.4614878
2.4288388 0.2220495 -0.0871761
4.5436671 0.1171890 -0.3411599
3.7050310 1.3540117 0.3983021
2.7980381 1.8663083 0.7618688
4.4091605 2.5227827 0.9661505
3.2827298 1.1930130 0.3355371
1.7976128 1.1717698 0.4219586
2.3841628 1.3553278 0.4489079
2.7447725 1.5233900 0.4969029
1.6783207 0.5323919 0.0756529
1.4517265 0.3589830 0.0095907
1.5652788 0.4557424 0.0465816
1.8532606 0.4393575 0.0018389
0.7960684 0.2365312 0.0251053
6.0257135 3.2950273 0.9718872
2.0797046 0.4533076 -0.0285150
2.0617337 0.5009150 -0.0022005
4.3868966 1.5280349 0.1973350
0.7744937 0.1996522 -0.0069401
1.6699288 0.6039303 0.0575359
1.2215912 0.2843581 -0.0415471
3.7990470 1.9006374 0.3885199
2.0192543 0.8350734 0.1065121
2.0596756 1.0186039 0.1902638
1.8085698 0.6436225 0.0383575
1.4461502 0.8556256 0.1982114
1.7684428 0.4612988 -0.0540075
1.9440900 0.8157796 0.0952290
2.8326697 1.2110173 0.1411951
4.2415956 1.4434999 0.0246151
3.9259658 2.0761197 0.3866802
2.0134458 0.8005822 0.0635497
4.4177490 2.1823448 0.3444819
2.5888043 1.0954014 0.1070396
2.6699784 1.3455598 0.2043162
1.2056055 0.4959953 0.0332091
1.2134600 0.4064312 -0.0139719
2.4019085 1.2357705 0.1772235
1.5838481 0.6303763 0.0233571
2.8547683 1.4920410 0.2077755
1.8054787 0.9298295 0.1145928
3.6213784 1.8298449 0.2119063
2.4892315 1.1430038 0.0852187
4.5761422 2.3513826 0.2782401
4.5689555 1.9048167 0.0597149
4.4279751 1.7634462 0.0135253
3.4022594 2.0332192 0.3360946
4.4318262 1.8385973 0.0398274
1.5807415 0.8348536 0.1004570
4.4530912 1.8542162 0.0399541
2.4844205 1.2474673 0.1243531
2.4736634 0.8821696 -0.0524336
2.2793482 1.3386789 0.2012513
4.5760465 2.0276202 0.0773499
2.7169601 1.7572317 0.3125148
4.1169215 1.8945856 0.1014762
3.1156020 2.0575397 0.3758169
2.4446966 1.0880737 0.0361087
4.2156462 1.5064046 -0.1230590
1.9967793 0.8164994 -0.0102549
2.6274032 1.1814499 0.0376671
1.2920219 0.5439526 -0.0014954
4.2561239 1.7701132 -0.0153881
2.6691572 1.5825935 0.2109138
3.7328033 2.2593095 0.3149992
2.2406869 0.9943498 0.0129972
2.5914568 1.1759575 0.0256533
4.7339845 2.1580266 0.0482126
2.9768269 1.7361200 0.2007906
2.3725824 0.8519280 -0.1123037
1.7407163 0.7886483 -0.0056607
1.8311736 0.8276603 -0.0114651
1.4964510 0.6752044 -0.0100942
2.7542283 3.2163006 0.8942875
1.8443060 0.9384511 0.0044271
4.2313361 1.9440984 -0.0875310
2.9785628 1.5275760 0.0106307
4.0250961 1.8789248 -0.0762368
3.5957894 2.0552030 0.0780156
4.5642814 2.5423053 0.0681077
3.7645401 2.1468937 0.0727034
2.1158679 1.0719246 -0.0204888
4.1214505 2.3721325 0.0869532
3.1015819 1.7128223 0.0308380
4.9503698 2.7618956 0.0492869
1.9128786 0.9673227 -0.0265145
3.9944653 2.2440835 0.0347092
2.8915961 1.6397189 0.0219406
1.7153297 0.9887981 0.0200066
3.5939296 2.0071628 0.0106438
2.5766350 0.2017135 -0.5512780
2.7052670 1.5114454 -0.0014357
2.9720589 1.7255914 0.0265320
1.4462546 0.8613577 0.0218887
2.4458098 1.3757537 -0.0047652
3.2879572 1.9614698 0.0413412
1.9633429 1.1553170 0.0159172
3.2244045 1.8857369 0.0202658
2.8757984 0.2819460 -0.6058983
3.1590250 1.8151470 0.0048799
0.9803612 0.5469306 -0.0061129
1.5877631 0.9145521 0.0025071
2.5357093 1.4079698 -0.0215079
3.2291040 1.9544212 0.0417126
1.8903384 0.1768275 -0.4057383
0.8985280 0.5463321 0.0119135
3.3369940 2.0050520 0.0303370
1.8815685 1.0662687 -0.0124494
2.5715962 1.5149681 0.0072727
3.5287437 2.0043489 -0.0255996
3.4210279 1.9072036 -0.0422977
2.9503148 1.7348179 -0.0005984
3.0890911 1.8511371 0.0145596
3.3270058 0.5447000 -0.6248670
1.8392470 1.0672077 -0.0074446
2.4339235 1.4846237 0.0194958
2.1407057 1.2433788 -0.0109752
2.6086325 1.5648702 0.0057311
3.4377773 0.5594532 -0.6552774
0.7086305 0.4118750 -0.0046189
1.6621113 1.2799931 0.1272332
2.1660277 0.3557135 -0.4122463
3.1929638 1.9274417 0.0082922
2.7046595 1.7720553 0.0673389
2.4121897 1.3607114 -0.0374236
2.7032391 0.4438836 -0.5190653
2.2394390 1.4851528 0.0602148
2.3047670 1.3745111 -0.0056938
2.9203112 1.6214289 -0.0601977
1.8081590 1.0797138 -0.0049546
2.8593446 0.4715887 -0.5502598
2.8672442 1.6944680 -0.0180096
1.7048507 1.1234314 0.0388368
3.5315995 1.9828106 -0.0709838
2.1623822 1.2830975 -0.0158006
1.8581824 0.3078558 -0.3621534
2.5862858 1.7662902 0.0788968
3.2557856 1.8156800 -0.0793835
3.0900260 2.0743513 0.0777586
3.1465640 1.9058123 -0.0111726
3.0074240 1.9538615 0.0469311
1.5003987 1.0179995 0.0422428
2.1253667 1.4445078 0.0591328
2.8074242 1.8357600 0.0442208
2.5422401 0.4221152 -0.5008125
2.6775123 1.7765975 0.0527073
2.1112136 0.3498460 -0.4182102
1.3610016 0.9164579 0.0297005
3.4799183 1.9681511 -0.0881096
2.8555402 1.6829243 -0.0437231
3.1759678 2.1710983 0.0805629
3.0015188 1.9421008 0.0282846
1.3212052 1.0540582 0.0974423
1.1011331 0.7605783 0.0293239
1.7144761 1.0338730 -0.0197681
2.6144907 1.5399877 -0.0470329
3.1490353 2.1424384 0.0672214
3.0035421 1.9684372 0.0315756
2.9369480 2.0186041 0.0700489
2.7919840 1.7860565 0.0069721
1.5423374 0.9991629 0.0089984
2.8381195 1.8363063 0.0148973
2.4605949 1.5823152 0.0057586
3.0810109 1.7794744 -0.0800742
1.8631366 1.2059593 0.0070132
2.0788337 1.3525780 0.0108032
2.3107496 1.5282941 0.0211691
2.4197048 1.4518294 -0.0429888
1.9479015 1.2463533 -0.0016279
2.1723190 1.4480646 0.0223455
3.0655751 1.8405906 -0.0580272
4.3285748 2.5885159 -0.0899635
3.5187666 2.2709371 -0.0079952
2.6687856 1.7419578 0.0014315
3.9976013 2.3652739 -0.1047394
1.5753651 1.0349464 0.0009228
2.9137297 1.9064158 -0.0096003
2.8735458 1.9107586 0.0000240
1.8136242 1.2537922 0.0196193
2.8646943 1.8794897 -0.0147846
2.8770140 1.8955024 -0.0145343
3.8624287 2.4786644 -0.0476568
3.5258302 1.6861266 -0.2982779
2.6982549 1.7592467 -0.0416235
2.6490993 1.7780263 -0.0215610
0.4820291 1.8885286 0.6545402
1.9503479 1.3131616 -0.0174834
1.7904882 1.2434549 -0.0057456
2.4980912 1.6994893 -0.0305178
3.1919557 2.1213007 -0.0628257
1.6058899 1.1927620 0.0205594
2.4367452 1.4239812 -0.1334941
3.3327500 2.2001603 -0.0931281
0.4231125 1.5809611 0.5272736
1.6381199 1.1299865 -0.0336134
1.4819572 1.1102890 0.0055635
1.6706422 1.3005734 0.0248984
2.1197116 2.4290521 0.3488341
1.0689764 0.7935321 -0.0049335
2.5806970 1.9078834 -0.0205953
1.7547998 1.2943028 -0.0174426
4.4484037 2.3184399 -0.4404155
1.9329489 1.5025312 -0.0255982
0.6924049 0.5536533 -0.0088845
1.7606883 1.3948355 -0.0285800
2.7000788 2.1222797 -0.0541700
0.4878465 2.0051986 0.6300033
1.9652921 3.5135809 0.6478727
1.6120894 2.6655650 0.4427304
3.9576792 2.1808977 -0.5822220
0.4314216 1.9491377 0.5723002
0.4303539 1.8911533 0.5507743
2.1461555 2.1611230 0.0210652
1.8520585 1.9353614 0.0298767
1.4272660 1.4576692 0.0017601
1.5915471 1.6498755 0.0009268
2.8131110 3.2636222 0.0974349
2.4371532 2.7348255 0.0377975
4.7711308 2.2184626 -1.0762244
1.1432133 1.2988716 0.0049029
1.4472244 3.9647723 0.8126814
2.4328749 2.9100506 0.0444583
1.7351858 1.9542468 -0.0113397
2.0287388 2.2936037 -0.0115004
1.3654418 1.5249773 -0.0143257
2.8028463 3.3549137 0.0422613
0.3251049 1.8844408 0.5251368
0.5972579 2.3032026 0.5548342
1.8866351 2.1698570 -0.0180378
2.5545766 2.9235384 -0.0415094
2.7874973 3.3346280 -0.0296298
0.7331993 2.3466567 0.4833233
0.8114280 2.5969303 0.5347913
2.5481563 1.2377181 -0.6586308
1.5103001 1.8752779 -0.0062852
0.4928804 1.4888992 0.2930889
2.1145762 1.2353121 -0.4808744
0.4173676 1.6466005 0.3739395
1.2884265 1.6674339 0.0086950
0.3440361 2.0812576 0.5422767
1.6402526 2.1490711 -0.0041841
1.6235335 2.1918684 0.0082989
3.7448417 3.6823964 -0.4761049
0.3960341 2.0423281 0.4762973
2.7324753 2.7170497 -0.3594131
3.0648115 5.2711158 0.2811729
1.4465442 2.5188657 0.1285108
0.5681845 2.0835233 0.3931731
2.5713646 1.7268535 -0.6447192
0.1234068 0.6756160 0.1490933
2.3105488 3.8600912 0.0526582
0.2200142 1.6402380 0.3853849
0.7204681 2.5098398 0.3942857
3.2554044 5.5877321 0.0741229
0.2199185 1.7804263 0.4186198
0.5974685 2.0833667 0.3230732
0.4462530 1.5573519 0.2411242
0.5766348 2.0187105 0.3130100
2.4684255 4.3426130 0.0730598
1.2465898 3.9246966 0.5383937
2.1145013 3.6281214 0.0184789
0.3313468 1.6939946 0.3310027
1.3772945 2.4626059 0.0382485
1.0392535 1.7664392 0.0014742
2.3501136 4.0525539 0.0068737
1.5657676 2.6590864 -0.0156305
2.2094464 4.0284393 0.0569650
0.2471563 1.8477783 0.4042242
2.3399332 3.9290605 -0.0507086
2.0480156 2.5869528 -0.2895411
1.5510274 2.7347893 -0.0071293
1.5711190 2.8847825 0.0061855
1.8860782 3.4533896 -0.0032757
2.0038757 3.4460166 -0.0666685
2.7622279 4.0739896 -0.2875509
1.6539552 2.9110786 -0.0459992
1.7282178 3.0996265 -0.0445077
1.2025051 2.1397863 -0.0370578
2.0277468 3.5909441 -0.0776351
3.2059313 5.7698270 -0.1012895
1.9600827 3.9517450 0.0475858
1.6955907 3.2648308 -0.0084214
0.5843984 2.4194954 0.3452349
2.7501228 4.1091683 -0.3455751
0.2939834 1.7814771 0.3184675
1.3963021 2.0483414 -0.2049355
1.9422672 3.0300159 -0.2414948
1.4482466 2.9073354 -0.0186361
1.8698112 3.7985504 -0.0274862
1.5894660 3.1855677 -0.0355266
2.0751485 4.3516568 0.0009643
0.2922458 1.4764592 0.2210928
0.2023923 1.3102252 0.2260294
0.1585777 1.1649841 0.2120672
1.5597178 3.1543989 -0.0617482
1.3032856 2.6758776 -0.0432538
0.1748991 1.1169122 0.1830114
0.4367575 0.7365198 -0.0608012
0.2104291 1.3770238 0.2246308
1.6381361 2.9338518 -0.1919246
0.6297417 1.5254243 -0.0100629
0.8597605 2.0210134 -0.0297449
1.1861949 2.8465172 -0.0339435
1.1204980 2.8853778 -0.0342549
1.2475237 2.8928770 -0.1723873
0.8057159 1.3673627 -0.2159099
0.8096505 1.9065623 -0.1120184
0.5476133 1.8779775 0.0069232
0.4414198 1.7246058 0.0120953
0.5752192 2.0853714 -0.0478937
0.7048984 3.3449062 0.0605194
0.4357627 1.6985854 -0.0234669
0.6512408 2.4427354 -0.0585963
0.6360665 3.0614090 0.0468647
0.3141003 1.5313365 0.0218750
0.6396624 3.1880775 0.0463170
0.3992205 2.0021376 0.0292453
2.0125424 3.3959860 -0.8930338
0.4704554 3.3056322 0.1767623
0.5216494 2.7770522 0.0557207
0.2903234 1.3277071 -0.0047535
0.6097657 2.9054404 0.0010758
0.3663116 1.7493174 -0.0007107
2.0266716 3.7266161 -0.8944956
0.4762061 2.2978404 -0.0007337
0.3951909 1.8983391 -0.0021531
0.3194198 1.7928755 0.0359559
0.2650114 1.3012386 0.0022137
0.4200753 2.0473782 -0.0003836
-0.2303227 2.8602815 0.5799675
0.3969766 2.2008565 0.0297806
0.3704101 2.8241473 0.1278304
0.4767668 2.6418325 0.0245663
0.5221844 2.4440241 -0.0376234
0.4130733 1.9289063 -0.0315882
0.0204753 1.7461813 0.2273942
0.3708406 1.7987181 -0.0235434
0.5510196 3.2347574 0.0371275
0.3836289 2.1068066 0.0056454
0.7706252 3.8338002 -0.0623831
0.5769960 3.2526147 0.0011525
0.5331022 2.7467919 -0.0394233
0.3894315 1.9523235 -0.0399847
0.3840871 1.9997148 -0.0345338
0.3771722 2.1517059 -0.0122780
0.2482063 1.8554272 0.0463308
0.6037349 3.3694912 -0.0309684
0.1202241 0.9214259 0.0187435
0.1492531 0.9553446 -0.0003630
0.9314402 3.6058242 -0.3028031
0.2628973 1.8961999 0.0103040
0.2682500 1.7646469 -0.0111485
0.2542817 1.9110741 -0.0042014
0.2306328 1.5685843 -0.0219819
0.3201547 2.7337641 0.0026436
0.3963666 3.1934603 -0.0267915
0.1762731 1.5868070 -0.0114010
0.8593242 3.2495948 -0.4309216
0.1681387 1.5088185 -0.0199840
0.1974526 1.3311354 -0.0752310
-0.0476550 2.8481017 0.2237382
0.2897986 2.2097759 -0.1045753
-0.0740720 4.1478837 0.3123538
-0.0327333 5.3364226 0.2914090
-0.0178203 4.6590972 0.2083208
-0.0495735 3.2546249 0.1745877
2.2104953 2.5256101 -1.8630351
0.3695266 0.4235865 -0.3132083
0.6429750 0.7953637 -0.5561074
0.0879012 6.0016880 -0.0037923
-0.0589018 6.1473250 0.1306883
0.0436594 4.8593968 0.0174618
0.0564856 3.2512135 -0.0196097
0.0150456 1.1621691 -0.0141623
0.0089059 5.6586000 -0.0818964
-0.0029459 4.3497697 -0.0536286
-0.1043116 5.1166320 0.0202899
0.8994929 1.5659233 -0.8975732
-0.0692398 3.3379002 0.0055270
0.0017377 5.8798699 -0.1271407
-0.0642732 4.0944816 -0.0260643
0.4309500 2.4984337 -0.5029727
-0.3132559 2.3795106 0.2068238
0.5012763 1.0291586 -0.5622182
-0.0008314 4.1520957 -0.2361303
-0.1141417 2.3104990 -0.0144729
-0.0945158 1.8848849 -0.0237695
3.4978006 7.5244852 -4.1399507
0.4595479 0.9678186 -0.5700698
1.6647567 2.3638613 -1.9882696
0.5406275 0.7697796 -0.6507525
0.3648328 0.8100946 -0.4740940
0.4286572 0.9748456 -0.5659616
0.0599586 4.8259285 -0.5766355
-0.3009097 3.9264786 -0.0940451
-0.3608213 2.8119176 0.0409391
-0.2079893 1.7457454 0.0002644
0.0028475 2.1882183 -0.3579584
-0.0769646 0.5814706 -0.0111145
-0.3349210 2.1537771 0.0122957
-0.9951311 3.0258529 0.6482215
-0.5206499 5.7903761 -0.5447780
-0.5732155 3.5415759 -0.0206129
-0.3783934 3.0509999 -0.1770953
-0.1594703 1.4119084 -0.1074747
-0.3363588 3.0541588 -0.2597424
-1.7934452 4.9928425 1.1642833
-0.5002535 2.7925705 -0.0158817
-0.6196586 4.5400652 -0.4371722
1.5379099 2.4813501 -2.8708850
0.2825331 0.5035975 -0.5985452
-1.0078357 3.0774905 0.1594306
-1.0359426 6.1070488 -1.4285221
-0.4469268 1.7725033 -0.1815393
0.5987569 2.3847799 -2.4447672
-1.1476256 5.8725169 -1.2547738
0.5290767 1.9630143 -2.1122664
-1.2292884 3.5787123 -0.0492402
-0.4958995 1.5157960 -0.0750699
-0.4928386 1.8290479 -0.3720741
-0.9196166 2.8488131 -0.2619868
-1.3679545 3.7724525 -0.0253457
-1.0278912 2.8206816 -0.0101765
-1.3281994 3.2846106 0.2700702
-1.3899992 4.3083660 -0.5929315
0.0650764 2.0124196 -1.9745882
-1.0322756 2.4477681 0.0659603
-1.9630652 5.5147534 -0.8001918
-1.6241258 2.9174423 1.0622570
-0.8929312 1.9344757 0.1415672
-1.7243336 3.6070684 0.3543594
-1.5445876 3.2832697 0.0116089
-2.4168652 4.9097343 0.1078198
-0.9298060 1.8048608 0.1747630
-1.7744167 3.7465146 -0.4210842
