9.095467 127.760598
8.790710 127.826548
8.818428 121.452433
9.489098 139.186128
8.969994 126.573474
8.860222 133.831608
8.287376 123.634830
8.882721 131.962561
8.424614 118.658358
8.614906 129.019267
9.010483 132.585108
8.768898 126.029000
8.582314 122.199930
8.582222 123.520956
8.500053 126.424922
8.400101 119.172848
8.601700 125.074870
9.083817 133.457999
8.641983 125.930870
9.010483 132.585108
9.574974 135.005529
9.073586 132.924197
9.021240 129.719726
9.129295 136.724014
7.975845 117.180719
9.110458 125.366548
9.065712 134.584381
9.063332 129.180024
8.648117 130.847280
8.762444 126.642980
8.458946 124.039040
9.031265 131.805369
8.843124 128.810698
9.230621 138.900317
9.111626 137.334926
8.866951 129.051276
8.389664 121.321045
8.294197 121.576299
9.230621 138.900317
8.282661 126.773350
8.838707 130.081327
8.379364 122.319375
8.983635 125.504073
9.155411 134.030618
8.005943 114.301970
9.021240 129.719726
8.715363 125.423946
9.474976 145.028177
9.730042 132.739051
9.556686 139.831382
8.630951 122.939069
8.818336 131.448007
8.917969 131.007457
8.637840 126.324381
8.625549 123.497069
8.843124 128.810698
8.744385 124.628296
8.527084 128.450659
8.193901 116.743989
8.756538 122.542057
8.538666 126.119145
8.651505 122.947799
8.265656 122.285237
8.248100 133.325328
8.880615 125.682259
9.157059 136.680610
9.038589 133.485547
9.055115 134.737753
7.814117 115.298193
8.643265 131.057560
9.602486 145.025641
8.653473 133.318708
8.585724 128.737061
9.042915 126.273340
8.334251 119.376539
8.527794 119.353074
8.642052 126.095562
8.638023 127.269020
8.514885 126.900280
8.392639 125.761781
8.070122 112.996270
7.724098 114.953497
8.591217 126.456559
8.958229 130.568167
9.344582 131.285068
7.986191 118.503890
8.619553 122.384431
8.715408 131.717694
8.890320 135.321178
8.696526 124.867123
9.353897 133.796423
9.149025 132.580108
8.413971 119.748403
8.601860 125.697687
8.412140 125.057109
8.443748 124.029591
8.860222 133.831608
8.431068 120.374138
7.640533 108.103898
9.185509 138.049526
9.045753 132.760353
8.500763 119.471327
8.599434 130.787620
9.406723 142.623407
10.039513 147.714215
8.422050 128.522172
9.007278 131.636950
8.958481 135.993777
8.580048 123.861286
8.755257 117.500680
9.395828 132.381575
8.296486 122.289516
9.949150 141.320374
9.562042 138.691527
9.268684 132.846217
8.366318 124.772837
8.755257 117.500680
8.628777 131.610199
8.856377 128.497351
9.046349 132.149670
8.295479 117.630776
8.823212 129.119358
8.991165 132.887097
8.295479 117.630776
8.591217 126.456559
9.105904 136.192331
9.139160 125.570626
9.154930 125.352809
9.576439 135.619702
8.635963 123.195901
8.756104 126.089561
8.788124 124.186153
8.703003 126.625003
8.530106 124.584545
8.433449 126.445164
9.353897 133.796423
8.189598 111.417576
8.672997 123.485157
9.941254 145.838295
8.466614 126.138651
8.607422 126.313257
9.974419 155.891551
8.655693 121.415452
9.106659 139.065017
8.581787 125.483368
8.869011 126.058105
8.688606 127.690250
8.428986 121.271242
9.031723 124.190945
9.555908 140.600471
9.174591 131.406719
8.824059 137.883516
9.110458 125.366548
9.616905 141.713528
9.105904 136.192331
8.493187 119.279207
8.426788 122.978904
8.615158 124.306091
9.091644 132.888110
8.744385 124.628296
8.190331 120.309882
8.550911 127.395439
7.703087 110.295523
8.150093 119.121228
8.197060 122.355247
9.941254 145.838295
9.067886 137.994537
8.344162 117.918838
9.647713 135.603322
8.421890 124.663181
9.310455 134.230516
8.597626 126.316982
8.295479 117.630776
8.505936 119.999876
8.197060 122.355247
8.480644 126.896182
7.678963 107.544857
8.493828 124.861100
9.032982 125.591125
9.088280 135.313723
8.148216 121.276225
8.305069 121.232346
8.568993 120.053779
8.556061 132.971407
9.687744 140.525190
8.648438 121.238764
9.335175 129.421514
9.078827 132.465557
8.607422 126.313257
8.476067 125.697179
8.990982 121.671981
8.714767 117.953723
8.677094 125.667931
8.581261 127.396982
9.029800 134.765791
8.793755 131.367095
9.663551 134.823390
7.695190 114.908851
8.469658 126.367124
8.548920 124.648280
8.266937 121.756597
9.129295 136.724014
8.211044 117.717857
9.157379 127.175499
8.806206 121.702162
8.623146 124.416860
8.869125 127.875169
8.586960 131.229005
8.470894 120.127293
9.164520 137.356287
8.263573 120.482697
8.538574 128.955052
8.148216 121.276225
9.200684 127.893210
9.070953 131.822294
8.328415 120.899386
8.793755 131.367095
8.082458 114.338642
9.318901 135.615990
8.718613 134.180741
8.200676 118.830044
8.655006 124.381840
8.547272 124.891410
8.888214 131.191289
8.264351 120.635896
9.180748 136.561363
9.065849 133.665235
8.780846 125.976816
8.891808 133.603198
8.419395 128.874510
8.717651 129.964664
9.139160 125.570626
8.563545 126.355776
8.972992 134.559459
8.372383 131.045764
9.026711 133.865654
8.694855 126.858818
9.381729 136.867880
9.188828 129.412202
9.059372 130.683094
8.861801 131.243299
8.840401 125.444156
8.429535 123.762011
8.581032 128.850810
8.974388 132.604311
8.739487 124.514007
8.324364 123.448971
10.051964 144.679418
7.970490 117.986939
9.075050 130.577024
9.166214 135.982327
7.679146 114.484102
8.617493 130.758243
8.721680 128.044395
9.129295 136.724014
8.672997 123.485157
8.655693 121.415452
8.818336 131.448007
8.090240 122.198492
8.581261 127.396982
8.379364 122.319375
8.472771 124.357168
8.294197 121.576299
9.234673 129.858309
9.256050 131.265890
8.519760 124.118602
8.806206 121.702162
8.850746 130.528557
9.128082 130.153438
9.166214 135.982327
8.664185 126.951756
8.579544 124.611966
9.074707 133.799173
8.976746 129.340131
8.623924 126.364731
8.223152 119.882201
8.744385 124.628296
9.055115 134.737753
7.647583 112.890480
10.081352 140.290458
8.262726 116.508176
9.042915 126.273340
8.402390 120.347533
8.317154 121.941643
9.079308 139.932559
9.166214 135.982327
8.719894 126.465397
8.441299 122.435326
8.721680 128.044395
9.271111 133.964583
8.926987 130.590417
8.328415 120.899386
9.949150 141.320374
8.473892 131.677686
8.318092 126.444939
9.084091 138.049310
8.332054 118.607041
8.541481 124.050803
8.435692 128.025089
9.154930 125.352809
8.865486 130.582843
8.493187 119.279207
8.467575 124.928359
9.303818 142.670239
8.717651 129.964664
8.996246 131.365232
9.602486 145.025641
8.211044 117.717857
9.058571 126.393047
8.606689 127.494184
9.128082 130.153438
8.734680 125.225227
9.641441 140.746542
8.334068 114.893882
9.053970 131.583060
8.579544 124.611966
8.664871 129.074560
8.148216 121.276225
9.157379 127.175499
8.678490 122.614056
8.603096 123.675463
9.031448 138.666301
8.991165 132.887097
9.100021 144.745933
8.594147 132.053733
8.071381 120.870253
9.257881 135.127343
8.350594 122.899942
8.573502 117.544352
9.010483 132.585108
9.153053 138.812617
8.606689 127.494184
8.139862 119.149743
9.093819 135.853869
8.715408 131.717694
8.465012 122.438700
8.790710 127.826548
8.271172 119.900152
9.931366 147.285384
8.926964 133.700166
8.984779 125.707520
8.841705 123.140359
8.364716 128.322360
8.818428 121.452433
8.719757 125.460362
8.651505 122.947799
8.866951 129.051276
8.193901 116.743989
10.081352 140.290458
8.693390 125.108873
9.149025 132.580108
8.405823 124.843608
9.602486 145.025641
9.271111 133.964583
8.263435 122.501683
8.590622 127.887293
8.619598 123.914589
9.180748 136.561363
9.046806 128.635323
8.686615 124.830746
9.303040 137.585708
9.010483 132.585108
8.625549 123.497069
8.445374 122.896833
8.594147 132.053733
9.076309 131.228277
8.402023 124.180738
9.131195 139.273115
7.930687 119.377572
8.460892 129.870268
8.438690 129.722810
9.092537 129.924461
10.081352 140.290458
9.974419 155.891551
8.712936 128.475425
9.053421 129.604721
9.085968 131.275913
8.766266 123.982929
9.021812 128.734789
8.274559 119.243313
8.644707 130.513668
7.678963 107.544857
8.696983 133.301728
8.469658 126.367124
8.427956 126.766420
8.073967 121.211220
7.281715 105.510293
8.942871 129.006006
8.071381 120.870253
10.429573 145.058135
8.639168 134.393388
9.268684 132.846217
8.712730 126.730305
8.520149 128.793497
7.724098 114.953497
9.896118 138.793480
8.629852 123.260563
8.642052 126.095562
8.847725 132.101883
8.466614 126.138651
8.488403 126.750089
8.754639 137.590023
9.093819 135.853869
9.010597 131.286571
8.520882 127.666920
9.105904 136.192331
8.530884 124.800256
8.715981 125.362563
9.381729 136.867880
8.514885 126.900280
9.148819 139.365696
8.664207 128.831188
9.193474 134.902883
9.574974 135.005529
8.196465 123.541893
9.148819 139.365696
9.154816 132.741615
9.174179 132.723001
8.369888 119.794774
8.663315 127.179102
8.385979 119.624753
8.908173 126.754956
8.244598 114.756123
8.197060 122.355247
8.422050 128.522172
8.267487 116.313433
8.831955 129.144354
8.475700 124.434709
9.005562 132.145351
9.057266 139.405416
8.653473 133.318708
9.010597 131.286571
8.826645 129.077605
8.833488 132.557945
9.695526 138.924609
8.655464 129.668782
8.740105 124.398190
8.985580 129.739921
8.999245 136.129758
9.303818 142.670239
8.848457 128.424220
8.655693 121.415452
8.651505 122.947799
8.431068 120.374138
9.397820 142.887344
9.084091 138.049310
8.843491 130.618408
8.476067 125.697179
8.632576 129.231411
8.427361 120.354104
8.715019 125.602930
9.026779 134.099263
8.190331 120.309882
8.090240 122.198492
8.564987 126.475863
7.854309 113.496094
8.362381 125.960825
8.678490 122.614056
9.602486 145.025641
8.193901 116.743989
8.517471 118.078122
8.448532 123.465719
8.715363 125.423946
8.263573 120.482697
8.395752 121.499927
8.581261 127.396982
9.450050 139.640416
8.243431 120.348607
8.869125 127.875169
9.145844 133.783262
8.122787 113.292738
9.032982 125.591125
8.569954 119.456835
9.088280 135.313723
8.470482 123.464316
8.328415 120.899386
8.601906 130.404674
8.410858 119.583239
8.122787 113.292738
9.017967 134.151462
7.728722 110.484163
8.556061 132.971407
8.894600 128.117768
8.382729 123.446788
7.772255 114.775078
8.968323 131.935568
9.049965 133.881395
9.110481 140.754842
8.639168 134.393388
9.100388 124.952980
8.435760 127.379664
8.958229 130.568167
9.271111 133.964583
8.782402 126.940689
9.195282 141.107495
9.059624 127.225124
8.361694 122.539478
8.715363 125.423946
9.178734 133.390824
8.556519 128.163129
8.366318 124.772837
8.433449 126.445164
8.999245 136.129758
9.105652 135.162472
8.718407 124.630816
8.718613 134.180741
8.334251 119.376539
9.075577 132.148454
8.334068 114.893882
8.264351 120.635896
8.639374 126.627737
8.232010 124.451472
8.287376 123.634830
8.443748 124.029591
8.597672 131.949485
8.721680 128.044395
8.985580 129.739921
9.046806 128.635323
8.593918 115.160309
7.907684 118.828705
8.601700 125.074870
8.224022 120.582570
8.780846 125.976816
9.005173 131.503590
8.471100 123.006653
7.700821 115.784531
9.053421 129.604721
8.869125 127.875169
8.556061 132.971407
8.405823 124.843608
8.892815 122.857447
7.854309 113.496094
9.026779 134.099263
9.076309 131.228277
8.635963 123.195901
8.811012 128.023490
9.407227 132.677386
8.384010 123.020844
9.459045 137.728974
8.556770 131.651132
8.756104 126.089561
8.497810 124.511416
8.469841 131.431648
8.788124 124.186153
8.349083 122.496762
9.199471 122.889866
8.349083 122.496762
8.556061 132.971407
9.691452 137.441488
8.833488 132.557945
9.079811 137.959304
9.145226 135.203671
8.823212 129.119358
8.589523 122.746860
8.607422 126.313257
8.756538 122.542057
9.730042 132.739051
8.628777 131.610199
8.831955 129.144354
9.063881 126.639851
9.026711 133.865654
9.092537 129.924461
8.715729 134.458204
8.991165 132.887097
8.681946 132.675421
8.264809 122.855503
9.105263 133.693738
9.154633 132.591881
8.549835 125.304718
10.039513 147.714215
8.473892 131.677686
8.572220 119.157407
7.772255 114.775078
9.010597 131.286571
8.460892 129.870268
8.826988 118.776273
8.224937 129.171426
8.889015 132.195707
9.049187 131.417668
8.615158 124.306091
8.326515 125.338715
8.469841 131.431648
8.514885 126.900280
9.046806 128.635323
8.806480 131.605568
9.005173 131.503590
8.346428 120.355042
9.003571 124.628244
8.261467 120.970319
8.644707 130.513668
8.520836 117.065098
9.085510 133.664726
8.551804 121.072157
9.048294 135.411714
8.293762 121.101806
8.715408 131.717694
8.594261 123.309473
8.753906 127.003492
8.498337 125.723495
8.908127 129.570539
9.085968 131.275913
9.303818 142.670239
8.274559 119.243313
8.505936 119.999876
8.394150 118.135784
8.819870 131.574725
8.867775 130.167915
8.066826 117.335623
8.715019 125.602930
8.719757 125.460362
9.053009 135.822038
9.407433 131.511608
8.477028 124.003949
8.428986 121.271242
9.195282 141.107495
8.664207 128.831188
9.641441 140.746542
8.262726 116.508176
8.720512 124.301377
8.582314 122.199930
8.584076 133.180031
8.888214 131.191289
9.318901 135.615990
9.220459 141.709637
8.440292 124.582292
8.555901 120.093607
8.525734 123.164035
8.744957 132.926874
9.379669 131.600330
9.070496 134.828431
8.435760 127.379664
8.556061 132.971407
9.085968 131.275913
8.475700 128.217854
8.971115 131.136805
9.174179 132.723001
9.174179 132.723001
8.566521 128.630095
7.958908 117.396677
8.244598 114.756123
8.889015 132.195707
9.609261 140.648478
9.641052 148.377058
8.601700 125.074870
9.073586 125.715283
9.073586 125.715283
8.469658 126.367124
9.155411 134.030618
7.907684 118.828705
8.317154 121.941643
8.372383 121.875242
9.079102 136.345704
8.267487 116.313433
8.567757 126.094509
9.069214 137.990293
8.586662 129.897719
8.520149 128.793497
8.487991 120.915121
8.564987 126.475863
8.717651 129.964664
9.056740 133.296673
9.218102 138.758980
8.418457 125.394635
8.608887 133.168143
9.272141 134.906660
8.394150 118.135784
9.046715 139.768741
8.628777 131.610199
8.397034 128.207462
7.795052 117.441781
8.675034 127.076724
8.566910 132.158538
8.581261 127.396982
8.824059 137.883516
8.211044 117.717857
8.653130 127.882622
8.358582 121.710748
7.814117 115.298193
8.653473 133.318708
9.067886 137.994537
9.073586 125.715283
9.111626 137.334926
9.082283 127.661969
8.579544 124.611966
8.758644 131.324149
8.282661 126.773350
9.326317 134.155223
8.564987 126.475863
7.795052 117.441781
8.692131 129.474556
7.868980 115.857304
8.679428 131.255526
9.185509 138.049526
8.655006 124.381840
8.829369 121.414274
8.826988 118.776273
8.413971 119.748403
9.049187 131.417668
9.060265 131.890125
8.619553 122.384431
9.540825 133.845488
8.614906 129.019267
8.541481 124.050803
8.601700 125.074870
8.772812 123.542881
8.266937 121.756597
8.956032 130.382806
8.593918 115.160309
8.372383 121.875242
8.775078 126.147267
8.050117 119.872982
8.487991 120.915121
7.814117 115.298193
8.455032 127.052152
8.428986 121.271242
8.498337 125.723495
8.774162 133.666482
8.579247 128.926511
8.718407 124.630816
9.174591 131.406719
8.467575 124.928359
8.103607 117.421428
8.670662 122.205281
8.467255 123.313573
9.271111 133.964583
8.248100 133.325328
8.818428 121.452433
9.032524 124.852522
8.908127 129.570539
8.505936 119.999876
8.778419 129.026781
8.294197 121.576299
9.063789 138.823350
8.424614 118.658358
9.269325 132.198852
9.303818 142.670239
8.768532 128.954141
7.679146 114.484102
8.369888 119.794774
8.434227 126.425495
8.530884 124.800256
8.221024 124.690413
9.058571 126.393047
8.586411 128.646815
8.350594 122.899942
8.653473 133.318708
8.826645 129.077605
9.005173 131.503590
9.052620 138.405384
9.647713 135.603322
8.610649 121.852389
9.005562 132.145351
7.663330 111.570595
9.193474 134.902883
8.795036 130.364463
8.580620 129.712765
8.623146 124.416860
8.305069 121.232346
8.440292 124.582292
8.806206 121.702162
9.070953 131.822294
8.358582 121.710748
9.105904 136.192331
9.097595 127.872063
8.334068 114.893882
8.328415 120.899386
9.075050 130.577024
8.633286 125.620193
9.075050 130.577024
8.571396 126.357238
8.745483 135.312240
8.715729 134.458204
8.581970 124.430987
9.096268 127.039282
8.581787 125.483368
8.724289 126.466685
8.926987 130.590417
8.569954 119.456835
8.467575 124.928359
8.262726 116.508176
8.266937 121.756597
8.590622 127.887293
8.686638 128.460089
9.562042 138.691527
8.693390 125.108873
8.636536 133.727063
9.146507 129.492960
8.724289 126.466685
9.078827 132.465557
8.487991 120.915121
8.718613 134.180741
9.135246 132.898824
8.424408 128.034702
9.412010 133.891726
8.434227 126.425495
9.142044 140.447048
8.475700 128.217854
8.394150 118.135784
9.128952 133.559019
8.686615 124.830746
9.063332 129.180024
9.056740 133.296673
9.208763 130.481803
8.557205 125.943272
8.520882 127.666920
8.660316 121.161709
8.488403 126.750089
8.617332 124.236866
8.572426 118.657938
8.538803 129.085706
9.174179 132.723001
9.060265 131.890125
8.602158 119.864448
8.348969 129.135001
8.431068 120.374138
8.251419 116.122887
8.366318 124.772837
9.049965 133.881395
8.538803 129.085706
8.382729 123.446788
8.246956 120.466139
8.139862 119.149743
9.234673 129.858309
8.332054 118.607041
8.318092 126.444939
8.753174 127.885903
8.648117 130.847280
9.335175 129.421514
9.110481 140.754842
7.728722 110.484163
7.667061 113.397035
8.604057 124.701826
8.826988 118.776273
7.827438 117.865927
8.572426 118.657938
9.412445 133.598893
8.691925 131.393395
8.505936 119.999876
7.975845 117.180719
8.331757 118.657116
9.075256 133.539422
8.768898 126.029000
9.218102 138.758980
9.076309 131.228277
8.469658 126.367124
9.093819 135.853869
9.129295 136.724014
8.487991 120.915121
8.189598 111.417576
9.335175 129.421514
8.327499 120.280709
8.467255 123.313573
8.753906 127.003492
9.576439 135.619702
9.234673 129.858309
8.633286 125.620193
9.031448 138.666301
9.905594 152.915454
9.063721 141.018925
8.416672 123.106173
8.720512 124.301377
8.498154 120.466672
9.063789 138.823350
9.195282 141.107495
9.078827 132.465557
8.438507 123.368608
8.675034 127.133090
8.424156 125.582927
8.734680 125.225227
7.695190 114.908851
8.642395 128.041006
8.614906 129.019267
8.615158 124.306091
8.144234 122.473526
8.655098 131.542677
8.271172 119.900152
8.428986 121.271242
9.084984 135.641195
8.261467 120.970319
8.623924 126.364731
8.541023 123.900464
8.633286 125.620193
9.962425 137.468808
8.139862 119.149743
8.719757 125.460362
8.266937 121.756597
8.619644 132.396003
8.190331 120.309882
8.696526 124.867123
8.678925 122.470691
8.593918 115.160309
8.629852 123.260563
9.182350 133.880264
9.115540 126.239483
8.472771 124.357168
8.837334 130.979781
8.648438 121.238764
8.248352 121.250764
8.472771 124.357168
9.154884 132.982336
9.597496 141.603338
8.547272 124.891410
9.071800 125.145856
8.818336 131.448007
9.609261 140.648478
9.641441 140.746542
7.975845 117.180719
9.154930 125.352809
9.195282 141.107495
9.073288 133.768686
8.372612 126.949384
8.469063 123.402970
8.756104 126.089561
8.355629 117.988358
8.913506 129.981176
9.010483 132.585108
8.984779 125.707520
9.412010 133.891726
8.525917 125.731037
9.005173 131.503590
8.327316 120.400579
8.398979 124.662234
8.324364 123.448971
8.876610 130.656119
8.672699 129.337920
9.145226 135.203671
8.398979 124.662234
9.199471 122.889866
8.495934 127.206868
9.974419 155.891551
9.053009 135.822038
9.083839 129.014757
9.029800 134.765791
8.493828 124.861100
9.793556 140.691476
8.981918 131.661647
7.679146 114.484102
8.736740 126.091013
9.200684 127.893210
8.525734 123.164035
8.263573 120.482697
8.344162 117.918838
9.067886 137.994537
9.323112 130.615732
8.224091 117.145353
8.717651 129.964664
9.184708 133.794928
9.178734 133.390824
8.740105 124.398190
9.097572 135.471265
9.115540 126.239483
9.021812 128.734789
9.905594 152.915454
9.574974 135.005529
8.779564 126.327786
9.014053 131.779839
8.540886 123.897896
7.724098 114.953497
8.577736 127.087767
8.703072 129.215465
8.599434 130.787620
8.639374 126.627737
8.715408 131.717694
8.547272 124.891410
8.422050 128.522172
8.650452 127.093856
8.473892 131.677686
8.675034 127.076724
8.577736 127.087767
8.838707 130.081327
8.581261 127.396982
8.448532 123.465719
9.395828 132.381575
8.196465 123.541893
8.490623 121.910995
8.470894 120.127293
8.734680 125.225227
8.639900 128.385365
8.122787 113.292738
9.406380 137.839387
8.755257 117.500680
10.218727 151.068665
9.053970 131.583060
9.085510 133.664726
8.525826 122.109269
8.787277 120.812903
8.721680 128.044395
8.584076 133.180031
8.200676 118.830044
8.566521 128.630095
8.470894 120.127293
8.579544 124.611966
8.559334 122.181522
9.174179 132.723001
9.007278 131.636950
8.627174 128.468440
8.630951 122.939069
8.541023 123.900464
8.636536 133.727063
8.279755 119.219433
