2.000000 66.013025 105.125506 26.900544
2.100000 71.781848 108.942862 34.620835
2.200000 77.211956 112.649229 41.774682
2.300000 82.376120 116.248044 48.504197
2.400000 87.335688 119.757667 54.913708
2.500000 92.141773 123.203775 61.079770
2.600000 96.836373 126.613763 67.058982
2.700000 101.453391 130.013004 72.893778
2.800000 106.019582 133.422616 78.616548
2.900000 110.555420 136.858386 84.252454
3.000000 115.075897 140.330516 89.821278
3.100000 119.591250 143.843930 95.338570
3.200000 124.107629 147.398920 100.816338
3.300000 128.627702 150.991967 106.263437
3.400000 133.151207 154.616617 111.685797
3.500000 137.675447 158.264312 117.086583
3.600000 142.195745 161.925138 122.466351
3.700000 146.705838 165.588454 127.823223
3.800000 151.198248 169.243385 133.153110
3.900000 155.664593 172.879214 138.449972
4.000000 160.095879 176.485653 143.706104
4.100000 164.482742 180.053040 148.912444
4.200000 168.815672 183.572464 154.058881
4.300000 173.085199 187.035849 159.134549
4.400000 177.282052 190.436004 164.128101
4.500000 181.397301 193.766656 169.027947
4.600000 185.422467 197.022481 173.822453
4.700000 189.349616 200.199138 178.500095
4.800000 193.171435 203.293309 183.049561
4.900000 196.881288 206.302767 187.459809
5.000000 200.473258 209.226444 191.720072
5.100000 203.942177 212.064530 195.819824
5.200000 207.283637 214.818548 199.748727
5.300000 210.494001 217.491412 203.496591
5.400000 213.570394 220.087384 207.053404
5.500000 216.510688 222.611854 210.409521
5.600000 219.313485 225.070850 213.556119
5.700000 221.978088 227.470210 216.485966
5.800000 224.504468 229.814467 219.194468
5.900000 226.893227 232.105723 221.680731
6.000000 229.145560 234.342906 223.948214
6.100000 231.263207 236.521775 226.004639
6.200000 233.248412 238.635703 227.861121
6.300000 235.103873 240.676915 229.530830
6.400000 236.832695 242.637715 231.027676
6.500000 238.438346 244.511380 232.365312
6.600000 239.924601 246.292647 233.556555
6.700000 241.295502 247.977843 234.613162
6.800000 242.555310 249.564809 235.545811
6.900000 243.708457 251.052704 236.364210
7.000000 244.759506 252.441790 237.077221
7.100000 245.713109 253.733219 237.692999
7.200000 246.573967 254.928837 238.219097
7.300000 247.346796 256.031036 238.662555
7.400000 248.036286 257.042614 239.029957
7.500000 248.647076 257.966674 239.327478
7.600000 249.183722 258.806540 239.560904
7.700000 249.650671 259.565685 239.735658
7.800000 250.052236 260.247673 239.856799
7.900000 250.392576 260.856118 239.929034
8.000000 250.675679 261.394641 239.956717
8.100000 250.905345 261.866837 239.943852
8.200000 251.085172 262.276249 239.894095
8.300000 251.218551 262.626344 239.810759
8.400000 251.308653 262.920489 239.696816
8.500000 251.358424 263.161938 239.554909
8.600000 251.370586 263.353812 239.387359
8.700000 251.347634 263.499089 239.196178
8.800000 251.291836 263.600591 238.983081
8.900000 251.205239 263.660975 238.749504
9.000000 251.089673 263.682729 238.496618
9.100000 250.946757 263.668164 238.225349
9.200000 250.777905 263.619413 237.936397
9.300000 250.584343 263.538432 237.630254
9.400000 250.367111 263.426999 237.307223
9.500000 250.127080 263.286718 236.967442
9.600000 249.864962 263.119024 236.610900
9.700000 249.581325 262.925192 236.237458
9.800000 249.276604 262.706340 235.846867
9.900000 248.951119 262.463446 235.438792
10.000000 248.605084 262.197347 235.012821
10.100000 248.238628 261.908761 234.568496
10.200000 247.851803 261.598290 234.105317
10.300000 247.444602 261.266433 233.622770
10.400000 247.016969 260.913600 233.120339
10.500000 246.568819 260.540118 232.597520
10.600000 246.100044 260.146245 232.053843
10.700000 245.610527 259.732176 231.488879
10.800000 245.100157 259.298056 230.902259
10.900000 244.568835 258.843985 230.293685
11.000000 244.016485 258.370028 229.662941
11.100000 243.443064 257.876225 229.009903
11.200000 242.848569 257.362594 228.334545
11.300000 242.233044 256.829139 227.636949
11.400000 241.596583 256.275863 226.917304
11.500000 240.939339 255.702769 226.175910
11.600000 240.261523 255.109870 225.413176
11.700000 239.563408 254.497199 224.629618
11.800000 238.845332 253.864814 223.825849
11.900000 238.107692 253.212807 223.002577
12.000000 237.350950 252.541312 222.160588
12.100000 236.575627 251.850516 221.300738
12.200000 235.782299 251.140658 220.423939
12.300000 234.971594 250.412045 219.531144
12.400000 234.144190 249.665050 218.623330
12.500000 233.300802 248.900118 217.701487
12.600000 232.442184 248.117770 216.766598
12.700000 231.569115 247.318601 215.819628
12.800000 230.682394 246.503279 214.861509
12.900000 229.782834 245.672541 213.893127
13.000000 228.871250 244.827190 212.915310
13.100000 227.948452 243.968081 211.928822
13.200000 227.015236 243.096121 210.934352
13.300000 226.072378 242.212253 209.932503
13.400000 225.120620 241.317448 208.923792
13.500000 224.160667 240.412699 207.908635
13.600000 223.193176 239.499010 206.887342
13.700000 222.218752 238.577397 205.860108
13.800000 221.237938 237.648882 204.826993
13.900000 220.251210 236.714509 203.787910
14.000000 219.258974 235.775350 202.742599
14.100000 218.261562 234.832530 201.690594
14.200000 217.259226 233.887261 200.631191
14.300000 216.252141 232.940880 199.563402
14.400000 215.240401 231.994901 198.485900
14.500000 214.224021 231.051077 197.396965
14.600000 213.202943 230.111468 196.294418
14.700000 212.177036 229.178514 195.175559
14.800000 211.146104 228.255106 194.037102
14.900000 210.109890 227.344657 192.875123
