7.524 12.952 26.850 7.556 15.785 -1.979 3.297 1.092 0.424 -3.581 0.250 3.420 -1.869
7.498 12.677 26.182 6.857 15.841 -2.775 4.198 2.921 -1.702 -5.853 2.931 4.703 -3.440
7.571 12.921 26.313 8.000 15.542 -3.466 3.292 3.648 -0.177 -6.306 1.599 4.760 -2.864
7.465 12.766 26.184 7.485 15.608 -2.648 2.940 2.126 0.770 -5.075 0.615 4.412 -2.507
7.503 12.797 26.395 7.470 15.634 -2.806 3.144 3.241 0.289 -7.169 1.624 5.837 -3.463
7.436 12.866 26.709 7.329 15.458 -2.447 2.864 2.566 0.594 -5.446 0.809 4.472 -2.516
7.571 12.921 26.313 8.000 15.542 -3.466 3.292 3.648 -0.177 -6.306 1.599 4.760 -2.864
7.681 13.297 27.019 7.047 15.858 -2.353 3.737 1.742 -0.728 -3.862 1.640 2.927 -2.054
7.492 13.205 26.994 7.988 14.991 -2.288 2.235 2.013 0.800 -4.308 0.462 3.423 -1.842
7.486 13.145 26.547 7.403 15.501 -3.078 2.909 3.272 0.912 -7.045 1.301 5.974 -3.593
7.548 12.331 26.761 6.992 15.178 -3.063 2.665 3.797 0.638 -8.097 1.965 6.859 -4.292
7.480 12.855 27.131 5.797 15.277 -2.821 2.811 3.082 0.342 -6.686 1.650 5.569 -3.448
7.170 12.405 26.473 6.859 15.402 -1.986 2.048 1.791 1.979 -6.378 0.207 6.160 -3.395
7.545 12.251 27.020 7.881 15.129 -2.447 3.079 1.396 -0.248 -3.369 0.894 2.886 -1.751
7.533 12.921 27.180 8.238 15.712 -1.669 3.214 1.326 0.427 -4.589 0.683 4.459 -2.633
7.553 13.136 27.138 7.148 15.842 -1.786 3.112 1.640 1.000 -5.352 0.529 4.767 -2.637
7.553 12.648 27.361 6.367 14.699 -2.956 1.783 3.664 0.963 -7.323 1.470 5.865 -3.499
7.473 12.785 26.036 6.445 15.806 -3.012 3.852 2.719 -0.694 -5.463 1.782 4.572 -2.985
7.559 13.060 26.969 6.219 15.861 -2.232 4.506 1.786 -1.725 -4.163 2.227 3.585 -2.643
7.508 13.082 26.860 7.452 15.683 -2.837 3.506 2.813 -0.103 -6.037 1.452 5.080 -3.099
7.442 12.334 25.722 10.197 15.702 -2.365 3.612 1.588 -0.247 -4.228 1.369 3.679 -2.473
7.538 13.157 26.849 7.598 15.153 -2.239 2.571 1.445 0.820 -4.034 0.264 3.584 -1.943
7.574 12.680 27.040 7.541 15.048 -2.949 1.719 4.215 1.682 -9.099 1.484 7.359 -4.269
7.620 12.260 27.398 7.961 15.069 -2.407 2.668 2.507 -0.075 -5.531 1.916 4.379 -2.922
7.503 12.969 26.026 8.087 14.880 -3.911 1.513 4.839 0.840 -8.384 2.090 6.428 -4.031
7.517 12.897 27.706 8.122 15.203 -1.663 2.987 1.306 0.663 -4.257 0.534 3.764 -2.163
7.242 12.863 26.621 6.696 15.704 -3.330 4.223 3.245 -1.497 -6.007 2.725 4.670 -3.356
7.796 12.361 26.773 8.026 15.442 -2.949 3.364 3.039 -0.401 -5.846 1.851 4.442 -2.794
7.448 12.768 27.639 6.974 15.293 -1.603 1.919 2.145 1.769 -6.731 0.772 5.961 -3.402
7.510 12.396 27.202 7.765 15.213 -1.629 2.631 1.280 0.812 -4.256 0.266 3.718 -1.871
7.500 12.546 26.370 7.867 15.106 -3.511 2.349 4.430 0.963 -8.416 1.450 6.750 -3.875
7.569 13.276 27.388 7.291 15.712 -2.082 2.764 2.415 0.638 -5.788 1.110 4.970 -2.996
7.478 13.008 27.484 7.163 15.427 -0.919 2.835 0.382 1.153 -4.045 0.277 4.178 -2.416
7.492 13.205 26.994 7.988 14.991 -2.288 2.235 2.013 0.800 -4.308 0.462 3.423 -1.842
7.533 12.792 26.535 8.979 15.450 -4.005 2.480 5.664 0.310 -10.482 2.931 8.141 -5.101
7.526 12.677 27.076 6.321 14.708 -3.051 1.922 3.538 0.394 -6.359 1.709 4.989 -3.178
7.523 12.739 27.314 8.062 15.052 -3.395 2.408 4.301 0.825 -8.077 1.651 6.168 -3.597
7.851 12.686 27.079 6.617 15.087 -1.868 3.014 2.562 -0.983 -5.849 2.997 4.354 -3.344
7.524 12.333 27.266 7.435 15.417 -1.888 3.232 2.696 -0.242 -6.951 2.297 5.865 -3.861
7.506 12.875 26.396 7.224 15.387 -3.515 3.329 3.522 -0.606 -5.557 1.687 4.032 -2.490
7.500 12.904 26.396 8.157 15.678 -2.590 3.904 2.147 -0.816 -4.619 1.664 3.730 -2.407
7.525 13.203 25.697 8.012 14.965 -4.516 1.744 5.720 0.961 -9.710 2.110 7.328 -4.329
7.503 12.810 27.235 6.907 15.157 -1.534 2.141 2.103 1.560 -6.389 0.683 5.731 -3.255
7.478 13.008 27.484 7.163 15.427 -0.919 2.835 0.382 1.153 -4.045 0.277 4.178 -2.416
7.534 12.674 27.427 7.322 16.215 -1.034 4.096 0.442 0.158 -3.901 0.693 3.951 -2.389
7.504 12.291 27.095 6.686 15.269 -1.652 1.996 2.086 1.266 -6.248 1.169 5.495 -3.342
7.578 12.893 27.046 8.146 15.264 -2.418 2.006 2.631 1.947 -6.070 -0.001 5.152 -2.601
7.425 12.456 27.346 8.259 14.627 -2.447 1.573 2.377 1.622 -5.600 0.126 4.771 -2.435
7.618 12.359 27.353 7.705 14.947 -2.354 1.728 2.574 1.427 -5.640 0.476 4.473 -2.345
7.545 12.550 26.949 8.478 15.366 -2.562 2.923 3.669 0.290 -8.013 2.082 6.406 -3.938
7.517 12.564 26.647 7.179 15.150 -4.108 2.196 5.316 0.753 -9.523 2.344 7.204 -4.385
7.564 12.738 26.520 7.503 15.229 -2.095 2.982 1.432 0.057 -3.950 0.941 3.435 -2.088
7.099 12.771 26.958 7.857 15.725 -2.255 2.898 1.413 1.241 -4.846 0.076 4.632 -2.419
7.548 12.273 27.589 7.694 15.496 -2.380 3.040 2.813 0.488 -6.321 1.139 5.250 -2.991
7.499 12.868 26.953 7.341 14.745 -2.416 1.219 3.404 2.093 -7.725 0.623 6.570 -3.584
7.740 13.106 27.583 7.817 15.547 -1.482 3.517 0.607 -0.000 -2.901 0.565 2.540 -1.440
7.468 12.921 26.020 8.399 15.196 -3.514 1.508 4.300 1.888 -7.932 0.661 6.234 -3.273
8.072 12.896 27.262 7.340 15.366 -1.412 3.067 1.087 0.108 -3.340 0.698 2.817 -1.653
7.543 12.393 26.486 7.399 15.108 -2.888 2.893 2.458 0.389 -4.951 0.782 3.922 -2.192
7.505 12.955 27.487 7.559 15.565 -2.195 3.230 2.277 0.364 -5.909 1.227 5.142 -3.050
7.469 12.612 27.042 8.828 15.711 -1.370 3.687 0.273 0.133 -2.703 0.255 2.770 -1.604
7.884 12.995 27.543 6.968 15.876 -1.720 5.031 1.268 -2.184 -3.621 2.602 2.931 -2.417
7.476 12.210 26.412 7.095 15.027 -4.051 1.830 4.987 1.176 -8.781 1.539 6.862 -3.946
7.595 12.488 27.084 8.071 15.580 -3.201 3.350 4.259 -0.833 -8.275 3.257 6.376 -4.366
7.472 12.339 25.717 7.264 15.142 -3.135 2.006 3.546 1.532 -7.240 0.748 6.029 -3.357
7.471 12.715 27.638 7.701 15.685 -2.019 3.599 2.467 -0.325 -6.121 1.952 5.244 -3.432
7.475 13.046 27.225 7.195 15.961 -1.538 4.241 0.922 -0.621 -4.132 1.386 4.069 -2.714
7.518 12.404 26.878 9.272 15.248 -2.465 2.711 3.247 0.346 -7.389 1.802 6.279 -3.814
7.516 12.622 26.861 7.484 15.559 -3.780 2.862 5.113 0.251 -8.902 2.147 6.761 -4.057
7.629 12.274 27.045 6.766 15.165 -3.416 3.225 3.799 -0.570 -6.446 2.220 4.635 -3.034
7.563 12.241 27.900 8.007 15.596 -1.332 3.444 1.432 0.119 -5.220 1.392 4.685 -2.941
7.900 12.828 27.504 7.893 15.099 -1.804 2.627 2.003 -0.353 -5.124 2.082 4.046 -2.802
7.516 12.814 26.274 8.350 16.076 -2.561 4.839 1.856 -1.067 -4.857 1.728 4.272 -2.772
7.515 12.591 26.201 7.482 15.742 -2.296 3.332 1.845 0.409 -5.035 0.877 4.519 -2.690
7.410 13.147 27.508 7.433 15.246 -1.179 2.096 0.408 1.637 -3.228 -0.514 3.222 -1.542
7.514 12.665 26.967 7.343 14.568 -2.328 1.151 2.037 2.094 -4.821 -0.321 4.076 -1.939
7.479 12.957 26.904 7.496 15.067 -2.868 2.771 2.514 0.404 -5.431 1.095 4.489 -2.680
7.481 12.915 26.560 8.824 15.628 -3.251 4.002 3.387 -1.507 -6.615 2.981 5.304 -3.732
7.723 12.974 27.249 8.032 15.853 -1.597 4.080 1.373 -0.576 -4.410 1.407 3.510 -2.169
7.475 12.913 26.935 7.233 15.648 -1.311 2.916 0.787 1.236 -4.763 0.241 4.766 -2.651
7.480 12.855 27.131 5.797 15.277 -2.821 2.811 3.082 0.342 -6.686 1.650 5.569 -3.448
7.450 12.890 27.208 7.074 15.136 -1.958 2.680 0.977 0.714 -3.388 0.103 3.188 -1.656
7.523 12.739 27.314 8.062 15.052 -3.395 2.408 4.301 0.825 -8.077 1.651 6.168 -3.597
7.628 12.999 27.801 7.584 15.221 -0.856 3.004 0.243 -0.668 -2.382 1.409 2.154 -1.710
7.623 12.703 27.428 7.853 14.733 -1.508 1.333 0.783 1.713 -3.246 -0.063 2.890 -1.571
7.500 12.904 26.396 8.157 15.678 -2.590 3.904 2.147 -0.816 -4.619 1.664 3.730 -2.407
7.094 13.375 25.644 7.941 16.065 -2.425 3.900 1.481 0.094 -4.749 1.076 4.327 -2.663
7.607 12.786 26.574 6.844 15.733 -1.931 3.575 1.469 0.027 -4.261 0.881 3.675 -2.119
7.521 13.195 26.692 7.011 15.809 -2.545 3.060 3.205 0.680 -7.242 1.273 5.898 -3.363
7.510 12.410 27.484 7.275 14.873 -2.530 2.445 2.065 0.984 -4.748 0.220 4.195 -2.187
7.167 13.241 25.790 8.128 15.785 -3.600 2.991 3.787 0.339 -7.560 1.734 6.263 -3.801
7.608 12.757 26.854 7.253 14.993 -2.301 1.786 2.782 1.383 -6.535 0.911 5.275 -2.966
7.432 12.415 26.781 6.630 15.547 -2.472 3.153 2.570 -0.044 -5.921 1.665 4.761 -2.981
7.516 12.873 26.193 7.533 15.239 -3.494 2.217 4.216 0.777 -7.779 1.748 6.057 -3.720
7.515 12.563 27.051 7.705 14.450 -4.065 0.882 6.365 1.655 -11.262 2.234 8.597 -5.033
7.606 12.900 26.726 8.628 15.501 -2.385 3.268 1.857 -0.071 -4.355 1.162 3.522 -2.222
7.545 12.570 27.780 7.790 15.301 -1.674 3.027 1.490 0.138 -4.145 0.917 3.388 -1.981
7.486 12.789 26.705 6.944 15.275 -2.595 2.423 2.524 0.940 -6.092 1.049 5.319 -3.225
7.415 12.974 26.822 6.277 15.540 -2.324 3.620 2.164 -0.803 -5.006 1.913 4.140 -2.817
7.535 13.478 26.646 6.318 15.473 -1.428 2.824 1.026 0.816 -4.329 0.516 4.051 -2.356
7.582 12.730 26.868 9.213 15.387 -3.380 3.179 3.661 -0.186 -6.919 1.955 5.460 -3.386
7.533 13.456 27.257 8.147 15.310 -2.139 2.410 2.672 0.592 -5.957 1.211 4.833 -2.856
7.546 12.950 26.878 9.333 15.654 -3.089 3.731 4.341 -1.050 -8.185 3.226 6.460 -4.450
7.534 13.252 26.878 7.617 15.129 -2.774 1.271 3.340 1.966 -7.167 0.825 5.758 -3.254
7.463 12.555 26.676 8.187 15.443 -3.057 2.263 3.868 1.352 -7.656 1.022 6.066 -3.346
7.517 13.041 26.598 7.820 15.240 -3.244 2.356 3.623 0.842 -6.959 1.193 5.645 -3.287
7.491 13.079 26.500 7.933 15.778 -3.383 3.618 4.785 -0.264 -8.863 2.467 6.843 -4.189
7.530 12.839 26.783 8.074 15.325 -2.239 2.436 2.537 0.854 -6.256 1.160 5.433 -3.256
7.530 12.898 26.852 6.935 15.934 -1.801 3.155 1.880 0.438 -5.174 1.039 4.596 -2.797
7.435 13.246 26.982 8.661 15.328 -1.464 2.426 0.843 1.316 -3.774 -0.123 3.413 -1.682
7.560 12.750 27.263 7.997 15.556 -1.308 2.827 0.538 1.317 -3.866 -0.096 3.957 -2.116
7.584 12.906 27.555 7.650 15.342 -2.681 3.379 2.595 -0.284 -5.357 1.260 4.329 -2.513
7.543 13.088 27.451 7.523 15.336 -2.116 2.678 2.270 0.976 -6.324 1.208 5.380 -3.265
7.421 12.616 26.894 7.000 15.244 -3.037 3.327 2.960 -0.312 -5.633 1.544 4.447 -2.723
7.519 12.343 26.045 7.380 15.312 -3.068 2.490 3.400 0.686 -6.698 1.139 5.503 -3.148
7.563 12.241 27.900 8.007 15.596 -1.332 3.444 1.432 0.119 -5.220 1.392 4.685 -2.941
7.549 13.107 26.516 6.845 15.763 -2.970 4.257 3.083 -1.358 -6.061 2.727 4.870 -3.467
7.447 12.619 26.844 7.191 15.286 -1.902 1.370 2.115 2.882 -6.013 -0.649 5.429 -2.525
7.548 12.273 27.589 7.694 15.496 -2.380 3.040 2.813 0.488 -6.321 1.139 5.250 -2.991
7.225 12.659 27.212 7.157 15.722 -1.714 4.100 0.237 0.161 -3.280 0.294 3.407 -1.919
7.195 13.168 25.536 8.171 15.891 -3.516 2.252 4.671 1.801 -9.829 1.127 8.393 -4.673
7.507 13.161 26.212 6.504 15.249 -3.236 2.224 3.268 1.246 -6.421 0.605 5.391 -2.945
7.550 12.893 26.841 7.592 15.254 -3.409 2.230 4.584 0.728 -8.713 1.978 6.718 -3.988
7.432 12.793 26.444 7.350 15.671 -2.814 3.451 3.838 -0.733 -7.892 2.644 6.191 -3.959
7.504 12.877 27.376 8.151 15.232 -0.954 1.758 0.598 2.175 -4.189 -0.503 4.202 -2.104
7.672 12.839 28.205 7.111 15.626 -1.975 5.020 1.801 -2.792 -4.092 3.258 3.099 -2.715
7.448 12.768 27.639 6.974 15.293 -1.603 1.919 2.145 1.769 -6.731 0.772 5.961 -3.402
7.421 12.616 26.894 7.000 15.244 -3.037 3.327 2.960 -0.312 -5.633 1.544 4.447 -2.723
7.436 12.942 26.691 7.371 15.653 -3.058 3.231 3.081 0.261 -6.359 1.244 5.382 -3.147
7.475 12.766 26.740 7.902 15.791 -2.602 2.874 3.108 0.787 -7.208 1.484 6.118 -3.717
7.465 12.903 27.405 6.951 15.505 -2.781 3.435 2.721 0.031 -5.897 1.372 4.815 -2.842
7.557 12.954 26.679 8.489 15.311 -3.188 3.011 4.163 -0.194 -7.937 2.426 6.172 -3.946
7.477 12.412 27.025 8.127 15.305 -2.194 3.322 1.911 -0.137 -5.002 1.292 4.357 -2.720
7.494 13.012 27.107 8.010 15.654 -2.576 3.742 2.777 -0.366 -6.122 1.774 5.063 -3.187
7.454 13.080 26.357 8.815 15.429 -2.198 2.250 2.224 1.190 -5.264 0.420 4.336 -2.300
7.481 12.988 27.749 8.193 15.454 -2.169 2.746 2.928 0.416 -6.798 1.564 5.544 -3.320
7.539 12.750 27.732 8.193 15.517 -2.356 3.360 3.089 -0.167 -6.873 1.840 5.575 -3.392
7.622 12.921 26.663 7.505 15.164 -2.574 2.879 2.319 0.192 -4.569 0.763 3.526 -1.923
7.536 13.343 27.109 6.677 15.303 -2.524 2.672 2.678 0.532 -6.258 1.429 5.361 -3.331
7.448 12.768 27.639 6.974 15.293 -1.603 1.919 2.145 1.769 -6.731 0.772 5.961 -3.402
7.516 12.814 26.274 8.350 16.076 -2.561 4.839 1.856 -1.067 -4.857 1.728 4.272 -2.772
7.571 12.922 26.405 6.365 15.377 -2.591 3.540 1.960 -0.311 -4.721 1.408 3.932 -2.477
7.533 13.069 27.665 8.143 15.533 -2.118 3.086 1.770 0.356 -4.248 0.648 3.636 -2.091
7.574 12.680 27.040 7.541 15.048 -2.949 1.719 4.215 1.682 -9.099 1.484 7.359 -4.269
7.544 12.595 27.043 7.581 15.021 -2.362 2.239 2.846 0.546 -6.434 1.700 5.219 -3.314
7.480 12.855 27.131 5.797 15.277 -2.821 2.811 3.082 0.342 -6.686 1.650 5.569 -3.448
7.480 13.316 26.882 6.931 15.932 -2.335 4.444 2.088 -1.513 -5.264 2.519 4.653 -3.369
7.431 12.970 27.073 7.636 15.096 -1.820 2.081 0.999 0.917 -3.372 0.292 3.077 -1.755
7.552 12.492 26.281 8.512 15.745 -3.151 3.744 2.764 -0.196 -5.663 1.585 4.632 -2.956
7.539 12.636 27.164 8.319 15.629 -2.739 3.915 2.333 -0.670 -4.279 1.292 3.197 -1.961
7.501 12.364 27.042 8.796 15.025 -2.338 2.281 2.118 1.157 -5.635 0.695 5.090 -2.979
7.594 12.737 27.194 7.219 14.918 -2.767 2.251 3.100 0.515 -6.301 1.658 5.143 -3.355
7.443 12.811 26.938 6.514 15.793 -1.664 3.059 1.365 0.546 -4.343 0.644 3.877 -2.269
7.591 12.702 26.903 8.058 15.425 -2.172 3.086 1.570 0.362 -4.112 0.741 3.505 -2.057
7.435 13.011 26.109 8.033 15.135 -2.870 2.292 2.913 0.864 -6.175 1.060 5.092 -2.984
7.526 12.677 27.076 6.321 14.708 -3.051 1.922 3.538 0.394 -6.359 1.709 4.989 -3.178
7.450 12.890 27.208 7.074 15.136 -1.958 2.680 0.977 0.714 -3.388 0.103 3.188 -1.656
7.542 12.722 26.878 7.092 15.307 -2.692 2.615 2.851 0.474 -6.136 1.354 4.908 -2.955
7.618 12.359 27.353 7.705 14.947 -2.354 1.728 2.574 1.427 -5.640 0.476 4.473 -2.345
7.447 12.619 26.844 7.191 15.286 -1.902 1.370 2.115 2.882 -6.013 -0.649 5.429 -2.525
7.549 13.072 26.596 8.568 15.461 -2.561 3.089 1.894 0.566 -4.883 0.783 4.342 -2.612
7.507 12.739 26.473 7.267 14.888 -2.645 1.546 3.067 1.666 -6.719 0.511 5.776 -3.132
7.504 12.982 26.308 8.179 15.875 -2.492 3.160 1.909 0.913 -4.638 0.110 4.052 -2.057
7.467 12.617 26.257 8.271 15.431 -3.484 3.050 3.647 0.017 -7.269 2.019 6.020 -3.816
7.547 12.394 27.123 8.465 15.308 -2.056 3.501 2.023 -0.506 -5.499 1.870 4.767 -3.168
7.473 12.785 26.036 6.445 15.806 -3.012 3.852 2.719 -0.694 -5.463 1.782 4.572 -2.985
7.526 12.677 27.076 6.321 14.708 -3.051 1.922 3.538 0.394 -6.359 1.709 4.989 -3.178
7.478 12.972 27.050 7.510 15.348 -2.947 2.593 2.882 0.767 -6.034 1.297 4.893 -3.005
7.543 13.088 27.451 7.523 15.336 -2.116 2.678 2.270 0.976 -6.324 1.208 5.380 -3.265
7.452 12.837 26.170 8.814 15.756 -3.757 3.749 4.641 -1.001 -8.455 3.191 6.648 -4.503
7.472 12.339 25.717 7.264 15.142 -3.135 2.006 3.546 1.532 -7.240 0.748 6.029 -3.357
7.470 12.683 26.756 6.739 15.445 -2.903 3.047 3.028 -0.289 -6.013 1.769 4.744 -2.959
7.503 13.004 26.292 7.614 15.566 -3.390 3.029 4.146 0.287 -8.055 1.846 6.438 -3.815
7.530 12.898 26.852 6.935 15.934 -1.801 3.155 1.880 0.438 -5.174 1.039 4.596 -2.797
7.521 12.740 26.755 7.798 15.355 -2.236 2.869 2.148 0.779 -5.560 0.745 4.801 -2.653
7.528 12.715 26.875 8.781 15.759 -2.453 4.056 2.183 -1.190 -4.822 2.054 3.835 -2.614
7.497 12.567 26.982 7.805 15.281 -3.117 3.334 2.414 0.059 -4.662 0.832 3.837 -2.194
7.519 12.747 26.886 7.979 14.885 -3.769 1.543 4.826 1.572 -8.999 1.443 7.122 -4.087
7.534 12.609 27.070 7.237 15.552 -2.918 3.508 3.064 -0.636 -6.228 2.246 4.981 -3.345
7.590 12.902 26.728 7.281 15.407 -3.018 3.007 3.775 -0.272 -7.233 2.314 5.703 -3.712
7.479 12.957 26.904 7.496 15.067 -2.868 2.771 2.514 0.404 -5.431 1.095 4.489 -2.680
7.545 13.130 27.681 7.596 15.247 -1.841 2.209 1.755 1.756 -4.733 -0.419 4.060 -1.794
7.635 12.530 27.390 6.532 15.657 -1.909 3.693 1.290 -0.626 -3.432 1.388 2.871 -1.998
7.548 12.478 26.929 7.902 15.349 -2.489 2.384 3.857 0.611 -8.215 2.094 6.619 -4.162
7.525 12.768 26.790 6.536 15.029 -2.728 2.307 2.757 0.634 -5.612 1.036 4.468 -2.587
7.494 13.012 27.107 8.010 15.654 -2.576 3.742 2.777 -0.366 -6.122 1.774 5.063 -3.187
7.194 12.703 26.597 7.570 15.252 -2.520 2.483 1.809 1.711 -5.519 -0.118 5.244 -2.685
7.536 12.732 25.992 7.572 15.505 -3.865 3.390 4.316 -0.545 -6.977 2.235 5.173 -3.354
7.506 12.802 26.951 7.656 14.964 -1.685 1.979 1.119 1.357 -4.310 0.335 3.926 -2.238
7.461 12.605 26.824 8.046 15.218 -2.746 2.736 3.086 0.506 -7.089 1.801 5.955 -3.792
7.884 12.446 27.192 8.299 15.004 -3.520 2.556 4.302 0.074 -7.260 2.093 5.162 -3.223
7.559 12.893 26.919 7.584 15.250 -2.993 2.855 2.344 0.614 -5.104 0.659 4.201 -2.288
7.797 12.377 27.545 7.273 15.325 -3.026 3.413 2.931 -0.599 -5.205 1.878 3.672 -2.401
7.551 12.663 26.868 8.013 15.156 -3.278 1.901 4.428 1.490 -8.132 0.712 6.346 -3.211
7.492 13.000 26.674 6.640 16.105 -3.351 5.145 3.264 -2.212 -6.061 2.995 4.878 -3.498
7.551 12.663 26.868 8.013 15.156 -3.278 1.901 4.428 1.490 -8.132 0.712 6.346 -3.211
7.517 12.594 26.380 7.228 15.300 -3.178 3.063 3.083 -0.046 -5.949 1.394 4.794 -2.831
7.233 12.685 26.565 6.598 15.081 -4.141 1.642 5.653 1.655 -10.722 1.979 8.491 -4.984
7.436 12.866 26.709 7.329 15.458 -2.447 2.864 2.566 0.594 -5.446 0.809 4.472 -2.516
7.518 12.404 26.878 9.272 15.248 -2.465 2.711 3.247 0.346 -7.389 1.802 6.279 -3.814
7.103 12.528 26.775 8.258 15.735 -2.033 3.276 1.078 1.274 -4.829 0.038 4.820 -2.596
7.562 13.054 27.173 7.198 15.541 -1.012 3.310 0.108 0.488 -3.007 0.386 3.234 -1.993
7.592 12.517 26.633 8.793 15.445 -3.002 2.664 3.780 0.844 -7.423 1.238 5.842 -3.311
7.567 11.999 27.761 8.234 15.082 -1.537 2.506 1.451 0.842 -4.669 0.615 3.923 -2.165
7.532 13.390 26.611 7.472 15.609 -2.548 3.914 2.032 -0.789 -4.507 1.831 3.746 -2.624
7.778 12.665 27.135 8.847 15.847 -2.713 4.578 2.558 -2.067 -4.440 2.522 3.087 -2.309
7.571 13.051 27.332 8.623 15.527 -2.294 2.761 3.248 0.492 -6.753 1.288 5.218 -2.905
7.445 12.873 27.532 7.062 16.077 -1.436 4.272 0.593 -0.472 -3.025 0.794 2.692 -1.583
7.641 12.824 27.261 6.492 15.313 -2.292 3.146 2.573 0.081 -6.029 1.620 4.804 -2.959
7.434 13.128 26.367 8.672 15.574 -3.048 3.044 3.219 0.474 -6.782 1.278 5.593 -3.207
7.559 13.060 26.969 6.219 15.861 -2.232 4.506 1.786 -1.725 -4.163 2.227 3.585 -2.643
7.428 12.936 26.772 7.628 15.504 -3.412 3.000 4.181 0.224 -8.006 2.009 6.393 -3.896
7.815 12.925 26.828 7.536 15.730 -2.502 4.360 1.159 -1.253 -2.700 1.384 2.197 -1.593
7.474 12.844 26.649 8.408 15.622 -1.722 3.423 1.507 -0.059 -4.714 1.147 4.059 -2.438
7.470 12.461 26.850 8.263 15.134 -1.946 2.466 1.315 1.016 -4.662 0.551 4.227 -2.416
7.542 12.903 27.205 7.082 15.343 -2.037 2.389 2.400 1.237 -6.286 0.924 5.404 -3.186
7.763 12.884 26.891 7.334 15.382 -2.957 4.284 2.726 -1.873 -4.568 2.631 3.164 -2.460
7.484 12.721 26.660 7.510 16.097 -2.834 4.427 2.339 -0.691 -4.955 1.353 4.174 -2.590
7.496 12.747 26.755 7.077 15.280 -2.181 2.157 2.021 1.536 -5.266 0.066 4.557 -2.334
7.532 13.003 26.661 7.022 15.047 -4.315 2.539 5.627 0.018 -8.874 2.443 6.692 -4.210
7.492 13.000 26.674 6.640 16.105 -3.351 5.145 3.264 -2.212 -6.061 2.995 4.878 -3.498
7.540 12.749 26.960 8.153 15.277 -2.258 2.304 2.049 1.527 -5.524 0.142 4.863 -2.533
7.517 13.027 26.764 7.598 14.878 -3.617 1.821 4.620 1.102 -8.716 1.680 6.829 -3.987
7.488 12.640 27.591 7.763 15.196 -1.629 2.229 1.136 1.330 -4.386 0.114 4.134 -2.209
7.506 12.802 26.951 7.656 14.964 -1.685 1.979 1.119 1.357 -4.310 0.335 3.926 -2.238
7.501 12.364 27.042 8.796 15.025 -2.338 2.281 2.118 1.157 -5.635 0.695 5.090 -2.979
7.544 12.682 27.147 7.827 14.932 -1.787 1.072 1.633 2.970 -4.551 -1.303 3.932 -1.472
7.432 12.841 27.243 8.104 15.310 -2.346 2.344 2.769 1.034 -6.650 1.228 5.681 -3.451
7.820 13.322 27.677 6.021 15.743 -2.023 3.447 2.286 -0.084 -5.121 1.464 3.921 -2.456
7.554 12.591 26.983 7.885 14.895 -2.314 2.171 2.081 1.200 -4.905 0.429 4.001 -2.135
7.559 12.912 27.613 7.646 15.461 -1.720 3.194 1.258 0.287 -4.217 0.843 3.899 -2.360
7.534 12.674 27.427 7.322 16.215 -1.034 4.096 0.442 0.158 -3.901 0.693 3.951 -2.389
7.499 12.864 26.281 8.080 15.070 -3.178 2.599 3.267 0.514 -6.353 1.179 5.186 -3.001
7.539 12.821 27.964 7.568 14.982 -2.271 1.852 2.395 1.644 -5.759 0.140 4.999 -2.583
7.533 12.507 27.201 8.065 14.611 -2.758 1.434 2.750 1.457 -5.823 0.709 4.826 -2.803
7.518 12.712 26.492 7.961 15.268 -2.506 2.645 2.521 0.648 -5.938 1.121 5.084 -3.048
7.549 12.956 27.185 6.765 15.073 -2.970 2.448 3.677 0.374 -7.183 1.897 5.583 -3.490
7.626 12.168 27.265 6.589 15.259 -2.886 3.150 3.639 -0.445 -6.352 1.938 4.612 -2.843
7.519 12.720 27.232 7.627 15.113 -3.083 2.754 4.424 -0.429 -8.821 3.182 7.041 -4.759
7.557 13.035 27.080 8.058 15.445 -2.511 2.500 2.503 1.265 -5.475 0.258 4.494 -2.297
7.590 12.902 26.728 7.281 15.407 -3.018 3.007 3.775 -0.272 -7.233 2.314 5.703 -3.712
7.519 12.747 26.886 7.979 14.885 -3.769 1.543 4.826 1.572 -8.999 1.443 7.122 -4.087
7.524 12.769 26.777 8.371 15.113 -1.689 1.860 1.675 1.714 -5.691 0.619 5.157 -3.067
7.497 13.203 27.417 8.113 15.647 -2.361 2.992 3.604 0.228 -8.272 2.367 6.873 -4.404
7.533 13.130 27.283 5.911 14.769 -1.630 1.305 1.588 2.278 -5.179 -0.407 4.720 -2.249
7.516 12.476 27.390 8.169 14.884 -2.246 1.662 2.782 1.848 -6.911 0.658 5.946 -3.332
7.458 13.327 26.551 7.238 15.604 -2.191 3.852 1.153 -0.643 -3.646 1.216 3.197 -2.000
7.533 12.162 26.486 6.711 15.540 -2.689 3.031 3.077 0.553 -6.809 1.342 5.616 -3.316
7.538 12.805 26.466 8.546 15.583 -3.239 3.754 2.954 -0.762 -4.870 1.504 3.667 -2.258
7.589 12.495 26.762 8.138 15.065 -2.181 2.099 1.707 1.222 -4.323 0.148 3.538 -1.808
7.478 12.834 26.479 7.229 15.555 -3.244 3.693 3.345 -0.797 -6.393 2.449 4.973 -3.375
7.557 13.051 27.365 8.342 15.475 -2.422 3.316 2.828 -0.041 -6.112 1.354 5.088 -2.964
7.603 12.405 26.469 7.384 15.184 -2.939 2.614 2.693 1.024 -5.920 0.644 4.944 -2.719
7.475 12.902 27.033 8.020 15.486 -1.997 3.010 1.922 0.494 -5.112 0.862 4.365 -2.511
7.513 12.834 26.409 6.943 14.913 -3.378 1.639 3.439 1.518 -6.015 0.414 4.512 -2.316
7.812 12.992 26.660 6.797 14.767 -3.611 1.961 4.386 0.067 -7.400 2.513 5.250 -3.510
7.624 13.225 26.769 6.991 15.118 -2.120 2.234 2.172 0.960 -5.196 0.789 4.212 -2.398
7.524 12.952 26.850 7.556 15.785 -1.979 3.297 1.092 0.424 -3.581 0.250 3.420 -1.869
7.550 12.555 26.935 6.772 15.119 -2.647 1.865 3.157 1.594 -7.340 0.933 6.208 -3.519
7.507 12.554 26.747 7.774 15.440 -2.751 3.639 2.331 -0.413 -5.589 1.703 4.670 -2.965
7.514 13.009 26.815 7.155 15.127 -2.781 2.739 2.426 0.525 -5.192 0.876 4.184 -2.410
7.584 12.219 26.758 6.122 15.460 -3.035 2.909 3.567 0.381 -7.277 1.742 5.862 -3.614
7.535 12.800 26.681 7.229 15.175 -2.072 2.087 1.796 1.683 -5.481 0.178 4.960 -2.671
7.628 12.268 27.031 7.320 15.353 -1.915 2.994 0.871 0.390 -3.127 0.568 2.682 -1.609
7.443 12.811 26.938 6.514 15.793 -1.664 3.059 1.365 0.546 -4.343 0.644 3.877 -2.269
8.111 12.906 27.043 7.534 14.916 -3.792 2.701 5.323 -0.543 -8.894 3.354 6.250 -4.267
7.471 12.760 27.381 6.665 15.888 -1.232 3.294 0.410 0.615 -2.921 -0.080 2.932 -1.499
7.569 13.074 26.936 7.604 15.590 -2.360 3.872 1.819 -0.955 -4.615 1.916 3.759 -2.529
7.512 12.800 27.279 7.555 14.824 -3.075 0.925 4.377 2.919 -9.084 0.374 7.540 -3.935
7.516 12.873 26.193 7.533 15.239 -3.494 2.217 4.216 0.777 -7.779 1.748 6.057 -3.720
7.167 13.241 25.790 8.128 15.785 -3.600 2.991 3.787 0.339 -7.560 1.734 6.263 -3.801
7.519 12.562 26.366 8.583 15.409 -2.287 2.611 2.571 0.797 -6.527 1.272 5.514 -3.277
7.525 12.874 26.972 7.297 15.278 -3.911 2.265 5.679 0.547 -9.665 2.346 7.269 -4.367
7.550 12.446 26.991 7.344 15.508 -2.786 3.550 2.311 -0.375 -5.136 1.721 4.246 -2.849
7.512 12.711 27.257 7.475 15.364 -2.971 2.448 3.570 0.785 -7.674 1.650 6.397 -3.883
7.469 12.686 27.068 7.113 15.165 -3.086 2.950 3.105 0.045 -5.643 1.155 4.400 -2.506
7.521 12.833 26.004 8.388 15.590 -3.445 3.487 2.805 -0.175 -5.065 1.163 4.048 -2.416
7.475 12.766 26.740 7.902 15.791 -2.602 2.874 3.108 0.787 -7.208 1.484 6.118 -3.717
7.202 12.652 26.800 8.250 15.234 -1.875 1.661 1.613 3.538 -6.760 -1.298 6.860 -3.138
7.540 12.538 27.274 6.932 15.297 -2.372 2.378 3.382 0.772 -6.986 1.164 5.504 -3.028
7.464 12.873 26.999 7.221 15.365 -2.772 2.967 3.380 -0.020 -7.000 2.139 5.708 -3.721
7.486 12.777 26.746 7.877 15.100 -3.221 1.580 3.987 1.877 -8.207 0.848 6.797 -3.730
7.429 13.015 26.512 8.548 15.429 -2.590 3.113 2.265 0.153 -5.263 1.216 4.539 -2.804
7.521 12.939 26.504 8.636 15.656 -3.452 3.877 4.161 -0.585 -7.827 2.413 6.151 -3.911
7.460 12.964 26.572 7.474 15.874 -1.984 3.638 1.200 0.257 -3.542 0.148 3.274 -1.683
7.528 12.820 27.049 8.397 15.546 -3.622 4.022 4.755 -1.513 -8.712 3.585 6.792 -4.684
7.505 12.759 27.450 7.626 15.731 -0.659 4.057 -0.215 -0.689 -2.272 0.773 2.340 -1.445
7.851 12.686 27.079 6.617 15.087 -1.868 3.014 2.562 -0.983 -5.849 2.997 4.354 -3.344
7.492 12.252 26.852 8.154 15.313 -3.472 2.901 4.299 0.059 -8.413 2.321 6.748 -4.223
7.542 13.229 26.633 6.828 15.454 -3.017 2.989 2.574 0.255 -5.119 0.928 4.133 -2.359
7.582 12.730 26.868 9.213 15.387 -3.380 3.179 3.661 -0.186 -6.919 1.955 5.460 -3.386
7.644 13.092 26.262 8.487 15.452 -3.066 3.113 2.296 -0.128 -4.257 1.188 3.190 -1.993
7.517 12.594 26.380 7.228 15.300 -3.178 3.063 3.083 -0.046 -5.949 1.394 4.794 -2.831
7.476 13.181 26.380 7.758 15.392 -3.502 3.241 3.250 0.096 -5.859 1.232 4.771 -2.831
7.609 12.556 26.984 7.995 15.696 -1.522 3.701 1.053 -0.517 -4.038 1.446 3.669 -2.480
7.740 12.593 27.379 6.203 15.215 -2.179 3.425 2.234 -0.673 -4.892 1.805 3.645 -2.340
7.470 12.721 26.612 8.686 15.282 -3.316 3.118 3.893 -0.554 -7.421 2.662 5.864 -3.972
7.533 13.056 26.503 6.973 15.338 -2.152 2.565 2.215 0.597 -5.672 1.164 4.883 -2.981
7.532 13.003 26.661 7.022 15.047 -4.315 2.539 5.627 0.018 -8.874 2.443 6.692 -4.210
7.649 13.013 27.020 8.174 15.497 -2.818 3.377 3.214 -0.558 -6.330 2.298 4.709 -3.146
7.508 12.620 26.895 6.016 14.882 -2.490 1.944 1.729 1.715 -4.593 -0.264 4.097 -2.010
7.496 12.747 26.755 7.077 15.280 -2.181 2.157 2.021 1.536 -5.266 0.066 4.557 -2.334
7.564 12.738 26.520 7.503 15.229 -2.095 2.982 1.432 0.057 -3.950 0.941 3.435 -2.088
7.542 12.989 26.889 7.128 14.919 -3.623 2.092 5.314 0.287 -9.072 2.503 6.864 -4.304
7.617 13.264 27.306 7.418 15.162 -1.404 2.230 0.752 1.213 -3.392 0.032 3.105 -1.666
7.520 12.562 26.940 8.333 14.960 -3.013 1.749 4.278 1.439 -8.313 1.280 6.562 -3.728
7.538 12.888 26.552 7.623 15.423 -2.158 2.823 2.551 0.298 -6.210 1.480 5.305 -3.276
7.546 12.951 26.496 7.995 15.531 -2.698 3.434 2.670 -0.087 -5.620 1.490 4.307 -2.601
7.454 13.080 26.357 8.815 15.429 -2.198 2.250 2.224 1.190 -5.264 0.420 4.336 -2.300
7.494 12.984 26.717 7.517 15.431 -3.360 4.021 3.709 -1.488 -6.471 2.661 4.925 -3.300
7.524 12.427 26.374 7.069 14.659 -2.972 1.783 2.664 1.298 -5.975 0.688 5.173 -2.927
7.547 12.943 26.452 6.874 15.491 -2.724 3.401 2.558 -0.230 -5.757 1.762 4.880 -3.174
7.567 12.728 26.472 7.792 15.586 -2.581 3.943 2.168 -1.110 -4.394 1.856 3.414 -2.331
7.509 12.920 27.007 6.803 15.635 -2.300 3.764 2.278 -0.837 -5.651 2.277 4.728 -3.290
7.744 12.432 27.232 6.879 15.380 -2.076 3.359 1.403 -0.223 -3.556 1.058 2.754 -1.732
7.631 12.643 27.427 7.802 15.723 -2.566 4.146 2.517 -1.006 -5.067 2.042 3.905 -2.675
7.623 12.506 27.539 7.348 15.336 -1.378 2.727 1.343 0.037 -4.844 1.788 4.144 -2.863
7.520 12.691 26.983 7.707 14.820 -2.314 2.184 1.969 0.668 -4.731 0.988 4.051 -2.535
7.522 13.109 26.407 7.976 15.498 -2.945 3.245 3.987 -0.427 -7.626 2.347 5.837 -3.632
7.443 12.811 26.938 6.514 15.793 -1.664 3.059 1.365 0.546 -4.343 0.644 3.877 -2.269
7.496 12.747 26.755 7.077 15.280 -2.181 2.157 2.021 1.536 -5.266 0.066 4.557 -2.334
7.525 12.853 27.057 8.033 15.541 -2.003 3.555 1.290 -0.297 -4.068 1.348 3.692 -2.507
7.522 13.109 26.407 7.976 15.498 -2.945 3.245 3.987 -0.427 -7.626 2.347 5.837 -3.632
7.770 12.665 27.363 6.612 15.575 -2.594 4.648 2.213 -2.333 -3.987 2.769 2.854 -2.373
7.612 12.710 27.538 7.077 15.449 -1.960 3.283 1.687 -0.321 -4.441 1.595 3.731 -2.529
7.532 12.629 27.061 7.307 15.253 -2.546 2.605 2.444 0.690 -5.715 0.908 4.925 -2.830
7.475 12.826 26.328 8.450 15.307 -3.130 3.240 4.083 -0.479 -8.207 2.758 6.690 -4.418
7.642 12.893 26.731 7.419 15.492 -1.261 2.984 -0.286 0.817 -1.651 -0.496 1.781 -0.745
7.471 12.874 26.238 7.540 15.578 -3.428 3.682 3.143 -0.463 -5.920 1.688 4.763 -2.980
7.736 13.213 27.939 7.813 15.623 -2.142 4.683 2.006 -2.089 -4.251 2.528 3.274 -2.541
7.550 12.335 26.779 8.170 15.235 -2.522 2.736 2.874 -0.057 -6.475 2.141 5.286 -3.518
7.539 12.431 27.187 8.261 15.224 -1.896 2.270 2.438 1.657 -6.685 0.510 5.936 -3.260
7.457 13.167 26.986 6.581 15.253 -3.899 3.179 5.322 -0.496 -8.728 2.751 6.465 -4.112
7.526 12.677 27.076 6.321 14.708 -3.051 1.922 3.538 0.394 -6.359 1.709 4.989 -3.178
7.496 12.747 26.755 7.077 15.280 -2.181 2.157 2.021 1.536 -5.266 0.066 4.557 -2.334
7.561 12.760 26.523 7.868 15.533 -3.971 3.490 5.084 -0.729 -8.453 2.880 6.124 -3.897
7.465 12.903 27.405 6.951 15.505 -2.781 3.435 2.721 0.031 -5.897 1.372 4.815 -2.842
7.223 13.065 26.949 8.562 16.283 -2.235 5.032 1.551 -1.783 -3.883 1.905 3.369 -2.350
7.519 12.502 27.132 8.759 15.234 -2.085 2.987 2.065 0.249 -5.212 1.178 4.351 -2.612
7.612 12.797 27.029 7.418 15.608 -2.700 4.109 1.970 -1.317 -4.015 1.881 2.942 -2.034
7.518 12.816 27.084 8.188 15.664 -1.966 3.746 2.434 -0.496 -6.016 2.025 4.964 -3.281
7.535 12.550 27.368 7.147 15.509 -2.897 3.448 3.250 -0.427 -6.573 2.028 5.442 -3.507
7.555 13.251 27.015 8.237 15.401 -2.586 3.015 2.053 0.356 -4.393 0.564 3.457 -1.844
7.509 12.847 26.621 7.516 15.546 -2.124 3.163 1.222 0.395 -3.833 0.596 3.630 -2.192
7.460 12.731 26.975 6.919 14.850 -2.517 2.759 2.175 -0.126 -5.233 1.605 4.431 -2.869
7.466 12.706 25.910 7.515 15.119 -2.966 1.729 3.269 1.750 -6.768 0.506 5.562 -2.992
7.722 13.112 26.949 6.877 15.737 -2.971 4.090 2.909 -1.494 -5.107 2.391 3.575 -2.489
7.510 12.624 26.924 6.663 15.558 -3.356 3.741 4.412 -1.053 -8.017 2.963 6.125 -4.045
7.432 12.841 27.243 8.104 15.310 -2.346 2.344 2.769 1.034 -6.650 1.228 5.681 -3.451
7.465 12.903 27.405 6.951 15.505 -2.781 3.435 2.721 0.031 -5.897 1.372 4.815 -2.842
7.496 13.272 27.147 7.066 15.770 -2.065 3.978 1.408 -0.482 -4.496 1.382 4.199 -2.766
7.435 13.246 26.982 8.661 15.328 -1.464 2.426 0.843 1.316 -3.774 -0.123 3.413 -1.682
7.472 12.922 26.118 6.821 14.841 -4.135 1.961 5.210 0.686 -9.193 2.201 7.162 -4.360
7.591 12.978 26.559 7.833 15.707 -2.631 4.109 2.886 -1.614 -5.825 2.954 4.459 -3.302
7.604 12.300 27.007 7.901 15.151 -2.357 2.657 2.412 0.862 -5.722 0.858 4.768 -2.724
7.635 12.530 27.390 6.532 15.657 -1.909 3.693 1.290 -0.626 -3.432 1.388 2.871 -1.998
7.531 13.252 26.365 6.971 14.994 -3.224 1.936 3.858 1.426 -7.156 0.708 5.633 -3.028
7.492 13.205 26.994 7.988 14.991 -2.288 2.235 2.013 0.800 -4.308 0.462 3.423 -1.842
7.519 12.502 27.132 8.759 15.234 -2.085 2.987 2.065 0.249 -5.212 1.178 4.351 -2.612
7.465 12.766 26.184 7.485 15.608 -2.648 2.940 2.126 0.770 -5.075 0.615 4.412 -2.507
7.525 13.203 25.697 8.012 14.965 -4.516 1.744 5.720 0.961 -9.710 2.110 7.328 -4.329
7.511 12.650 26.644 8.093 14.970 -3.299 2.373 3.670 0.468 -6.547 1.503 4.963 -2.996
7.524 12.952 26.850 7.556 15.785 -1.979 3.297 1.092 0.424 -3.581 0.250 3.420 -1.869
7.460 12.372 26.457 8.016 15.361 -3.691 2.686 4.297 0.972 -8.392 1.473 6.796 -3.907
7.589 12.495 26.762 8.138 15.065 -2.181 2.099 1.707 1.222 -4.323 0.148 3.538 -1.808
7.578 12.771 26.888 8.525 15.174 -3.067 2.199 4.289 0.390 -8.381 2.289 6.555 -4.084
7.893 12.799 27.540 8.188 15.071 -3.597 3.652 3.972 -1.528 -5.940 2.817 3.906 -2.802
7.564 12.738 26.520 7.503 15.229 -2.095 2.982 1.432 0.057 -3.950 0.941 3.435 -2.088
7.535 13.059 27.158 7.518 15.290 -2.224 2.323 2.305 1.175 -5.528 0.691 4.601 -2.611
7.538 12.805 26.466 8.546 15.583 -3.239 3.754 2.954 -0.762 -4.870 1.504 3.667 -2.258
7.454 12.499 27.339 7.724 15.526 -2.997 2.781 3.417 0.748 -6.515 0.837 5.065 -2.647
7.584 12.906 27.555 7.650 15.342 -2.681 3.379 2.595 -0.284 -5.357 1.260 4.329 -2.513
7.519 12.569 26.204 7.169 14.684 -4.130 1.907 4.578 0.933 -7.703 1.468 5.911 -3.463
7.519 12.569 26.204 7.169 14.684 -4.130 1.907 4.578 0.933 -7.703 1.468 5.911 -3.463
7.554 12.909 26.873 6.309 15.120 -2.603 2.958 1.936 0.234 -4.569 1.033 3.787 -2.274
7.535 13.085 27.081 8.039 14.985 -3.146 1.820 4.480 1.235 -8.506 1.439 6.512 -3.679
7.583 13.003 27.205 7.764 15.691 -2.235 3.229 2.580 -0.163 -5.685 1.620 4.557 -2.831
7.549 12.858 26.434 7.969 15.387 -2.967 2.848 3.209 0.092 -6.549 1.937 5.219 -3.378
7.512 12.634 27.531 7.360 15.335 -1.652 3.170 1.316 0.057 -4.430 1.093 4.035 -2.520
7.562 13.054 27.173 7.198 15.541 -1.012 3.310 0.108 0.488 -3.007 0.386 3.234 -1.993
7.535 12.183 26.532 7.942 15.637 -3.357 3.644 3.600 -0.413 -6.804 1.994 5.404 -3.404
7.533 12.921 27.180 8.238 15.712 -1.669 3.214 1.326 0.427 -4.589 0.683 4.459 -2.633
7.251 13.347 26.709 8.083 16.353 -2.614 5.714 1.224 -2.833 -2.486 2.301 1.922 -1.697
7.542 12.722 26.878 7.092 15.307 -2.692 2.615 2.851 0.474 -6.136 1.354 4.908 -2.955
7.622 12.881 27.357 6.730 15.675 -1.600 3.376 1.915 -0.504 -4.790 1.701 3.778 -2.445
7.628 12.268 27.031 7.320 15.353 -1.915 2.994 0.871 0.390 -3.127 0.568 2.682 -1.609
7.552 12.711 26.121 7.750 15.431 -3.676 2.879 4.811 -0.078 -8.745 2.557 6.612 -4.148
7.505 12.955 27.487 7.559 15.565 -2.195 3.230 2.277 0.364 -5.909 1.227 5.142 -3.050
7.499 12.659 27.740 7.363 15.142 -2.522 2.293 2.747 0.995 -5.736 0.899 4.625 -2.708
7.516 12.598 27.952 7.923 15.238 -2.140 2.707 2.879 0.678 -7.105 1.521 6.146 -3.731
7.570 13.099 26.803 6.338 14.865 -3.022 1.710 3.729 1.101 -7.313 1.557 5.695 -3.481
7.555 13.065 27.418 6.055 15.235 -1.758 2.852 1.860 0.518 -5.463 1.160 4.812 -2.943
7.410 13.029 26.913 7.612 16.214 -1.772 5.628 0.806 -2.117 -3.331 2.160 3.127 -2.430
7.454 13.295 26.764 7.951 15.202 -2.286 1.598 2.919 2.066 -7.244 0.548 6.168 -3.380
7.524 12.641 26.980 7.745 15.316 -3.053 2.766 4.131 0.309 -8.266 2.221 6.495 -4.050
7.499 12.868 26.953 7.341 14.745 -2.416 1.219 3.404 2.093 -7.725 0.623 6.570 -3.584
7.746 12.678 27.308 7.748 15.594 -1.489 3.550 0.298 -0.138 -1.837 0.257 1.590 -0.840
7.482 12.442 26.919 8.099 15.033 -3.673 2.085 4.344 0.999 -7.585 1.282 5.864 -3.338
7.553 12.648 27.361 6.367 14.699 -2.956 1.783 3.664 0.963 -7.323 1.470 5.865 -3.499
7.496 12.599 27.121 6.290 14.989 -2.673 2.372 2.616 0.957 -6.017 0.645 5.104 -2.702
7.454 13.295 26.764 7.951 15.202 -2.286 1.598 2.919 2.066 -7.244 0.548 6.168 -3.380
7.606 12.900 26.726 8.628 15.501 -2.385 3.268 1.857 -0.071 -4.355 1.162 3.522 -2.222
7.475 12.913 26.935 7.233 15.648 -1.311 2.916 0.787 1.236 -4.763 0.241 4.766 -2.651
7.612 12.939 26.925 8.091 15.558 -1.796 3.180 0.861 0.458 -3.426 0.361 3.116 -1.734
7.587 12.912 26.691 7.097 15.849 -3.208 4.789 3.094 -2.244 -5.411 2.893 4.141 -3.011
7.567 12.728 26.609 6.991 15.365 -2.570 2.933 3.276 -0.016 -6.816 1.976 5.634 -3.615
7.475 12.826 26.328 8.450 15.307 -3.130 3.240 4.083 -0.479 -8.207 2.758 6.690 -4.418
7.432 12.368 26.336 8.807 15.119 -2.874 1.945 2.909 1.570 -5.591 0.117 4.424 -2.180
7.479 12.532 26.443 7.753 15.541 -2.218 3.718 1.216 -0.468 -3.585 1.014 3.300 -2.067
7.481 12.988 27.749 8.193 15.454 -2.169 2.746 2.928 0.416 -6.798 1.564 5.544 -3.320
7.650 12.615 27.416 7.389 15.626 -2.846 4.449 3.329 -1.903 -6.589 3.423 4.982 -3.722
7.449 12.577 26.929 7.674 14.875 -2.413 2.331 1.974 1.277 -5.396 0.366 4.924 -2.707
7.580 12.917 26.767 7.890 15.262 -3.306 3.512 3.330 -0.936 -6.238 2.365 4.803 -3.181
7.589 12.495 26.762 8.138 15.065 -2.181 2.099 1.707 1.222 -4.323 0.148 3.538 -1.808
7.630 12.417 27.670 9.337 15.513 -1.399 3.600 0.520 -0.149 -3.182 0.947 2.864 -1.834
7.553 12.941 26.424 7.888 15.131 -3.454 2.770 3.354 0.583 -6.360 0.922 5.017 -2.696
7.549 12.956 27.185 6.765 15.073 -2.970 2.448 3.677 0.374 -7.183 1.897 5.583 -3.490
7.543 13.088 27.451 7.523 15.336 -2.116 2.678 2.270 0.976 -6.324 1.208 5.380 -3.265
7.531 12.277 26.210 6.702 15.214 -3.695 3.253 3.772 -0.488 -6.108 1.888 4.517 -2.865
7.782 12.674 27.381 8.370 15.364 -1.573 3.263 1.457 -0.428 -4.732 2.131 3.975 -2.897
7.570 13.099 26.803 6.338 14.865 -3.022 1.710 3.729 1.101 -7.313 1.557 5.695 -3.481
7.469 12.612 27.042 8.828 15.711 -1.370 3.687 0.273 0.133 -2.703 0.255 2.770 -1.604
8.245 12.917 27.137 7.082 14.982 -3.969 2.739 4.991 -0.239 -7.052 1.912 4.450 -2.573
7.599 12.859 26.534 7.711 15.617 -3.488 3.739 3.809 -0.873 -6.819 2.503 5.292 -3.541
7.481 12.915 26.560 8.824 15.628 -3.251 4.002 3.387 -1.507 -6.615 2.981 5.304 -3.732
7.448 12.768 27.639 6.974 15.293 -1.603 1.919 2.145 1.769 -6.731 0.772 5.961 -3.402
7.488 12.640 27.591 7.763 15.196 -1.629 2.229 1.136 1.330 -4.386 0.114 4.134 -2.209
7.204 12.869 26.629 7.924 15.834 -2.558 3.822 1.928 -0.623 -4.985 1.632 4.361 -2.821
7.563 12.930 26.901 8.544 14.946 -4.330 2.589 5.232 0.200 -8.390 2.128 6.280 -3.834
7.628 12.756 26.662 7.526 15.069 -3.374 2.208 3.991 0.578 -7.473 2.018 5.639 -3.585
7.625 12.546 26.975 8.441 15.487 -3.396 3.599 4.181 -0.571 -7.220 2.211 5.150 -3.159
7.549 12.858 26.434 7.969 15.387 -2.967 2.848 3.209 0.092 -6.549 1.937 5.219 -3.378
7.530 12.853 27.114 7.293 15.451 -0.951 2.819 -0.316 0.935 -2.390 -0.316 2.842 -1.479
7.460 12.372 26.457 8.016 15.361 -3.691 2.686 4.297 0.972 -8.392 1.473 6.796 -3.907
7.512 13.416 26.049 7.909 16.116 -3.252 4.630 4.528 -1.611 -8.479 3.191 6.631 -4.308
7.520 12.719 26.601 7.033 15.471 -3.584 3.175 4.475 -0.363 -7.989 2.479 6.154 -3.909
7.540 12.749 26.960 8.153 15.277 -2.258 2.304 2.049 1.527 -5.524 0.142 4.863 -2.533
7.515 12.563 27.051 7.705 14.450 -4.065 0.882 6.365 1.655 -11.262 2.234 8.597 -5.033
7.624 13.031 26.809 7.299 15.500 -3.575 3.245 3.933 -0.410 -6.798 2.188 5.111 -3.284
7.641 12.824 27.261 6.492 15.313 -2.292 3.146 2.573 0.081 -6.029 1.620 4.804 -2.959
7.844 12.731 27.401 6.792 15.201 -1.518 2.659 1.115 -0.013 -3.102 0.970 2.414 -1.565
7.430 12.718 27.115 7.737 15.235 -2.134 2.077 1.813 1.403 -5.020 0.324 4.457 -2.427
7.420 13.045 26.314 8.086 15.794 -2.861 4.472 2.776 -1.539 -5.776 2.517 4.820 -3.372
7.502 13.352 27.205 7.788 15.650 -1.833 3.117 1.418 0.241 -4.513 0.959 4.125 -2.514
7.770 12.665 27.363 6.612 15.575 -2.594 4.648 2.213 -2.333 -3.987 2.769 2.854 -2.373
7.535 13.058 27.303 7.885 15.099 -1.689 2.565 1.431 0.866 -4.721 0.463 4.210 -2.290
7.493 12.766 26.083 7.486 15.176 -3.348 1.413 4.596 1.970 -9.506 1.324 7.876 -4.463
7.785 12.936 27.295 7.165 15.217 -1.547 3.167 1.276 -0.149 -3.955 1.047 3.234 -1.926
7.558 12.450 27.250 6.727 15.087 -1.672 2.703 1.283 0.602 -4.387 0.661 3.950 -2.299
7.552 12.711 26.121 7.750 15.431 -3.676 2.879 4.811 -0.078 -8.745 2.557 6.612 -4.148
7.537 12.791 27.448 7.574 15.143 -2.954 2.626 3.426 0.449 -6.853 1.422 5.359 -3.079
7.225 12.659 27.212 7.157 15.722 -1.714 4.100 0.237 0.161 -3.280 0.294 3.407 -1.919
7.548 12.644 26.529 7.262 14.781 -2.925 1.933 2.908 0.845 -6.212 1.214 4.983 -2.948
7.500 12.431 26.579 7.106 14.663 -3.953 1.885 5.028 0.641 -8.431 1.775 6.530 -3.833
7.436 12.866 26.709 7.329 15.458 -2.447 2.864 2.566 0.594 -5.446 0.809 4.472 -2.516
7.604 12.730 27.017 8.825 15.782 -2.118 3.679 1.556 -0.217 -3.944 0.930 3.380 -2.087
7.606 12.900 26.726 8.628 15.501 -2.385 3.268 1.857 -0.071 -4.355 1.162 3.522 -2.222
7.470 12.683 26.756 6.739 15.445 -2.903 3.047 3.028 -0.289 -6.013 1.769 4.744 -2.959
7.434 13.128 26.367 8.672 15.574 -3.048 3.044 3.219 0.474 -6.782 1.278 5.593 -3.207
7.496 12.983 26.717 6.835 15.353 -2.121 3.031 1.795 0.162 -4.789 1.191 4.223 -2.638
7.539 12.636 27.164 8.319 15.629 -2.739 3.915 2.333 -0.670 -4.279 1.292 3.197 -1.961
7.505 12.650 26.838 7.518 15.431 -2.764 2.399 2.862 0.779 -6.281 1.161 5.283 -3.118
7.603 12.915 26.401 8.457 15.723 -3.650 3.875 4.060 -0.805 -7.078 2.406 5.345 -3.463
7.543 13.088 27.451 7.523 15.336 -2.116 2.678 2.270 0.976 -6.324 1.208 5.380 -3.265
7.563 12.661 26.787 8.196 15.884 -2.292 3.870 2.780 -0.925 -6.896 2.936 5.816 -4.162
7.546 12.852 27.053 6.963 15.395 -2.791 3.964 2.393 -1.211 -4.908 1.974 4.003 -2.692
7.576 13.135 27.048 8.110 15.258 -1.926 2.457 1.544 0.965 -4.625 0.649 4.105 -2.447
7.567 11.999 27.761 8.234 15.082 -1.537 2.506 1.451 0.842 -4.669 0.615 3.923 -2.165
7.546 12.950 26.878 9.333 15.654 -3.089 3.731 4.341 -1.050 -8.185 3.226 6.460 -4.450
7.610 12.845 26.480 7.886 15.852 -2.538 3.884 1.908 -0.796 -3.866 1.495 2.888 -1.932
7.509 12.631 26.275 7.483 15.496 -2.822 3.148 3.057 -0.007 -6.856 1.846 5.773 -3.579
7.532 12.754 26.458 8.404 15.234 -2.692 2.819 2.728 0.101 -5.900 1.323 4.791 -2.786
7.621 12.456 27.337 7.522 15.233 -0.971 2.697 -0.436 0.891 -1.706 -0.474 2.051 -0.990
7.764 12.758 26.801 8.704 15.587 -2.516 3.905 2.427 -1.200 -4.744 1.993 3.524 -2.338
7.525 12.819 26.522 7.678 15.369 -3.648 2.361 4.551 1.014 -8.374 1.474 6.644 -3.809
7.481 12.675 26.937 6.928 15.646 -2.452 2.904 2.420 0.768 -5.527 0.520 4.707 -2.470
7.547 12.964 27.579 6.736 15.028 -1.985 1.941 2.600 1.013 -6.898 1.530 5.849 -3.597
7.524 13.306 26.374 7.819 15.801 -3.152 3.889 2.722 -0.838 -5.295 1.933 4.217 -2.828
7.415 12.974 26.822 6.277 15.540 -2.324 3.620 2.164 -0.803 -5.006 1.913 4.140 -2.817
7.537 12.968 26.773 8.104 15.107 -2.173 1.788 3.027 1.745 -7.711 1.140 6.643 -3.943
7.493 12.576 26.575 8.088 15.226 -3.323 2.448 4.579 0.428 -8.976 2.356 7.170 -4.452
7.506 12.691 26.457 7.826 15.681 -2.778 3.432 2.211 0.011 -4.646 0.920 3.933 -2.365
7.503 12.729 26.777 7.618 15.815 -1.526 3.374 0.224 0.824 -2.961 0.011 3.231 -1.836
7.560 12.839 26.974 8.217 14.911 -2.345 1.461 2.390 2.159 -5.879 0.066 5.005 -2.639
7.457 12.960 27.247 7.437 15.280 -2.130 2.210 2.497 1.207 -6.178 0.936 5.188 -3.040
7.449 12.577 26.929 7.674 14.875 -2.413 2.331 1.974 1.277 -5.396 0.366 4.924 -2.707
7.503 12.694 26.482 6.272 15.283 -4.329 3.128 5.056 -0.422 -8.286 2.589 6.389 -4.103
7.649 13.013 27.020 8.174 15.497 -2.818 3.377 3.214 -0.558 -6.330 2.298 4.709 -3.146
7.585 12.777 27.035 6.943 14.937 -2.999 1.441 3.854 1.731 -7.482 0.902 5.788 -3.186
7.564 12.733 26.994 7.459 15.248 -3.351 3.245 4.231 -0.563 -7.563 2.496 5.817 -3.770
7.457 13.511 26.044 7.988 15.149 -3.503 2.764 3.830 0.144 -6.976 1.890 5.445 -3.443
7.450 12.890 27.208 7.074 15.136 -1.958 2.680 0.977 0.714 -3.388 0.103 3.188 -1.656
7.563 12.930 26.901 8.544 14.946 -4.330 2.589 5.232 0.200 -8.390 2.128 6.280 -3.834
7.523 13.026 27.203 7.156 15.402 -1.628 2.957 1.285 0.479 -4.361 1.098 3.768 -2.421
7.429 13.015 26.512 8.548 15.429 -2.590 3.113 2.265 0.153 -5.263 1.216 4.539 -2.804
7.562 12.329 26.029 8.101 14.918 -3.903 2.043 4.882 0.676 -8.569 1.860 6.539 -3.865
7.714 12.852 27.557 7.455 15.559 -1.478 3.334 0.921 -0.109 -3.448 0.945 2.945 -1.833
7.546 12.951 26.496 7.995 15.531 -2.698 3.434 2.670 -0.087 -5.620 1.490 4.307 -2.601
7.553 12.648 27.361 6.367 14.699 -2.956 1.783 3.664 0.963 -7.323 1.470 5.865 -3.499
7.575 12.962 27.495 6.782 14.831 -1.947 1.197 2.308 1.911 -5.831 0.513 4.639 -2.510
7.537 12.889 27.433 7.540 15.230 -1.883 2.843 1.181 0.642 -3.891 0.336 3.413 -1.809
7.510 12.992 27.065 8.072 15.385 -2.681 2.224 2.900 1.464 -6.612 0.598 5.522 -2.988
7.505 12.759 27.450 7.626 15.731 -0.659 4.057 -0.215 -0.689 -2.272 0.773 2.340 -1.445
7.588 12.518 27.586 7.298 15.595 -1.108 3.239 -0.159 0.888 -1.932 -0.494 2.220 -1.075
7.603 12.405 26.469 7.384 15.184 -2.939 2.614 2.693 1.024 -5.920 0.644 4.944 -2.719
7.517 12.914 25.945 8.107 15.576 -3.616 2.798 4.328 -0.311 -7.191 2.103 5.408 -3.358
7.474 12.991 26.717 7.796 15.267 -3.115 2.661 2.743 0.833 -5.549 0.679 4.449 -2.421
7.561 13.211 26.023 7.915 15.855 -4.019 3.837 5.806 -1.031 -9.915 3.563 7.329 -4.839
7.509 12.847 26.621 7.516 15.546 -2.124 3.163 1.222 0.395 -3.833 0.596 3.630 -2.192
7.496 12.561 27.487 7.403 15.346 -1.979 2.868 2.428 0.462 -6.238 1.383 5.491 -3.360
7.544 12.825 27.763 6.180 15.529 -2.433 3.228 2.646 0.192 -5.754 1.230 4.728 -2.802
7.588 12.619 26.999 8.097 14.912 -2.001 2.353 1.049 0.959 -4.080 0.533 3.652 -2.091
7.543 12.858 26.634 6.907 16.224 -2.212 4.633 1.298 -0.848 -3.612 1.175 3.140 -1.986
7.496 12.983 26.717 6.835 15.353 -2.121 3.031 1.795 0.162 -4.789 1.191 4.223 -2.638
7.633 12.732 27.210 6.566 15.332 -2.227 2.987 2.909 -0.118 -6.277 1.968 4.781 -3.034
7.495 12.956 27.563 7.466 15.753 -2.078 5.166 2.081 -2.558 -5.276 3.409 4.520 -3.622
7.567 12.728 26.472 7.792 15.586 -2.581 3.943 2.168 -1.110 -4.394 1.856 3.414 -2.331
7.476 12.745 26.562 7.442 15.572 -2.882 3.818 2.930 -1.014 -6.017 2.402 4.874 -3.363
7.591 12.702 26.903 8.058 15.425 -2.172 3.086 1.570 0.362 -4.112 0.741 3.505 -2.057
7.563 12.241 27.900 8.007 15.596 -1.332 3.444 1.432 0.119 -5.220 1.392 4.685 -2.941
7.557 13.051 27.365 8.342 15.475 -2.422 3.316 2.828 -0.041 -6.112 1.354 5.088 -2.964
7.620 12.260 27.398 7.961 15.069 -2.407 2.668 2.507 -0.075 -5.531 1.916 4.379 -2.922
7.543 12.796 26.398 7.991 15.486 -3.948 3.757 4.314 -0.945 -7.528 2.828 5.708 -3.847
7.538 13.300 26.742 7.512 15.117 -2.475 2.032 3.263 1.426 -7.340 0.851 6.234 -3.477
7.526 12.762 26.235 7.460 15.802 -3.631 2.797 4.559 0.944 -8.483 1.471 6.700 -3.813
7.485 12.833 27.670 8.013 15.457 -2.361 3.081 1.831 0.140 -3.749 0.503 3.101 -1.647
7.504 12.751 27.170 7.697 15.473 -1.944 3.163 1.518 0.145 -4.185 0.967 3.573 -2.202
7.477 12.412 27.025 8.127 15.305 -2.194 3.322 1.911 -0.137 -5.002 1.292 4.357 -2.720
7.508 12.657 26.394 6.883 15.824 -3.410 3.070 4.330 0.728 -9.124 1.987 7.525 -4.561
7.559 12.555 26.928 7.945 14.693 -2.802 1.320 2.741 1.798 -5.680 0.328 4.636 -2.477
7.569 12.853 27.088 7.828 15.412 -2.609 3.005 3.023 0.311 -6.326 1.320 5.173 -3.047
7.473 12.743 26.825 8.297 15.071 -1.764 2.111 0.437 1.310 -2.655 -0.414 2.884 -1.466
7.473 12.785 26.036 6.445 15.806 -3.012 3.852 2.719 -0.694 -5.463 1.782 4.572 -2.985
7.526 12.738 26.584 7.674 15.598 -2.142 3.751 1.486 -0.711 -4.125 1.699 3.662 -2.582
7.526 12.927 26.852 7.289 15.484 -1.289 2.349 1.614 1.518 -5.827 0.523 5.325 -3.003
7.507 13.012 27.084 7.683 15.363 -3.757 3.209 5.053 -0.769 -8.916 3.218 6.887 -4.591
7.558 12.546 27.464 7.852 15.266 -2.275 3.131 2.620 -0.420 -6.018 2.280 4.950 -3.438
7.499 12.659 27.740 7.363 15.142 -2.522 2.293 2.747 0.995 -5.736 0.899 4.625 -2.708
7.234 12.538 26.075 6.976 15.248 -3.571 2.793 3.403 0.282 -6.865 1.553 5.718 -3.468
7.615 13.018 26.833 7.436 15.118 -2.818 2.258 3.123 0.847 -6.840 1.536 5.610 -3.474
7.479 12.957 26.904 7.496 15.067 -2.868 2.771 2.514 0.404 -5.431 1.095 4.489 -2.680
7.413 13.218 27.115 7.632 15.330 -2.103 2.424 2.537 0.737 -6.275 1.250 5.184 -3.091
7.546 13.045 27.423 8.008 15.333 -3.109 2.637 3.930 0.486 -7.598 1.750 5.977 -3.592
7.636 12.496 27.445 7.893 15.580 -2.148 3.569 2.473 -0.921 -5.250 2.126 3.998 -2.694
7.643 12.666 26.507 7.144 15.177 -3.535 2.450 3.412 -0.010 -5.790 1.726 4.197 -2.659
7.575 13.219 26.323 8.090 15.380 -2.702 2.387 2.433 0.613 -5.432 1.347 4.539 -2.928
7.519 12.980 26.780 8.405 15.262 -2.787 2.630 3.081 0.612 -6.678 1.458 5.441 -3.278
7.494 12.984 26.717 7.517 15.431 -3.360 4.021 3.709 -1.488 -6.471 2.661 4.925 -3.300
7.532 12.476 27.129 8.035 15.431 -2.647 2.976 3.549 -0.515 -7.232 2.626 5.758 -3.887
7.425 12.456 27.346 8.259 14.627 -2.447 1.573 2.377 1.622 -5.600 0.126 4.771 -2.435
7.524 12.427 26.374 7.069 14.659 -2.972 1.783 2.664 1.298 -5.975 0.688 5.173 -2.927
7.498 12.898 26.851 6.332 15.595 -2.578 2.806 2.754 1.163 -6.796 0.789 6.010 -3.340
7.465 12.903 27.405 6.951 15.505 -2.781 3.435 2.721 0.031 -5.897 1.372 4.815 -2.842
7.782 12.674 27.381 8.370 15.364 -1.573 3.263 1.457 -0.428 -4.732 2.131 3.975 -2.897
7.464 13.263 26.287 6.684 15.103 -3.554 2.030 3.999 1.188 -7.227 0.884 5.643 -3.081
7.606 13.013 26.610 8.319 15.318 -2.100 2.569 1.784 0.927 -4.570 0.463 3.786 -2.105
7.536 12.646 26.520 7.842 15.539 -3.171 3.154 2.947 0.149 -5.753 1.305 4.477 -2.654
7.744 12.432 27.232 6.879 15.380 -2.076 3.359 1.403 -0.223 -3.556 1.058 2.754 -1.732
7.233 12.685 26.565 6.598 15.081 -4.141 1.642 5.653 1.655 -10.722 1.979 8.491 -4.984
7.510 12.302 25.879 7.278 15.053 -4.028 1.721 5.546 1.239 -10.238 2.194 8.136 -4.951
7.502 12.746 27.580 8.207 15.678 -1.508 4.193 1.139 -1.066 -3.967 1.641 3.698 -2.537
7.373 12.639 25.683 8.377 15.593 -3.080 2.562 2.569 1.097 -5.442 0.579 4.527 -2.539
7.528 12.890 27.092 7.024 15.371 -2.388 3.403 2.395 -0.634 -5.038 1.759 3.916 -2.519
7.504 12.504 26.329 8.588 15.219 -2.749 2.360 2.673 0.919 -6.040 1.101 5.036 -2.978
7.587 12.500 26.443 8.196 15.241 -3.338 3.082 3.086 -0.183 -5.828 1.736 4.586 -2.909
7.565 13.318 26.644 8.436 15.623 -2.944 3.428 3.221 -0.267 -6.013 1.886 4.614 -3.013
7.471 12.874 26.238 7.540 15.578 -3.428 3.682 3.143 -0.463 -5.920 1.688 4.763 -2.980
7.542 13.086 27.301 6.429 15.665 -1.299 2.686 1.611 1.215 -5.067 0.200 4.529 -2.390
7.563 12.930 26.901 8.544 14.946 -4.330 2.589 5.232 0.200 -8.390 2.128 6.280 -3.834
7.498 12.898 26.851 6.332 15.595 -2.578 2.806 2.754 1.163 -6.796 0.789 6.010 -3.340
7.884 12.995 27.543 6.968 15.876 -1.720 5.031 1.268 -2.184 -3.621 2.602 2.931 -2.417
7.491 12.502 26.647 8.902 15.429 -3.097 2.438 3.465 1.033 -7.441 1.229 6.164 -3.558
7.541 12.456 26.940 7.591 15.355 -2.698 2.455 3.831 0.929 -8.269 1.689 6.691 -3.956
7.491 12.425 28.479 7.486 15.500 -1.141 3.764 -0.091 -0.216 -2.331 0.332 2.670 -1.571
7.539 12.821 27.964 7.568 14.982 -2.271 1.852 2.395 1.644 -5.759 0.140 4.999 -2.583
7.425 12.986 26.957 6.560 15.294 -1.288 3.115 -0.235 0.854 -1.954 -0.469 2.109 -0.971
7.553 12.699 26.284 7.927 15.536 -2.831 3.535 2.833 -0.022 -5.836 1.303 4.771 -2.813
7.559 12.912 27.613 7.646 15.461 -1.720 3.194 1.258 0.287 -4.217 0.843 3.899 -2.360
7.471 12.715 27.638 7.701 15.685 -2.019 3.599 2.467 -0.325 -6.121 1.952 5.244 -3.432
7.549 12.893 26.572 7.652 15.394 -3.465 3.548 4.159 -0.721 -7.271 2.492 5.478 -3.565
8.106 12.496 27.832 7.184 14.959 -1.179 2.894 0.720 0.091 -3.021 0.680 2.579 -1.528
7.526 12.927 26.852 7.289 15.484 -1.289 2.349 1.614 1.518 -5.827 0.523 5.325 -3.003
8.106 12.496 27.832 7.184 14.959 -1.179 2.894 0.720 0.091 -3.021 0.680 2.579 -1.528
7.555 12.647 26.315 8.509 15.192 -3.131 2.900 3.007 -0.019 -6.103 1.744 4.764 -2.972
7.519 12.720 27.232 7.627 15.113 -3.083 2.754 4.424 -0.429 -8.821 3.182 7.041 -4.759
7.503 12.729 26.777 7.618 15.815 -1.526 3.374 0.224 0.824 -2.961 0.011 3.231 -1.836
7.492 13.196 26.492 7.829 15.816 -2.342 4.042 2.127 -0.761 -5.159 1.799 4.291 -2.834
7.567 12.478 27.637 8.819 14.974 -1.554 1.183 1.773 2.767 -5.995 -0.234 5.438 -2.800
7.481 12.557 25.919 7.937 15.026 -3.578 1.811 4.287 1.022 -7.866 1.531 6.275 -3.714
7.461 13.039 27.633 8.111 15.390 -2.006 2.584 2.335 1.037 -5.710 0.731 4.857 -2.760
7.496 12.983 26.717 6.835 15.353 -2.121 3.031 1.795 0.162 -4.789 1.191 4.223 -2.638
7.548 13.310 27.063 6.522 15.284 -1.034 1.607 0.285 2.076 -3.516 -0.322 3.575 -1.925
7.550 12.555 26.935 6.772 15.119 -2.647 1.865 3.157 1.594 -7.340 0.933 6.208 -3.519
7.566 12.998 26.903 8.161 14.799 -2.896 1.370 2.859 1.811 -5.983 0.491 4.997 -2.848
7.590 12.902 26.728 7.281 15.407 -3.018 3.007 3.775 -0.272 -7.233 2.314 5.703 -3.712
7.466 12.706 25.910 7.515 15.119 -2.966 1.729 3.269 1.750 -6.768 0.506 5.562 -2.992
7.555 12.920 25.986 7.271 15.506 -2.956 3.644 2.106 -0.657 -4.095 1.424 3.195 -2.095
7.486 12.655 26.654 7.540 14.853 -3.504 2.138 3.482 0.613 -6.360 1.265 5.115 -3.047
7.555 12.647 26.315 8.509 15.192 -3.131 2.900 3.007 -0.019 -6.103 1.744 4.764 -2.972
7.484 12.884 26.454 8.605 15.139 -3.254 2.712 3.992 0.655 -8.238 1.820 6.741 -4.064
7.585 13.068 26.818 7.430 15.398 -3.080 3.213 3.761 -0.068 -7.193 1.729 5.669 -3.302
7.473 13.104 27.082 7.554 15.340 -2.836 2.307 3.361 1.413 -7.228 0.785 6.153 -3.437
7.609 12.556 26.984 7.995 15.696 -1.522 3.701 1.053 -0.517 -4.038 1.446 3.669 -2.480
7.532 12.948 26.630 7.364 15.831 -2.795 4.781 2.651 -1.686 -5.400 2.473 4.342 -3.046
7.551 13.183 26.875 6.016 15.885 -2.219 4.141 2.095 -1.057 -5.174 2.213 4.321 -2.997
7.452 12.999 26.287 7.702 14.958 -4.000 1.669 4.663 1.316 -8.227 1.342 6.409 -3.652
7.413 13.218 27.115 7.632 15.330 -2.103 2.424 2.537 0.737 -6.275 1.250 5.184 -3.091
7.471 12.715 27.638 7.701 15.685 -2.019 3.599 2.467 -0.325 -6.121 1.952 5.244 -3.432
7.511 12.650 26.644 8.093 14.970 -3.299 2.373 3.670 0.468 -6.547 1.503 4.963 -2.996
7.553 12.699 26.284 7.927 15.536 -2.831 3.535 2.833 -0.022 -5.836 1.303 4.771 -2.813
7.469 12.686 27.068 7.113 15.165 -3.086 2.950 3.105 0.045 -5.643 1.155 4.400 -2.506
7.460 12.734 26.178 8.099 15.918 -3.029 3.432 3.309 0.146 -7.003 1.773 5.684 -3.489
7.481 12.716 27.127 7.552 15.192 -3.031 2.540 3.666 1.042 -6.722 0.582 5.470 -2.848
7.638 13.042 26.921 8.040 15.597 -3.013 3.671 3.554 -1.270 -6.469 2.750 4.700 -3.173
7.566 12.998 26.903 8.161 14.799 -2.896 1.370 2.859 1.811 -5.983 0.491 4.997 -2.848
7.592 12.517 26.633 8.793 15.445 -3.002 2.664 3.780 0.844 -7.423 1.238 5.842 -3.311
7.544 13.006 26.283 8.973 16.117 -2.430 5.017 2.289 -2.053 -5.345 2.999 4.430 -3.390
7.520 12.719 26.601 7.033 15.471 -3.584 3.175 4.475 -0.363 -7.989 2.479 6.154 -3.909
7.509 12.631 26.275 7.483 15.496 -2.822 3.148 3.057 -0.007 -6.856 1.846 5.773 -3.579
7.541 12.456 26.940 7.591 15.355 -2.698 2.455 3.831 0.929 -8.269 1.689 6.691 -3.956
7.518 12.897 27.081 7.336 15.461 -2.755 2.819 2.991 0.511 -6.796 1.484 5.777 -3.484
7.465 12.610 27.019 7.694 15.278 -2.562 2.488 2.503 0.782 -5.148 0.507 4.107 -2.152
7.566 12.998 26.903 8.161 14.799 -2.896 1.370 2.859 1.811 -5.983 0.491 4.997 -2.848
8.108 13.060 27.216 6.724 15.710 -2.257 4.010 1.992 -0.727 -4.126 1.379 3.246 -2.064
7.491 13.146 26.538 7.265 15.631 -2.903 3.361 3.223 -0.349 -6.217 1.868 4.988 -3.203
7.522 12.761 26.490 7.936 15.218 -2.665 1.792 2.876 1.999 -6.358 0.113 5.387 -2.795
7.836 12.471 27.557 6.161 15.040 -2.428 3.442 2.413 -0.993 -4.476 1.924 3.337 -2.298
7.451 12.816 26.864 7.635 15.587 -2.627 3.648 3.152 -0.557 -6.808 2.307 5.452 -3.530
7.615 13.018 26.833 7.436 15.118 -2.818 2.258 3.123 0.847 -6.840 1.536 5.610 -3.474
7.465 12.766 26.184 7.485 15.608 -2.648 2.940 2.126 0.770 -5.075 0.615 4.412 -2.507
7.444 13.023 27.106 7.790 15.204 -2.335 2.120 2.457 1.621 -6.334 0.449 5.575 -3.030
7.547 12.904 26.285 6.445 15.581 -3.459 2.811 4.354 0.483 -8.521 2.156 6.851 -4.287
7.483 13.048 26.392 7.495 15.108 -2.632 1.862 3.385 1.203 -7.346 1.269 6.103 -3.635
7.486 12.777 26.746 7.877 15.100 -3.221 1.580 3.987 1.877 -8.207 0.848 6.797 -3.730
7.475 12.766 26.740 7.902 15.791 -2.602 2.874 3.108 0.787 -7.208 1.484 6.118 -3.717
7.493 12.700 26.296 7.912 15.266 -3.347 2.378 3.444 0.942 -6.580 0.905 5.316 -2.966
7.530 12.802 26.764 7.555 15.326 -2.254 3.111 2.147 0.293 -5.762 1.233 4.994 -2.970
7.553 12.699 26.284 7.927 15.536 -2.831 3.535 2.833 -0.022 -5.836 1.303 4.771 -2.813
7.494 13.049 27.467 7.623 14.517 -2.665 0.640 3.814 2.938 -8.614 0.541 7.303 -4.038
8.108 13.060 27.216 6.724 15.710 -2.257 4.010 1.992 -0.727 -4.126 1.379 3.246 -2.064
7.395 12.719 27.013 7.985 15.638 -2.939 3.694 2.292 -0.797 -4.341 1.435 3.344 -2.087
7.539 12.821 27.964 7.568 14.982 -2.271 1.852 2.395 1.644 -5.759 0.140 4.999 -2.583
7.594 12.378 27.236 8.684 15.451 -2.352 3.184 2.888 0.052 -6.426 1.658 5.149 -3.143
7.540 13.102 25.898 7.387 14.910 -2.566 0.720 2.977 3.072 -7.034 -0.148 5.992 -3.091
7.507 13.161 26.212 6.504 15.249 -3.236 2.224 3.268 1.246 -6.421 0.605 5.391 -2.945
7.604 12.300 27.007 7.901 15.151 -2.357 2.657 2.412 0.862 -5.722 0.858 4.768 -2.724
7.518 12.404 26.878 9.272 15.248 -2.465 2.711 3.247 0.346 -7.389 1.802 6.279 -3.814
7.551 12.761 26.715 7.861 15.339 -2.332 2.822 1.403 0.721 -3.842 0.252 3.392 -1.782
7.566 12.924 27.029 7.129 15.289 -2.342 2.670 2.144 0.720 -5.219 0.859 4.475 -2.631
7.534 12.609 27.070 7.237 15.552 -2.918 3.508 3.064 -0.636 -6.228 2.246 4.981 -3.345
7.493 12.700 26.296 7.912 15.266 -3.347 2.378 3.444 0.942 -6.580 0.905 5.316 -2.966
7.537 12.889 27.433 7.540 15.230 -1.883 2.843 1.181 0.642 -3.891 0.336 3.413 -1.809
7.577 13.020 26.910 6.370 15.982 -1.510 4.586 0.234 -1.293 -2.167 1.293 2.218 -1.709
7.475 13.046 27.225 7.195 15.961 -1.538 4.241 0.922 -0.621 -4.132 1.386 4.069 -2.714
7.746 12.678 27.308 7.748 15.594 -1.489 3.550 0.298 -0.138 -1.837 0.257 1.590 -0.840
7.746 12.678 27.308 7.748 15.594 -1.489 3.550 0.298 -0.138 -1.837 0.257 1.590 -0.840
7.621 13.150 28.001 7.733 15.830 -1.265 3.721 0.253 -0.059 -2.595 0.633 2.453 -1.509
7.829 12.875 27.754 6.573 15.210 -3.116 3.459 4.067 -1.348 -7.378 3.406 5.340 -3.838
7.470 12.683 26.756 6.739 15.445 -2.903 3.047 3.028 -0.289 -6.013 1.769 4.744 -2.959
7.499 12.697 27.335 7.158 15.655 -1.260 3.725 0.461 -0.106 -3.451 0.785 3.485 -2.118
7.497 13.203 27.417 8.113 15.647 -2.361 2.992 3.604 0.228 -8.272 2.367 6.873 -4.404
7.678 12.824 27.090 7.761 15.329 -2.292 3.580 2.085 -0.908 -4.298 1.740 3.180 -2.088
7.449 12.622 25.723 7.933 15.318 -4.132 1.922 5.136 1.343 -8.448 1.213 6.300 -3.482
7.464 13.263 26.287 6.684 15.103 -3.554 2.030 3.999 1.188 -7.227 0.884 5.643 -3.081
7.500 12.834 26.167 7.791 15.024 -3.570 1.669 5.632 1.173 -10.711 2.490 8.536 -5.257
7.498 12.475 26.047 8.587 15.029 -2.982 2.056 2.901 1.128 -6.025 0.696 4.920 -2.658
7.450 12.890 27.208 7.074 15.136 -1.958 2.680 0.977 0.714 -3.388 0.103 3.188 -1.656
7.520 12.698 26.545 8.009 15.227 -3.518 2.743 3.842 0.049 -7.055 1.979 5.468 -3.441
7.643 12.666 26.507 7.144 15.177 -3.535 2.450 3.412 -0.010 -5.790 1.726 4.197 -2.659
7.571 12.922 26.405 6.365 15.377 -2.591 3.540 1.960 -0.311 -4.721 1.408 3.932 -2.477
7.531 13.252 26.365 6.971 14.994 -3.224 1.936 3.858 1.426 -7.156 0.708 5.633 -3.028
7.167 13.241 25.790 8.128 15.785 -3.600 2.991 3.787 0.339 -7.560 1.734 6.263 -3.801
7.475 12.902 27.033 8.020 15.486 -1.997 3.010 1.922 0.494 -5.112 0.862 4.365 -2.511
7.574 12.680 27.040 7.541 15.048 -2.949 1.719 4.215 1.682 -9.099 1.484 7.359 -4.269
7.471 12.760 27.381 6.665 15.888 -1.232 3.294 0.410 0.615 -2.921 -0.080 2.932 -1.499
7.636 12.402 26.251 7.848 16.018 -4.336 4.704 4.840 -2.001 -7.329 3.267 5.120 -3.560
7.447 12.619 26.844 7.191 15.286 -1.902 1.370 2.115 2.882 -6.013 -0.649 5.429 -2.525
7.487 12.700 26.733 8.075 15.262 -2.640 2.239 3.181 0.790 -6.528 1.305 5.205 -3.096
7.465 12.766 26.184 7.485 15.608 -2.648 2.940 2.126 0.770 -5.075 0.615 4.412 -2.507
7.508 12.657 26.394 6.883 15.824 -3.410 3.070 4.330 0.728 -9.124 1.987 7.525 -4.561
7.429 13.015 26.512 8.548 15.429 -2.590 3.113 2.265 0.153 -5.263 1.216 4.539 -2.804
7.549 12.893 26.572 7.652 15.394 -3.465 3.548 4.159 -0.721 -7.271 2.492 5.478 -3.565
7.536 12.732 25.992 7.572 15.505 -3.865 3.390 4.316 -0.545 -6.977 2.235 5.173 -3.354
7.588 12.619 26.999 8.097 14.912 -2.001 2.353 1.049 0.959 -4.080 0.533 3.652 -2.091
7.474 12.991 26.717 7.796 15.267 -3.115 2.661 2.743 0.833 -5.549 0.679 4.449 -2.421
7.569 12.904 26.774 7.422 15.332 -3.295 2.305 4.320 0.939 -8.095 1.607 6.198 -3.603
7.525 12.874 26.972 7.297 15.278 -3.911 2.265 5.679 0.547 -9.665 2.346 7.269 -4.367
7.518 13.026 26.936 7.362 15.084 -2.254 2.023 2.213 1.343 -5.202 0.326 4.311 -2.281
7.519 12.980 26.780 8.405 15.262 -2.787 2.630 3.081 0.612 -6.678 1.458 5.441 -3.278
7.462 13.046 26.778 8.134 15.719 -2.915 3.862 2.909 -0.684 -5.833 1.723 4.869 -3.049
7.170 12.405 26.473 6.859 15.402 -1.986 2.048 1.791 1.979 -6.378 0.207 6.160 -3.395
7.470 12.683 26.756 6.739 15.445 -2.903 3.047 3.028 -0.289 -6.013 1.769 4.744 -2.959
7.568 12.534 28.104 7.560 15.124 -1.441 2.678 1.150 0.870 -4.458 0.580 4.148 -2.435
7.543 13.088 27.451 7.523 15.336 -2.116 2.678 2.270 0.976 -6.324 1.208 5.380 -3.265
7.599 12.859 26.534 7.711 15.617 -3.488 3.739 3.809 -0.873 -6.819 2.503 5.292 -3.541
7.464 13.263 26.287 6.684 15.103 -3.554 2.030 3.999 1.188 -7.227 0.884 5.643 -3.081
7.884 12.995 27.543 6.968 15.876 -1.720 5.031 1.268 -2.184 -3.621 2.602 2.931 -2.417
7.492 12.252 26.852 8.154 15.313 -3.472 2.901 4.299 0.059 -8.413 2.321 6.748 -4.223
7.820 13.322 27.677 6.021 15.743 -2.023 3.447 2.286 -0.084 -5.121 1.464 3.921 -2.456
7.628 12.711 26.665 7.119 15.306 -2.925 2.508 3.606 0.877 -7.473 1.523 5.845 -3.476
7.541 12.762 27.047 8.320 15.433 -2.145 3.735 1.501 -0.459 -4.174 1.256 3.713 -2.376
7.444 11.927 26.622 7.995 15.220 -3.939 2.806 4.849 -0.101 -8.596 2.618 6.645 -4.308
7.763 12.884 26.891 7.334 15.382 -2.957 4.284 2.726 -1.873 -4.568 2.631 3.164 -2.460
7.508 12.869 27.128 7.342 14.938 -2.786 1.955 4.327 1.020 -8.657 1.771 6.857 -4.075
7.635 12.530 27.390 6.532 15.657 -1.909 3.693 1.290 -0.626 -3.432 1.388 2.871 -1.998
7.540 13.158 26.355 7.358 15.457 -3.081 2.993 3.234 0.084 -6.496 1.612 5.260 -3.205
7.612 12.797 27.029 7.418 15.608 -2.700 4.109 1.970 -1.317 -4.015 1.881 2.942 -2.034
7.530 12.890 26.705 7.274 14.995 -1.849 2.207 1.463 1.326 -4.829 0.348 4.333 -2.386
7.475 12.902 27.033 8.020 15.486 -1.997 3.010 1.922 0.494 -5.112 0.862 4.365 -2.511
7.628 12.756 26.662 7.526 15.069 -3.374 2.208 3.991 0.578 -7.473 2.018 5.639 -3.585
7.495 12.956 27.563 7.466 15.753 -2.078 5.166 2.081 -2.558 -5.276 3.409 4.520 -3.622
7.525 13.065 27.617 8.408 15.372 -2.185 2.543 2.838 0.917 -6.608 1.193 5.565 -3.354
7.585 13.068 26.818 7.430 15.398 -3.080 3.213 3.761 -0.068 -7.193 1.729 5.669 -3.302
7.510 13.364 26.953 6.488 14.988 -3.149 1.537 4.463 1.863 -9.653 1.595 7.873 -4.589
7.453 12.669 26.885 7.189 15.848 -1.902 3.771 1.434 -0.240 -3.953 0.845 3.407 -1.963
7.470 12.721 26.612 8.686 15.282 -3.316 3.118 3.893 -0.554 -7.421 2.662 5.864 -3.972
7.520 12.163 26.651 8.889 15.405 -2.601 3.105 2.237 -0.031 -5.185 1.546 4.215 -2.691
7.432 12.841 27.243 8.104 15.310 -2.346 2.344 2.769 1.034 -6.650 1.228 5.681 -3.451
7.440 12.651 27.393 6.765 15.100 -2.594 1.589 3.153 2.357 -7.722 0.346 6.651 -3.527
7.557 13.035 27.080 8.058 15.445 -2.511 2.500 2.503 1.265 -5.475 0.258 4.494 -2.297
7.580 12.917 26.767 7.890 15.262 -3.306 3.512 3.330 -0.936 -6.238 2.365 4.803 -3.181
7.515 12.591 26.201 7.482 15.742 -2.296 3.332 1.845 0.409 -5.035 0.877 4.519 -2.690
7.560 12.750 27.263 7.997 15.556 -1.308 2.827 0.538 1.317 -3.866 -0.096 3.957 -2.116
7.543 12.662 26.290 7.893 15.355 -3.188 2.651 3.603 0.169 -6.840 1.828 5.216 -3.190
7.621 13.150 28.001 7.733 15.830 -1.265 3.721 0.253 -0.059 -2.595 0.633 2.453 -1.509
7.099 12.771 26.958 7.857 15.725 -2.255 2.898 1.413 1.241 -4.846 0.076 4.632 -2.419
7.597 13.241 26.456 7.359 14.942 -1.763 1.271 1.045 2.758 -3.604 -1.406 3.250 -1.161
7.544 12.771 27.043 6.863 15.403 -2.863 3.298 3.407 -0.578 -7.220 2.690 5.704 -3.839
7.462 13.046 26.778 8.134 15.719 -2.915 3.862 2.909 -0.684 -5.833 1.723 4.869 -3.049
7.548 12.406 27.259 7.676 15.283 -2.382 2.327 3.620 0.709 -8.015 1.821 6.609 -4.018
7.607 12.786 26.574 6.844 15.733 -1.931 3.575 1.469 0.027 -4.261 0.881 3.675 -2.119
7.522 12.293 26.089 7.919 15.337 -3.705 3.505 4.015 -0.679 -7.191 2.311 5.608 -3.596
7.552 12.711 26.121 7.750 15.431 -3.676 2.879 4.811 -0.078 -8.745 2.557 6.612 -4.148
7.528 12.820 27.049 8.397 15.546 -3.622 4.022 4.755 -1.513 -8.712 3.585 6.792 -4.684
7.442 12.783 26.315 7.737 15.196 -4.029 1.505 5.665 2.024 -10.267 1.173 7.953 -4.223
7.515 12.734 27.336 8.795 15.454 -3.548 3.458 4.909 -0.826 -8.945 3.183 6.874 -4.539
7.494 12.984 26.717 7.517 15.431 -3.360 4.021 3.709 -1.488 -6.471 2.661 4.925 -3.300
7.586 12.446 26.668 8.149 14.984 -2.465 1.547 2.870 2.211 -6.776 0.303 5.652 -2.987
7.578 12.771 26.888 8.525 15.174 -3.067 2.199 4.289 0.390 -8.381 2.289 6.555 -4.084
7.530 13.128 25.986 8.083 15.473 -4.271 3.045 5.737 -0.577 -9.712 3.233 7.297 -4.759
7.495 13.064 26.906 7.223 15.039 -2.220 2.046 1.964 1.453 -5.070 0.243 4.245 -2.233
7.533 13.297 27.257 7.156 15.171 -1.765 1.967 1.697 1.528 -5.067 0.152 4.676 -2.512
7.540 12.673 27.241 7.265 15.438 -3.072 3.123 4.363 -0.394 -8.185 2.736 6.264 -4.113
7.533 12.921 27.180 8.238 15.712 -1.669 3.214 1.326 0.427 -4.589 0.683 4.459 -2.633
7.099 12.771 26.958 7.857 15.725 -2.255 2.898 1.413 1.241 -4.846 0.076 4.632 -2.419
7.603 12.631 27.359 6.573 15.338 -3.044 2.883 3.723 0.011 -7.417 2.349 5.656 -3.630
7.525 12.948 26.953 6.813 15.277 -3.429 1.875 3.940 2.168 -7.768 0.185 6.285 -3.108
7.553 12.941 26.424 7.888 15.131 -3.454 2.770 3.354 0.583 -6.360 0.922 5.017 -2.696
7.737 12.454 26.456 7.916 15.106 -2.905 2.933 2.667 -0.421 -4.899 1.822 3.558 -2.414
7.467 12.778 25.912 8.963 15.975 -2.484 4.507 2.135 -1.451 -4.986 2.232 4.335 -3.042
7.487 13.301 27.322 6.763 14.873 -2.650 2.044 3.237 0.898 -7.250 1.459 6.067 -3.638
7.547 12.359 26.855 6.599 15.705 -3.253 4.372 3.257 -1.595 -6.347 2.781 5.088 -3.528
7.542 12.772 27.137 7.602 15.717 -1.580 3.444 1.329 0.603 -4.581 0.339 4.061 -2.114
7.644 13.092 26.262 8.487 15.452 -3.066 3.113 2.296 -0.128 -4.257 1.188 3.190 -1.993
7.567 11.999 27.761 8.234 15.082 -1.537 2.506 1.451 0.842 -4.669 0.615 3.923 -2.165
7.444 13.023 27.106 7.790 15.204 -2.335 2.120 2.457 1.621 -6.334 0.449 5.575 -3.030
7.585 13.068 26.818 7.430 15.398 -3.080 3.213 3.761 -0.068 -7.193 1.729 5.669 -3.302
7.218 12.834 26.755 7.726 15.385 -2.921 3.002 3.182 0.400 -7.118 1.652 6.017 -3.719
7.597 13.241 26.456 7.359 14.942 -1.763 1.271 1.045 2.758 -3.604 -1.406 3.250 -1.161
7.491 12.662 26.994 8.629 14.784 -3.116 2.369 3.089 0.722 -6.055 0.993 4.692 -2.635
7.626 13.005 27.113 7.137 15.362 -2.511 2.631 2.340 0.346 -4.707 1.133 3.650 -2.229
7.560 12.692 27.361 8.231 16.037 -1.079 3.785 -0.311 0.179 -2.148 0.174 2.579 -1.551
7.497 13.203 27.417 8.113 15.647 -2.361 2.992 3.604 0.228 -8.272 2.367 6.873 -4.404
7.588 12.619 26.999 8.097 14.912 -2.001 2.353 1.049 0.959 -4.080 0.533 3.652 -2.091
7.511 12.650 26.644 8.093 14.970 -3.299 2.373 3.670 0.468 -6.547 1.503 4.963 -2.996
7.535 13.048 26.058 7.861 15.055 -3.933 1.782 5.248 0.976 -8.779 1.862 6.504 -3.860
7.524 12.952 26.850 7.556 15.785 -1.979 3.297 1.092 0.424 -3.581 0.250 3.420 -1.869
7.554 12.578 27.309 7.206 15.225 -2.622 2.358 2.891 1.536 -6.448 0.568 5.265 -2.880
7.619 12.623 26.449 7.002 15.429 -3.817 3.633 4.184 -1.016 -6.614 2.468 4.565 -2.946
7.517 12.786 26.641 7.119 15.818 -1.937 3.132 1.870 0.681 -5.299 0.687 4.757 -2.676
7.509 12.915 26.416 8.139 15.330 -2.797 3.360 2.945 -0.880 -5.791 2.206 4.557 -3.008
7.535 12.773 26.956 7.769 15.642 -3.199 3.956 3.306 -0.972 -6.239 2.218 4.896 -3.194
7.494 13.049 27.467 7.623 14.517 -2.665 0.640 3.814 2.938 -8.614 0.541 7.303 -4.038
7.504 12.751 27.170 7.697 15.473 -1.944 3.163 1.518 0.145 -4.185 0.967 3.573 -2.202
7.616 12.648 27.153 7.585 15.362 -1.580 3.351 0.275 0.255 -2.423 0.225 2.386 -1.362
7.476 12.210 26.412 7.095 15.027 -4.051 1.830 4.987 1.176 -8.781 1.539 6.862 -3.946
7.475 12.844 27.300 7.522 15.683 -1.731 3.512 1.026 0.126 -3.926 0.933 3.511 -2.200
7.502 13.068 26.518 7.388 15.351 -3.558 3.435 3.917 -0.771 -7.230 2.666 5.740 -3.865
7.443 12.811 26.938 6.514 15.793 -1.664 3.059 1.365 0.546 -4.343 0.644 3.877 -2.269
7.251 13.347 26.709 8.083 16.353 -2.614 5.714 1.224 -2.833 -2.486 2.301 1.922 -1.697
7.464 13.263 26.287 6.684 15.103 -3.554 2.030 3.999 1.188 -7.227 0.884 5.643 -3.081
7.549 12.956 27.185 6.765 15.073 -2.970 2.448 3.677 0.374 -7.183 1.897 5.583 -3.490
7.531 13.127 27.057 7.596 15.812 -2.783 3.783 3.544 -0.528 -6.998 2.106 5.465 -3.389
7.761 12.882 27.814 6.906 15.979 -0.967 4.889 0.401 -1.625 -2.998 1.848 2.785 -2.152
7.469 12.686 27.068 7.113 15.165 -3.086 2.950 3.105 0.045 -5.643 1.155 4.400 -2.506
7.779 12.531 27.095 7.908 15.327 -2.641 3.724 3.329 -1.684 -6.305 3.270 4.688 -3.480
7.623 12.703 27.428 7.853 14.733 -1.508 1.333 0.783 1.713 -3.246 -0.063 2.890 -1.571
7.512 12.634 27.531 7.360 15.335 -1.652 3.170 1.316 0.057 -4.430 1.093 4.035 -2.520
7.499 12.762 26.316 8.088 15.560 -2.528 2.845 2.552 0.331 -6.149 1.437 5.174 -3.137
7.603 12.405 26.469 7.384 15.184 -2.939 2.614 2.693 1.024 -5.920 0.644 4.944 -2.719
7.564 12.738 26.520 7.503 15.229 -2.095 2.982 1.432 0.057 -3.950 0.941 3.435 -2.088
7.569 12.929 26.815 7.024 15.078 -4.203 2.905 5.133 -0.594 -8.379 2.973 6.218 -4.135
7.474 12.991 26.717 7.796 15.267 -3.115 2.661 2.743 0.833 -5.549 0.679 4.449 -2.421
7.551 13.183 26.875 6.016 15.885 -2.219 4.141 2.095 -1.057 -5.174 2.213 4.321 -2.997
7.525 12.948 26.953 6.813 15.277 -3.429 1.875 3.940 2.168 -7.768 0.185 6.285 -3.108
7.479 12.957 26.904 7.496 15.067 -2.868 2.771 2.514 0.404 -5.431 1.095 4.489 -2.680
7.225 12.659 27.212 7.157 15.722 -1.714 4.100 0.237 0.161 -3.280 0.294 3.407 -1.919
7.478 13.008 27.484 7.163 15.427 -0.919 2.835 0.382 1.153 -4.045 0.277 4.178 -2.416
7.566 12.998 26.903 8.161 14.799 -2.896 1.370 2.859 1.811 -5.983 0.491 4.997 -2.848
7.483 13.048 26.392 7.495 15.108 -2.632 1.862 3.385 1.203 -7.346 1.269 6.103 -3.635
7.534 12.609 27.070 7.237 15.552 -2.918 3.508 3.064 -0.636 -6.228 2.246 4.981 -3.345
7.524 13.068 25.941 7.203 14.876 -4.410 1.354 5.535 1.828 -9.291 1.134 7.076 -3.825
7.535 13.058 27.303 7.885 15.099 -1.689 2.565 1.431 0.866 -4.721 0.463 4.210 -2.290
7.532 12.754 26.458 8.404 15.234 -2.692 2.819 2.728 0.101 -5.900 1.323 4.791 -2.786
7.521 12.833 26.004 8.388 15.590 -3.445 3.487 2.805 -0.175 -5.065 1.163 4.048 -2.416
7.453 12.669 26.885 7.189 15.848 -1.902 3.771 1.434 -0.240 -3.953 0.845 3.407 -1.963
7.585 12.747 27.103 7.545 15.043 -1.939 2.538 1.545 0.575 -4.410 0.981 3.829 -2.440
7.464 13.078 26.943 7.787 15.567 -1.976 3.388 1.333 -0.027 -3.935 0.778 3.612 -2.165
7.534 12.609 27.070 7.237 15.552 -2.918 3.508 3.064 -0.636 -6.228 2.246 4.981 -3.345
7.434 13.128 26.367 8.672 15.574 -3.048 3.044 3.219 0.474 -6.782 1.278 5.593 -3.207
7.558 13.343 26.598 7.313 15.667 -2.090 3.618 1.810 -0.619 -4.816 1.859 4.128 -2.844
7.521 12.939 26.504 8.636 15.656 -3.452 3.877 4.161 -0.585 -7.827 2.413 6.151 -3.911
7.452 12.837 26.170 8.814 15.756 -3.757 3.749 4.641 -1.001 -8.455 3.191 6.648 -4.503
7.547 12.625 26.829 6.853 15.101 -3.359 3.068 3.518 -0.263 -7.029 2.181 5.707 -3.674
7.678 12.824 27.090 7.761 15.329 -2.292 3.580 2.085 -0.908 -4.298 1.740 3.180 -2.088
7.630 12.417 27.670 9.337 15.513 -1.399 3.600 0.520 -0.149 -3.182 0.947 2.864 -1.834
7.483 12.502 27.085 7.789 15.288 -2.022 3.011 1.417 0.107 -3.789 0.750 3.270 -1.937
7.610 13.164 26.261 8.295 15.921 -2.910 3.596 3.344 -0.697 -6.439 2.369 4.909 -3.298
7.585 13.068 26.818 7.430 15.398 -3.080 3.213 3.761 -0.068 -7.193 1.729 5.669 -3.302
7.507 12.995 27.338 7.116 15.598 -1.627 3.077 0.919 1.019 -4.185 0.295 4.034 -2.273
7.544 12.865 27.052 9.055 15.464 -1.737 3.484 0.742 -0.156 -3.306 0.834 3.031 -1.857
7.637 12.596 27.014 7.086 15.266 -2.562 3.250 2.341 -0.303 -5.349 1.886 4.274 -2.896
7.460 12.372 26.457 8.016 15.361 -3.691 2.686 4.297 0.972 -8.392 1.473 6.796 -3.907
7.506 12.340 26.500 7.911 14.580 -2.443 0.740 2.604 2.722 -6.239 -0.311 5.438 -2.684
7.529 12.697 26.790 7.977 15.168 -2.976 2.255 3.437 0.557 -6.913 1.576 5.559 -3.397
7.764 12.758 26.801 8.704 15.587 -2.516 3.905 2.427 -1.200 -4.744 1.993 3.524 -2.338
7.832 13.020 26.814 7.844 15.351 -3.087 2.910 4.001 -0.501 -7.543 2.916 5.566 -3.781
7.508 12.869 27.128 7.342 14.938 -2.786 1.955 4.327 1.020 -8.657 1.771 6.857 -4.075
7.471 12.760 27.381 6.665 15.888 -1.232 3.294 0.410 0.615 -2.921 -0.080 2.932 -1.499
7.490 12.623 26.520 7.292 15.267 -3.077 3.128 2.494 -0.219 -5.147 1.580 4.142 -2.650
7.503 12.810 27.235 6.907 15.157 -1.534 2.141 2.103 1.560 -6.389 0.683 5.731 -3.255
7.524 12.769 26.777 8.371 15.113 -1.689 1.860 1.675 1.714 -5.691 0.619 5.157 -3.067
7.621 12.994 26.435 7.877 15.299 -2.816 2.814 2.794 0.328 -5.657 1.286 4.408 -2.607
7.643 13.062 27.609 7.205 14.983 -2.550 2.221 3.858 0.499 -7.331 1.985 5.399 -3.384
7.621 12.994 26.435 7.877 15.299 -2.816 2.814 2.794 0.328 -5.657 1.286 4.408 -2.607
7.454 13.295 26.764 7.951 15.202 -2.286 1.598 2.919 2.066 -7.244 0.548 6.168 -3.380
7.634 13.061 26.426 7.707 15.724 -2.953 4.513 2.255 -1.936 -3.535 2.168 2.486 -1.887
7.491 12.425 28.479 7.486 15.500 -1.141 3.764 -0.091 -0.216 -2.331 0.332 2.670 -1.571
7.522 12.445 27.784 7.805 14.718 -2.814 0.855 4.357 2.425 -8.757 0.675 7.052 -3.777
7.454 13.080 26.357 8.815 15.429 -2.198 2.250 2.224 1.190 -5.264 0.420 4.336 -2.300
7.094 13.375 25.644 7.941 16.065 -2.425 3.900 1.481 0.094 -4.749 1.076 4.327 -2.663
7.556 12.902 27.792 7.640 15.735 -2.917 4.522 2.916 -1.812 -5.457 2.657 4.130 -2.927
7.436 13.077 26.646 6.949 14.605 -2.881 1.490 2.617 1.666 -5.383 0.048 4.514 -2.314
7.516 13.011 27.138 7.025 15.539 -1.352 2.920 0.817 0.565 -3.240 0.108 2.844 -1.404
7.481 12.915 26.560 8.824 15.628 -3.251 4.002 3.387 -1.507 -6.615 2.981 5.304 -3.732
7.544 12.276 27.191 8.224 14.857 -2.597 1.738 3.210 1.216 -6.589 0.968 5.386 -3.082
7.510 12.396 27.202 7.765 15.213 -1.629 2.631 1.280 0.812 -4.256 0.266 3.718 -1.871
7.537 12.968 26.773 8.104 15.107 -2.173 1.788 3.027 1.745 -7.711 1.140 6.643 -3.943
7.523 12.986 27.088 7.522 15.396 -1.541 2.790 1.002 0.599 -3.991 0.795 3.715 -2.364
7.552 12.711 26.121 7.750 15.431 -3.676 2.879 4.811 -0.078 -8.745 2.557 6.612 -4.148
7.450 12.890 27.208 7.074 15.136 -1.958 2.680 0.977 0.714 -3.388 0.103 3.188 -1.656
7.509 12.920 27.007 6.803 15.635 -2.300 3.764 2.278 -0.837 -5.651 2.277 4.728 -3.290
7.533 12.792 26.535 8.979 15.450 -4.005 2.480 5.664 0.310 -10.482 2.931 8.141 -5.101
7.420 13.045 26.314 8.086 15.794 -2.861 4.472 2.776 -1.539 -5.776 2.517 4.820 -3.372
7.439 12.711 27.066 7.691 15.079 -1.438 2.563 0.598 0.954 -3.601 0.391 3.481 -2.061
7.539 12.940 26.334 7.144 15.549 -3.928 3.378 5.183 -1.021 -8.854 3.414 6.552 -4.438
7.449 12.577 26.929 7.674 14.875 -2.413 2.331 1.974 1.277 -5.396 0.366 4.924 -2.707
7.496 12.999 26.482 8.173 15.260 -2.786 2.582 3.516 0.575 -7.167 1.447 5.669 -3.286
7.595 12.488 27.084 8.071 15.580 -3.201 3.350 4.259 -0.833 -8.275 3.257 6.376 -4.366
7.561 13.211 26.023 7.915 15.855 -4.019 3.837 5.806 -1.031 -9.915 3.563 7.329 -4.839
7.467 13.072 26.999 8.360 14.746 -1.779 0.530 2.092 3.254 -6.298 -0.613 5.627 -2.708
7.559 13.060 26.969 6.219 15.861 -2.232 4.506 1.786 -1.725 -4.163 2.227 3.585 -2.643
7.500 12.546 26.370 7.867 15.106 -3.511 2.349 4.430 0.963 -8.416 1.450 6.750 -3.875
7.512 12.669 26.902 7.053 15.355 -2.001 2.862 2.157 0.308 -5.600 1.251 4.926 -3.038
7.460 13.086 25.964 6.074 15.328 -2.686 2.143 2.492 1.599 -6.145 0.580 5.235 -2.939
7.650 12.615 27.416 7.389 15.626 -2.846 4.449 3.329 -1.903 -6.589 3.423 4.982 -3.722
7.500 12.904 26.396 8.157 15.678 -2.590 3.904 2.147 -0.816 -4.619 1.664 3.730 -2.407
7.549 12.792 27.117 7.954 15.443 -2.570 2.809 3.514 0.301 -7.692 2.123 6.237 -3.935
7.498 13.293 26.725 7.751 15.236 -3.564 3.479 4.462 -1.201 -7.836 3.131 5.914 -4.003
7.510 12.396 27.202 7.765 15.213 -1.629 2.631 1.280 0.812 -4.256 0.266 3.718 -1.871
7.610 12.279 27.139 6.924 15.474 -3.137 3.197 3.913 -0.364 -7.145 2.219 5.557 -3.571
7.479 12.871 26.590 7.686 15.484 -2.762 2.900 3.080 0.493 -6.392 1.369 5.176 -3.068
7.519 12.980 26.780 8.405 15.262 -2.787 2.630 3.081 0.612 -6.678 1.458 5.441 -3.278
7.481 12.988 27.749 8.193 15.454 -2.169 2.746 2.928 0.416 -6.798 1.564 5.544 -3.320
7.567 12.478 27.637 8.819 14.974 -1.554 1.183 1.773 2.767 -5.995 -0.234 5.438 -2.800
7.546 12.951 26.496 7.995 15.531 -2.698 3.434 2.670 -0.087 -5.620 1.490 4.307 -2.601
7.410 13.029 26.913 7.612 16.214 -1.772 5.628 0.806 -2.117 -3.331 2.160 3.127 -2.430
7.633 12.732 27.210 6.566 15.332 -2.227 2.987 2.909 -0.118 -6.277 1.968 4.781 -3.034
7.534 12.609 27.070 7.237 15.552 -2.918 3.508 3.064 -0.636 -6.228 2.246 4.981 -3.345
7.494 13.049 27.467 7.623 14.517 -2.665 0.640 3.814 2.938 -8.614 0.541 7.303 -4.038
7.537 12.889 27.433 7.540 15.230 -1.883 2.843 1.181 0.642 -3.891 0.336 3.413 -1.809
7.578 12.771 26.888 8.525 15.174 -3.067 2.199 4.289 0.390 -8.381 2.289 6.555 -4.084
7.520 12.842 26.435 6.955 15.248 -3.142 2.036 3.071 1.286 -6.130 0.641 5.028 -2.743
7.094 13.375 25.644 7.941 16.065 -2.425 3.900 1.481 0.094 -4.749 1.076 4.327 -2.663
7.494 12.984 26.717 7.517 15.431 -3.360 4.021 3.709 -1.488 -6.471 2.661 4.925 -3.300
7.517 12.960 27.131 7.226 15.747 -2.756 3.650 2.451 -0.319 -5.642 1.786 4.975 -3.298
7.542 12.903 27.205 7.082 15.343 -2.037 2.389 2.400 1.237 -6.286 0.924 5.404 -3.186
7.555 12.920 25.986 7.271 15.506 -2.956 3.644 2.106 -0.657 -4.095 1.424 3.195 -2.095
7.531 13.252 26.365 6.971 14.994 -3.224 1.936 3.858 1.426 -7.156 0.708 5.633 -3.028
7.496 12.983 26.717 6.835 15.353 -2.121 3.031 1.795 0.162 -4.789 1.191 4.223 -2.638
7.498 12.769 26.381 6.797 15.137 -2.899 1.782 3.144 1.258 -6.253 0.693 5.134 -2.821
7.494 12.984 26.717 7.517 15.431 -3.360 4.021 3.709 -1.488 -6.471 2.661 4.925 -3.300
7.542 13.086 27.301 6.429 15.665 -1.299 2.686 1.611 1.215 -5.067 0.200 4.529 -2.390
7.566 12.924 27.029 7.129 15.289 -2.342 2.670 2.144 0.720 -5.219 0.859 4.475 -2.631
7.553 12.875 27.111 6.988 14.808 -2.426 2.529 1.810 0.157 -3.810 1.018 3.033 -1.942
7.465 12.903 27.405 6.951 15.505 -2.781 3.435 2.721 0.031 -5.897 1.372 4.815 -2.842
7.511 12.650 26.644 8.093 14.970 -3.299 2.373 3.670 0.468 -6.547 1.503 4.963 -2.996
7.556 13.045 26.694 8.040 15.349 -2.410 3.093 1.726 -0.128 -3.702 0.906 3.001 -1.817
7.499 12.868 26.953 7.341 14.745 -2.416 1.219 3.404 2.093 -7.725 0.623 6.570 -3.584
7.596 12.596 27.507 7.820 15.714 -1.725 3.360 2.179 -0.469 -5.928 2.316 4.879 -3.388
7.569 13.074 26.936 7.604 15.590 -2.360 3.872 1.819 -0.955 -4.615 1.916 3.759 -2.529
7.463 12.558 27.277 7.315 15.245 -2.595 2.852 2.548 0.684 -6.031 0.839 5.042 -2.754
7.278 12.825 27.029 6.926 15.574 -2.369 3.794 1.572 -0.687 -4.101 1.535 3.518 -2.340
7.543 12.796 26.398 7.991 15.486 -3.948 3.757 4.314 -0.945 -7.528 2.828 5.708 -3.847
7.452 12.837 26.170 8.814 15.756 -3.757 3.749 4.641 -1.001 -8.455 3.191 6.648 -4.503
7.551 13.183 26.875 6.016 15.885 -2.219 4.141 2.095 -1.057 -5.174 2.213 4.321 -2.997
7.570 13.099 26.803 6.338 14.865 -3.022 1.710 3.729 1.101 -7.313 1.557 5.695 -3.481
7.524 12.896 27.490 6.046 15.359 -3.146 3.194 4.311 -0.562 -8.261 2.912 6.402 -4.248
7.452 12.837 26.170 8.814 15.756 -3.757 3.749 4.641 -1.001 -8.455 3.191 6.648 -4.503
7.596 12.991 26.587 7.781 15.618 -1.947 3.258 1.045 0.537 -3.492 0.223 3.084 -1.581
7.632 12.935 26.222 7.981 14.956 -3.157 2.153 3.623 0.442 -6.607 1.662 4.813 -2.874
7.242 12.863 26.621 6.696 15.704 -3.330 4.223 3.245 -1.497 -6.007 2.725 4.670 -3.356
7.523 12.739 27.314 8.062 15.052 -3.395 2.408 4.301 0.825 -8.077 1.651 6.168 -3.597
7.392 12.671 26.578 7.834 15.218 -2.309 2.946 1.819 0.567 -5.086 0.780 4.652 -2.683
7.533 12.162 26.486 6.711 15.540 -2.689 3.031 3.077 0.553 -6.809 1.342 5.616 -3.316
7.504 12.705 26.129 8.274 15.487 -3.868 3.165 4.733 -0.346 -8.141 2.352 6.243 -3.901
7.475 12.913 26.935 7.233 15.648 -1.311 2.916 0.787 1.236 -4.763 0.241 4.766 -2.651
7.608 12.757 26.854 7.253 14.993 -2.301 1.786 2.782 1.383 -6.535 0.911 5.275 -2.966
7.472 13.105 27.232 7.464 15.526 -2.304 3.171 2.605 -0.099 -5.910 1.617 4.852 -3.007
7.556 12.705 27.341 7.740 14.877 -1.418 1.584 1.290 1.449 -4.543 0.410 4.160 -2.428
7.528 12.892 27.014 6.893 15.301 -2.430 2.679 2.118 1.102 -5.123 0.325 4.393 -2.316
7.542 12.722 26.878 7.092 15.307 -2.692 2.615 2.851 0.474 -6.136 1.354 4.908 -2.955
7.521 12.671 27.747 7.740 15.789 -0.731 4.356 -0.785 -0.941 -1.603 0.979 2.136 -1.637
7.515 12.525 26.685 6.469 15.264 -3.155 2.749 4.370 0.346 -8.597 2.268 6.827 -4.262
7.477 12.222 27.265 7.271 15.272 -1.523 2.885 1.303 0.624 -5.169 1.031 4.804 -2.954
7.452 12.717 27.275 7.587 15.332 -2.111 2.551 1.954 0.735 -5.032 0.813 4.405 -2.610
7.535 13.058 27.303 7.885 15.099 -1.689 2.565 1.431 0.866 -4.721 0.463 4.210 -2.290
7.544 12.682 27.147 7.827 14.932 -1.787 1.072 1.633 2.970 -4.551 -1.303 3.932 -1.472
7.546 12.998 26.607 8.771 15.738 -3.795 3.455 4.464 -0.300 -7.684 2.026 5.920 -3.587
7.549 13.107 26.516 6.845 15.763 -2.970 4.257 3.083 -1.358 -6.061 2.727 4.870 -3.467
7.737 12.531 27.148 8.011 15.158 -2.662 2.533 3.079 0.170 -6.094 1.816 4.516 -2.892
7.539 12.656 26.756 7.004 15.391 -2.608 2.772 2.312 0.722 -5.524 0.807 4.762 -2.724
7.542 12.989 26.889 7.128 14.919 -3.623 2.092 5.314 0.287 -9.072 2.503 6.864 -4.304
7.490 12.868 25.878 8.244 15.594 -3.709 2.571 4.086 0.760 -7.673 1.550 6.052 -3.564
7.495 13.064 26.906 7.223 15.039 -2.220 2.046 1.964 1.453 -5.070 0.243 4.245 -2.233
7.647 12.578 26.927 7.435 15.449 -2.609 3.009 2.442 0.413 -5.195 1.126 4.025 -2.393
7.534 12.609 27.070 7.237 15.552 -2.918 3.508 3.064 -0.636 -6.228 2.246 4.981 -3.345
7.500 12.904 26.396 8.157 15.678 -2.590 3.904 2.147 -0.816 -4.619 1.664 3.730 -2.407
7.588 12.886 26.794 7.218 15.296 -2.772 3.143 3.261 -0.490 -6.324 2.200 4.853 -3.184
7.693 12.946 28.200 6.811 15.219 -1.620 3.404 1.453 -0.710 -4.012 1.794 3.012 -2.127
7.911 12.777 27.738 7.617 15.230 -2.406 3.188 2.785 -0.947 -5.229 2.403 3.782 -2.747
7.559 12.912 27.613 7.646 15.461 -1.720 3.194 1.258 0.287 -4.217 0.843 3.899 -2.360
7.446 13.165 27.119 9.008 15.682 -2.034 3.966 2.054 -0.937 -5.547 2.232 4.793 -3.301
7.550 13.124 26.363 7.863 15.899 -3.223 3.910 3.346 -0.788 -6.067 2.114 4.599 -3.024
7.588 12.973 26.706 7.327 15.365 -3.998 3.335 5.297 -0.543 -9.240 3.063 6.780 -4.326
7.373 12.639 25.683 8.377 15.593 -3.080 2.562 2.569 1.097 -5.442 0.579 4.527 -2.539
7.556 13.045 26.694 8.040 15.349 -2.410 3.093 1.726 -0.128 -3.702 0.906 3.001 -1.817
7.533 13.056 26.503 6.973 15.338 -2.152 2.565 2.215 0.597 -5.672 1.164 4.883 -2.981
7.815 12.925 26.828 7.536 15.730 -2.502 4.360 1.159 -1.253 -2.700 1.384 2.197 -1.593
7.499 12.697 27.335 7.158 15.655 -1.260 3.725 0.461 -0.106 -3.451 0.785 3.485 -2.118
7.678 12.824 27.090 7.761 15.329 -2.292 3.580 2.085 -0.908 -4.298 1.740 3.180 -2.088
7.641 12.824 27.261 6.492 15.313 -2.292 3.146 2.573 0.081 -6.029 1.620 4.804 -2.959
7.778 12.665 27.135 8.847 15.847 -2.713 4.578 2.558 -2.067 -4.440 2.522 3.087 -2.309
7.498 12.677 26.182 6.857 15.841 -2.775 4.198 2.921 -1.702 -5.853 2.931 4.703 -3.440
7.525 12.874 26.972 7.297 15.278 -3.911 2.265 5.679 0.547 -9.665 2.346 7.269 -4.367
7.603 12.915 26.401 8.457 15.723 -3.650 3.875 4.060 -0.805 -7.078 2.406 5.345 -3.463
7.533 12.507 27.201 8.065 14.611 -2.758 1.434 2.750 1.457 -5.823 0.709 4.826 -2.803
7.548 12.644 26.529 7.262 14.781 -2.925 1.933 2.908 0.845 -6.212 1.214 4.983 -2.948
7.635 12.530 27.390 6.532 15.657 -1.909 3.693 1.290 -0.626 -3.432 1.388 2.871 -1.998
7.541 12.605 26.852 7.335 14.383 -3.827 0.785 5.154 2.067 -9.123 0.988 6.897 -3.646
7.832 13.020 26.814 7.844 15.351 -3.087 2.910 4.001 -0.501 -7.543 2.916 5.566 -3.781
7.606 12.900 26.726 8.628 15.501 -2.385 3.268 1.857 -0.071 -4.355 1.162 3.522 -2.222
7.461 12.605 26.824 8.046 15.218 -2.746 2.736 3.086 0.506 -7.089 1.801 5.955 -3.792
7.498 12.898 26.851 6.332 15.595 -2.578 2.806 2.754 1.163 -6.796 0.789 6.010 -3.340
7.569 12.904 26.774 7.422 15.332 -3.295 2.305 4.320 0.939 -8.095 1.607 6.198 -3.603
7.588 12.886 26.794 7.218 15.296 -2.772 3.143 3.261 -0.490 -6.324 2.200 4.853 -3.184
7.532 12.948 26.630 7.364 15.831 -2.795 4.781 2.651 -1.686 -5.400 2.473 4.342 -3.046
7.607 12.726 27.351 6.987 15.138 -0.763 2.154 -0.152 1.455 -2.803 -0.062 2.915 -1.707
7.520 12.842 26.435 6.955 15.248 -3.142 2.036 3.071 1.286 -6.130 0.641 5.028 -2.743
7.481 12.190 27.173 7.035 14.875 -3.097 1.691 3.421 1.070 -6.841 1.335 5.515 -3.310
7.518 12.491 26.986 6.326 14.780 -3.808 1.746 4.659 0.717 -8.390 2.239 6.440 -4.063
7.602 12.792 26.826 7.963 15.418 -2.631 3.650 2.699 -0.909 -5.502 2.264 4.299 -2.970
7.462 13.046 26.778 8.134 15.719 -2.915 3.862 2.909 -0.684 -5.833 1.723 4.869 -3.049
7.549 13.072 26.596 8.568 15.461 -2.561 3.089 1.894 0.566 -4.883 0.783 4.342 -2.612
7.564 12.454 26.982 8.198 15.069 -3.137 2.288 3.686 1.027 -7.317 1.477 5.625 -3.356
7.540 13.102 25.898 7.387 14.910 -2.566 0.720 2.977 3.072 -7.034 -0.148 5.992 -3.091
7.506 12.802 26.951 7.656 14.964 -1.685 1.979 1.119 1.357 -4.310 0.335 3.926 -2.238
7.543 12.858 26.634 6.907 16.224 -2.212 4.633 1.298 -0.848 -3.612 1.175 3.140 -1.986
7.475 13.046 27.225 7.195 15.961 -1.538 4.241 0.922 -0.621 -4.132 1.386 4.069 -2.714
7.647 12.578 26.927 7.435 15.449 -2.609 3.009 2.442 0.413 -5.195 1.126 4.025 -2.393
7.479 12.951 26.215 6.812 15.408 -3.156 2.804 2.962 0.340 -6.135 1.452 5.074 -3.140
7.506 12.802 26.951 7.656 14.964 -1.685 1.979 1.119 1.357 -4.310 0.335 3.926 -2.238
7.488 12.522 27.248 7.567 15.282 -2.783 2.539 4.032 0.320 -8.006 2.080 6.378 -3.949
7.735 12.739 26.965 8.080 15.827 -2.430 5.120 1.142 -2.528 -2.380 2.340 1.805 -1.758
7.525 12.819 26.522 7.678 15.369 -3.648 2.361 4.551 1.014 -8.374 1.474 6.644 -3.809
7.468 12.979 26.768 7.270 14.997 -3.396 1.676 4.555 1.438 -8.344 1.191 6.615 -3.745
7.473 13.324 26.200 7.997 14.657 -3.005 1.520 3.520 1.418 -7.612 1.192 6.331 -3.635
7.555 13.179 27.149 7.954 15.544 -1.824 4.023 1.104 -1.072 -3.145 1.666 2.624 -1.961
7.525 12.874 26.972 7.297 15.278 -3.911 2.265 5.679 0.547 -9.665 2.346 7.269 -4.367
7.552 13.067 27.290 7.547 15.673 -2.362 3.015 2.760 0.064 -5.829 1.625 4.541 -2.858
7.587 12.846 26.954 8.402 15.377 -2.729 2.951 3.654 -0.010 -7.581 2.254 5.975 -3.824
7.492 13.205 26.994 7.988 14.991 -2.288 2.235 2.013 0.800 -4.308 0.462 3.423 -1.842
7.448 12.686 27.015 7.340 15.185 -3.006 2.655 3.438 0.447 -7.404 1.814 6.139 -3.802
7.541 12.670 26.588 8.552 15.335 -2.526 2.463 2.975 0.771 -6.515 1.340 5.309 -3.179
7.442 12.783 26.315 7.737 15.196 -4.029 1.505 5.665 2.024 -10.267 1.173 7.953 -4.223
7.516 12.666 26.960 8.556 15.085 -3.493 1.406 5.119 2.329 -9.490 0.726 7.418 -3.871
7.508 12.620 26.895 6.016 14.882 -2.490 1.944 1.729 1.715 -4.593 -0.264 4.097 -2.010
7.500 12.546 26.370 7.867 15.106 -3.511 2.349 4.430 0.963 -8.416 1.450 6.750 -3.875
7.554 12.866 26.887 7.170 15.386 -2.684 2.705 3.115 0.610 -6.631 1.279 5.315 -3.024
7.583 12.689 26.662 8.563 15.402 -2.711 2.740 2.717 0.681 -6.083 1.216 5.146 -3.114
