7.523643 118.761692
7.497734 118.768878
7.570839 117.663691
7.465324 116.517912
7.502655 117.296288
7.435638 114.941664
7.570839 117.663691
7.680908 121.806754
7.492424 112.322405
7.486404 116.047123
7.548386 114.570887
7.480362 114.274055
7.169792 110.425978
7.545410 114.151514
7.533485 118.366169
7.552940 119.657407
7.552986 111.018650
7.472626 118.109853
7.559097 119.894726
7.508080 117.749643
7.441841 116.850919
7.537903 114.220489
7.573700 113.969261
7.620140 114.828806
7.503296 111.649392
7.516685 114.277957
7.242027 113.728820
7.796494 120.391559
7.448021 113.904167
7.509865 114.244254
7.500275 113.301161
7.569328 118.926558
7.477890 115.361734
7.492424 112.322405
7.532547 116.376973
7.526482 110.697904
7.522774 113.231112
7.850876 118.445585
7.524445 116.002580
7.505653 115.487807
7.499794 117.583066
7.524948 112.614547
7.502747 113.716902
7.477890 115.361734
7.534355 122.172057
7.503822 114.574015
7.577660 115.664997
7.425018 108.602268
7.617897 113.865572
7.544861 115.931922
7.517326 113.885467
7.564201 115.193184
7.099411 111.639494
7.548019 116.963710
7.499451 110.582130
7.739685 120.328181
7.468163 113.485752
8.072273 124.036282
7.542549 113.952694
7.504829 116.815818
7.468643 117.336161
7.884315 125.173005
7.475967 112.337732
7.595215 118.331442
7.471802 113.138465
7.470749 117.176123
7.474869 119.306730
7.517990 114.632302
7.515907 116.941064
7.628654 115.689975
7.563263 117.960073
7.899719 119.280494
7.515884 120.825558
7.514900 118.298711
7.410233 112.978089
7.513985 109.466480
7.479080 112.684160
7.480682 116.905041
7.723045 122.431495
7.475441 116.978692
7.480362 114.274055
7.450493 112.768356
7.522774 113.231112
7.628014 116.104153
7.622566 112.302965
7.499794 117.583066
7.094330 113.968435
7.607368 119.688035
7.520966 118.896445
7.509544 111.692756
7.166588 113.126362
7.607735 114.065603
7.431770 115.539998
7.516411 114.545318
7.514717 108.590741
7.606270 117.905171
7.545227 115.451244
7.485832 114.347039
7.415451 115.234531
7.534538 116.583068
7.581779 116.660366
7.532639 115.321594
7.545731 118.118222
7.534492 113.987173
7.463173 115.250409
7.516663 114.555848
7.490868 118.190072
7.530052 115.398027
7.530167 119.985910
7.434929 113.959509
7.560059 117.607156
7.584229 116.360811
7.543442 115.685179
7.421310 113.131353
7.519295 115.134659
7.563263 117.960073
7.548866 118.991458
7.447197 113.839054
7.548019 116.963710
7.225296 113.595876
7.195129 114.335213
7.507141 114.473694
7.549782 115.167995
7.432205 116.469339
7.503754 114.293835
7.671570 119.878414
7.448021 113.904167
7.421310 113.131353
7.435638 116.392770
7.474777 118.032296
7.464867 115.741758
7.557060 115.708806
7.477249 114.437355
7.493546 117.300728
7.453972 115.007873
7.480843 115.605714
7.539436 116.986796
7.622314 115.586698
7.536278 115.326320
7.448021 113.904167
7.515884 120.825558
7.570862 116.420664
7.532593 117.000326
7.573700 113.969261
7.543510 113.310039
7.480362 114.274055
7.480499 119.176913
7.430969 112.179849
7.552299 118.912244
7.539185 117.827328
7.501167 112.707493
7.593681 113.281678
7.442871 117.547504
7.591141 117.089931
7.434563 112.525006
7.526482 110.697904
7.450493 112.768356
7.541748 115.439059
7.617897 113.865572
7.447197 113.839054
7.548912 116.716432
7.506546 111.760863
7.503914 119.124621
7.467384 115.228442
7.546944 115.531584
7.472626 118.109853
7.526482 110.697904
7.477776 114.766869
7.543442 115.685179
7.451660 117.408684
7.471802 113.138465
7.469582 115.369140
7.502609 116.786821
7.530167 119.985910
7.521286 115.489551
7.527992 118.633525
7.497276 114.562981
7.518654 111.915463
7.534286 117.172332
7.590088 116.941459
7.479080 112.684160
7.545273 115.041769
7.634857 119.542631
7.547722 115.847990
7.525497 113.098415
7.493546 117.300728
7.193573 109.712824
7.535934 116.845292
7.506020 112.323755
7.460609 113.538432
7.883904 118.292656
7.559097 115.274723
7.797089 119.488663
7.551109 114.447106
7.491920 120.654433
7.551109 114.447106
7.516800 115.009129
7.233330 109.082455
7.435638 114.941664
7.517990 114.632302
7.103027 111.762603
7.561867 117.520630
7.591919 117.255991
7.566696 114.118627
7.531906 117.565111
7.777634 123.252400
7.570999 117.556852
7.445320 119.697729
7.641312 117.009972
7.433876 115.771855
7.559097 119.894726
7.428154 115.166320
7.815468 122.936913
7.474365 116.767258
7.469582 113.048294
7.542435 115.723811
7.763466 119.414449
7.483955 120.466755
7.496246 114.544492
7.532341 113.337378
7.491920 120.654433
7.539780 115.187360
7.517395 111.840408
7.487823 113.783510
7.506020 112.323755
7.501167 112.707493
7.544357 112.655697
7.432251 113.789280
7.820183 123.110685
7.554359 112.521805
7.558823 116.866353
7.534355 122.172057
7.498947 113.007958
7.539093 112.950778
7.533394 110.071748
7.518425 114.790242
7.549347 113.788112
7.626251 116.368818
7.518997 113.633433
7.556763 116.717940
7.590088 116.941459
7.518654 111.915463
7.524033 113.711107
7.496567 117.301925
7.532845 111.250855
7.515587 111.858655
7.458229 116.380491
7.533417 117.068198
7.538017 117.464469
7.589447 114.334242
7.478279 116.325331
7.557266 116.948361
7.602837 115.439803
7.474983 115.758608
7.512955 112.042563
7.811508 115.354867
7.623779 115.252737
7.523643 118.761692
7.549919 114.143953
7.506569 115.899763
7.514259 113.668054
7.584457 117.253498
7.535362 114.348310
7.627579 117.106299
7.442871 117.547504
8.110886 120.985739
7.470634 118.695509
7.569122 118.006309
7.511948 111.357651
7.516411 114.545318
7.166588 113.126362
7.519157 115.861671
7.524811 114.962078
7.549667 117.077093
7.511673 115.409817
7.469009 113.269466
7.520988 117.251655
7.474777 118.032296
7.202316 109.720453
7.539551 115.336038
7.464043 114.684428
7.486198 113.044204
7.428795 114.617827
7.520988 117.750481
7.459625 118.417384
7.527740 117.023949
7.505402 118.070810
7.850876 118.445585
7.492332 114.729587
7.542480 116.563915
7.581779 116.660366
7.643944 118.116588
7.516800 115.009129
7.475876 115.070889
7.609291 119.431895
7.739685 117.757296
7.470200 114.163008
7.533051 115.539412
7.532341 113.337378
7.648865 118.536984
7.507668 111.725654
7.496246 114.544492
7.564201 115.193184
7.542000 112.522588
7.616913 115.484324
7.519775 112.496216
7.538109 116.260971
7.546326 117.202594
7.453972 115.007873
7.494186 115.645941
7.524170 110.293524
7.547035 116.910751
7.566605 117.935810
7.509132 117.403390
7.743622 119.093043
7.631287 119.989111
7.622681 116.904155
7.519775 111.440476
7.522202 116.581946
7.442871 117.547504
7.496246 114.544492
7.524742 116.941227
7.522202 116.581946
7.769943 121.019570
7.612289 117.605711
7.532295 114.891422
7.474892 114.419950
7.642387 118.394817
7.470978 116.379652
7.735680 120.853715
7.549919 115.026600
7.538933 114.776150
7.456924 113.739738
7.526482 110.697904
7.496246 114.544492
7.561066 117.443741
7.464867 115.741758
7.223167 117.614441
7.519157 114.543515
7.611763 118.803034
7.517509 117.751150
7.534973 116.858595
7.555412 116.361017
7.509132 116.733763
7.460152 110.781275
7.466377 112.885023
7.721809 121.519725
7.510117 116.843126
7.432251 113.789280
7.464867 115.741758
7.495743 118.211112
7.434929 113.959509
7.471756 110.884674
7.590912 119.233712
7.603683 115.205975
7.634857 119.542631
7.531197 112.920520
7.492424 112.322405
7.519157 114.543515
7.465324 116.517912
7.524948 112.614547
7.511032 112.438989
7.523643 118.761692
7.460381 114.601356
7.589447 114.334242
7.578369 114.992687
7.893494 118.964007
7.564201 115.193184
7.534515 115.200856
7.538017 117.464469
7.453766 115.725896
7.584229 116.360811
7.518837 110.405743
7.518837 110.405743
7.554085 114.216419
7.535454 112.918224
7.583038 118.985497
7.549255 116.157977
7.512360 115.198563
7.561867 117.520630
7.534813 117.824783
7.533485 118.366169
7.250565 118.569293
7.541748 115.439059
7.622452 119.481235
7.627579 117.106299
7.552483 116.543331
7.504829 116.815818
7.499451 113.558673
7.516434 114.533485
7.570358 112.532870
7.554611 115.096075
7.410301 120.149809
7.453789 113.316166
7.524078 115.236029
7.499451 110.582130
7.745728 120.784879
7.481941 112.475754
7.552986 111.018650
7.496040 112.358859
7.453789 113.316166
7.606270 117.905171
7.475441 116.978692
7.612358 118.436089
7.586700 120.243821
7.567429 116.275235
7.474892 114.419950
7.431885 112.365545
7.479012 116.230161
7.480843 115.605714
7.650101 119.541373
7.448708 110.796708
7.579720 115.679064
7.589447 114.334242
7.630463 118.367978
7.552597 114.281367
7.549347 113.788112
7.543442 115.685179
7.530991 114.573387
7.781685 119.560030
7.570358 112.532870
7.468643 117.336161
8.245148 123.528206
7.598785 118.670882
7.480682 116.905041
7.448021 113.904167
7.487823 113.783510
7.204147 114.073722
7.562943 113.034750
7.628105 114.948735
7.624672 118.083629
7.549255 116.157977
7.530212 116.346884
7.460381 114.601356
7.512337 121.069509
7.519821 116.335399
7.539780 115.187360
7.514717 108.590741
7.623596 118.163820
7.641312 117.009972
7.844238 119.237643
7.429825 113.195046
7.420486 117.199877
7.502449 117.413281
7.769943 121.019570
7.534744 113.767024
7.493477 113.722000
7.784935 118.461271
7.558456 114.031807
7.552483 116.543331
7.536804 114.128455
7.225296 113.595876
7.548180 111.569196
7.500160 109.974909
7.435638 114.941664
7.604416 120.015848
7.606270 117.905171
7.469582 115.369140
7.433876 115.771855
7.496109 115.087429
7.539185 117.827328
7.505447 115.817874
7.603065 119.544126
7.543442 115.685179
7.563034 120.129445
7.545547 116.161209
7.575966 115.594321
7.566696 114.118627
7.545731 118.118222
7.610161 120.632669
7.508537 116.349019
7.532249 114.745923
7.621490 116.098284
7.763901 121.018432
7.525108 115.656895
7.480728 117.040653
7.546921 113.411535
7.523987 118.884278
7.415451 115.234531
7.536667 113.858160
7.493019 114.087365
7.505882 117.698282
7.502861 118.657886
7.559624 112.723729
7.457130 113.942337
7.448708 110.796708
7.503273 114.673241
7.648865 118.536984
7.584663 113.294573
7.564453 115.344480
7.457268 112.967484
7.450493 112.768356
7.562943 113.034750
7.522659 115.864773
7.428795 114.617827
7.561707 112.806403
7.714233 120.024410
7.546326 117.202594
7.552986 111.018650
7.575142 112.343917
7.537262 114.793462
7.509750 115.539109
7.505402 118.070810
7.587982 118.332595
7.602837 115.439803
7.517097 117.088259
7.474342 114.110922
7.560585 119.873717
7.509132 116.733763
7.495720 115.028258
7.543671 117.146191
7.588120 113.153385
7.542641 122.373424
7.496109 115.087429
7.633461 117.038655
7.494781 118.061559
7.566605 117.935810
7.475876 116.413730
7.591141 117.089931
7.563263 117.960073
7.557266 116.948361
7.620140 114.828806
7.542503 116.802748
7.537537 113.941198
7.526184 118.928059
7.484779 115.693002
7.503754 116.102501
7.477249 114.437355
7.507759 118.799113
7.559120 111.063565
7.569305 116.660743
7.472763 112.619778
7.472626 118.109853
7.525658 117.383432
7.525726 116.529808
7.507004 115.330970
7.558434 115.389767
7.499451 113.558673
7.234131 110.304406
7.615128 115.125245
7.479080 112.684160
7.412796 113.638177
7.545891 115.697606
7.636414 118.976571
7.643372 116.006787
7.575371 116.506101
7.518562 114.749085
7.494186 115.645941
7.532112 116.229611
7.425018 108.602268
7.524170 110.293524
7.498489 116.936217
7.464867 115.741758
7.781685 119.560030
7.464294 112.736062
7.605949 116.509081
7.536186 117.102125
7.743622 119.093043
7.233330 109.082455
7.510025 113.045553
7.501717 117.611885
7.372833 114.961255
7.528061 115.713769
7.503914 114.199716
7.586517 115.627722
7.564728 118.187120
7.470978 116.379652
7.542206 118.151585
7.562943 113.034750
7.498489 116.936217
7.884315 125.173005
7.490845 115.579391
7.540604 115.788983
7.491302 116.118103
7.539093 112.950778
7.424858 113.554340
7.552620 117.338950
7.558823 116.866353
7.470749 117.176123
7.549210 116.216238
8.106422 121.267525
7.525726 116.529808
8.106422 121.267525
7.554611 114.771305
7.518997 113.633433
7.502861 118.657886
7.491829 118.493283
7.566971 113.304246
7.481003 112.411029
7.461365 114.826881
7.496109 115.087429
7.547768 115.363054
7.549919 114.143953
7.565598 111.961969
7.590088 116.941459
7.466377 112.885023
7.555252 117.149627
7.486084 111.193931
7.554611 114.771305
7.483795 113.294190
7.584915 116.794694
7.473221 114.642433
7.609291 119.431895
7.531631 119.236632
7.550766 119.940641
7.451866 111.461934
7.412796 113.638177
7.470749 117.176123
7.511032 112.438989
7.552620 117.338950
7.469009 113.269466
7.459808 118.741874
7.481483 113.655556
7.637810 119.130087
7.565598 111.961969
7.591919 117.255991
7.543716 121.582407
7.519821 116.335399
7.508537 116.349019
7.540604 115.788983
7.518036 116.235600
7.465302 114.056965
7.565598 111.961969
8.108185 127.383134
7.490501 117.084167
7.522156 114.469036
7.835609 117.845251
7.451363 116.144794
7.615128 115.125245
7.465324 116.517912
7.443672 113.172448
7.546761 117.587602
7.482674 113.049841
7.486198 113.044204
7.474777 118.032296
7.492699 114.380130
7.530418 115.407896
7.552620 117.338950
7.493568 108.783347
8.108185 127.383134
7.395470 115.653241
7.539093 112.950778
7.594139 117.337751
7.539505 112.413062
7.507141 114.473694
7.603683 115.205975
7.517990 114.632302
7.551430 115.828141
7.565620 115.673620
7.534286 117.172332
7.492699 114.380130
7.537262 114.793462
7.576859 121.095641
7.474869 119.306730
7.745728 120.784879
7.745728 120.784879
7.621307 120.643165
7.829247 119.080515
7.469582 115.369140
7.499359 117.403579
7.496567 117.301925
7.678299 117.700865
7.448524 114.097333
7.464294 112.736062
7.499954 112.680110
7.497780 112.680518
7.450493 112.768356
7.519569 114.502772
7.643372 116.006787
7.570862 116.420664
7.531197 112.920520
7.166588 113.126362
7.474983 115.758608
7.573700 113.969261
7.470634 118.695509
7.636299 122.315807
7.447197 113.839054
7.486702 114.261565
7.465324 116.517912
7.507759 118.799113
7.428795 114.617827
7.549210 116.216238
7.535934 116.845292
7.588120 113.153385
7.474342 114.110922
7.569328 116.051705
7.524811 114.962078
7.517853 113.397510
7.518562 114.749085
7.462234 117.301999
7.169792 110.425978
7.469582 115.369140
7.567749 114.451386
7.543442 115.685179
7.598785 118.670882
7.464294 112.736062
7.884315 125.173005
7.492332 114.729587
7.820183 123.110685
7.627647 116.746540
7.540947 116.378119
7.444427 113.306344
7.763466 119.414449
7.508240 112.155806
7.634857 119.542631
7.540009 116.549475
7.611763 118.803034
7.529572 112.904310
7.474983 115.758608
7.628105 114.948735
7.494781 118.061559
7.524765 115.669539
7.584915 116.794694
7.510117 112.564876
7.452988 118.114614
7.470200 114.163008
7.520370 115.852473
7.432251 113.789280
7.439896 112.344589
7.556763 116.717940
7.579720 115.679064
7.514900 118.298711
7.560059 117.607156
7.542732 115.821006
7.621307 120.643165
7.099411 111.639494
7.597343 113.516288
7.543533 116.193383
7.462234 117.301999
7.547882 115.351729
7.607368 119.688035
7.522385 115.374448
7.552483 116.543331
7.527740 117.023949
7.441521 113.080320
7.515289 116.141628
7.494186 115.645941
7.586105 113.668110
7.578369 114.992687
7.530396 116.518742
7.494804 112.717689
7.532547 114.278117
7.539757 116.400082
7.533485 118.366169
7.099411 111.639494
7.603363 116.622659
7.524536 114.950076
7.552597 114.281367
7.737053 116.877614
7.466927 119.282350
7.487297 111.355547
7.546806 118.518943
7.541611 118.529914
7.643944 118.116588
7.566696 114.118627
7.443672 113.172448
7.584915 116.794694
7.218178 111.048232
7.597343 113.516288
7.490524 110.739361
7.626091 117.153189
7.559715 121.235536
7.496567 117.301925
7.588120 113.153385
7.511032 112.438989
7.535316 113.447842
7.523643 118.761692
7.553513 115.000788
7.619316 117.556901
7.516525 118.893356
7.509499 115.118172
7.534813 117.860596
7.493568 108.783347
7.503754 116.102501
7.616409 116.999543
7.475967 112.337732
7.474823 117.225436
7.502174 115.163160
7.442871 117.547504
7.250565 118.569293
7.464294 112.736062
7.549347 113.788112
7.530807 119.077206
7.760857 124.014429
7.469009 113.269466
7.778961 119.227386
7.622566 112.302965
7.512360 115.198563
7.499084 116.687567
7.602837 115.439803
7.564201 115.193184
7.568733 114.119040
7.474342 114.110922
7.550766 119.940641
7.524536 114.950076
7.479080 112.684160
7.225296 113.595876
7.477890 115.361734
7.565598 111.961969
7.482674 113.049841
7.534286 117.172332
7.523643 111.924228
7.534744 113.767024
7.532249 114.745923
7.520988 117.251655
7.452988 118.114614
7.584938 114.099040
7.464134 116.193611
7.534286 117.172332
7.433876 115.771855
7.558136 118.415692
7.520988 117.750481
7.451660 117.408684
7.547310 113.968710
7.678299 117.700865
7.630463 118.367978
7.482971 114.402266
7.609955 121.158270
7.584915 116.794694
7.506500 117.089862
7.544037 116.661758
7.637306 116.590710
7.460381 114.601356
7.505585 109.432765
7.529114 114.198891
7.763901 121.018432
7.831718 120.228564
7.508240 112.155806
7.470634 118.695509
7.489975 114.352136
7.502747 113.716902
7.524033 113.711107
7.620804 116.592482
7.642502 114.508778
7.620804 116.592482
7.453789 113.316166
7.634422 120.040094
7.491302 116.118103
7.521950 110.706901
7.453972 115.007873
7.094330 113.968435
7.556259 118.899596
7.435913 108.600736
7.516205 116.794648
7.480682 116.905041
7.544128 112.081100
7.509865 114.244254
7.536667 113.858160
7.522797 115.820994
7.552483 116.543331
7.450493 112.768356
7.509132 117.403390
7.532547 116.376973
7.420486 117.199877
7.439392 112.180181
7.538864 117.218425
7.448708 110.796708
7.495766 114.387227
7.595215 118.331442
7.560585 119.873717
7.467087 110.110438
7.559097 119.894726
7.500275 113.301161
7.511856 115.341418
7.460472 114.357389
7.650101 119.541373
7.499794 117.583066
7.548752 116.577755
7.497574 114.231740
7.509865 114.244254
7.610023 117.755722
7.479080 115.806234
7.518562 114.749085
7.480843 115.605714
7.566971 113.304246
7.546326 117.202594
7.410301 120.149809
7.633461 117.038655
7.534286 117.172332
7.493568 108.783347
7.537262 114.793462
7.578369 114.992687
7.520325 114.666853
7.094330 113.968435
7.494186 115.645941
7.516960 118.366691
7.542435 115.723811
7.555252 117.149627
7.531197 112.920520
7.496109 115.087429
7.498375 113.501661
7.494186 115.645941
7.542206 118.151585
7.565620 115.673620
7.553307 111.845717
7.464867 115.741758
7.511032 112.438989
7.555504 115.966888
7.499451 110.582130
7.596313 119.371726
7.569122 118.006309
7.463242 113.780462
7.277893 113.343040
7.542503 116.802748
7.451660 117.408684
7.550766 119.940641
7.570358 112.532870
7.524147 115.560172
7.451660 117.408684
7.595581 118.624190
7.631516 114.135321
7.242027 113.728820
7.522774 113.231112
7.391670 112.483253
7.533417 117.068198
7.504440 116.217683
7.475441 116.978692
7.607735 114.065603
7.471642 116.001966
7.556442 112.415913
7.528358 115.193270
7.541748 115.439059
7.520508 118.742110
7.514923 114.709234
7.477180 114.188032
7.452484 114.264388
7.534744 113.767024
7.544357 112.655697
7.545845 118.759711
7.548866 118.991458
7.736618 117.272698
7.539322 116.035807
7.542000 112.522588
7.490273 116.806393
7.494804 112.717689
7.646553 118.133166
7.534286 117.172332
7.499794 117.583066
7.588348 116.069488
7.692604 117.075670
7.911255 120.484868
7.558823 116.866353
7.445892 116.768462
7.550423 120.046971
7.587708 116.583487
7.372833 114.961255
7.555504 115.966888
7.533051 115.539412
7.815468 122.936913
7.499359 117.403579
7.678299 117.700865
7.641312 117.009972
7.777634 123.252400
7.497734 118.768878
7.524811 114.962078
7.603065 119.544126
7.533394 110.071748
7.548180 111.569196
7.634857 119.542631
7.540581 108.455079
7.831718 120.228564
7.606270 117.905171
7.460609 113.538432
7.498489 116.936217
7.569328 116.051705
7.588348 116.069488
7.531631 119.236632
7.606613 115.148055
7.520325 114.666853
7.481003 111.282257
7.517601 111.111225
7.601624 117.199841
7.462234 117.301999
7.548912 116.716432
7.564201 113.986684
7.539505 112.413062
7.506020 112.323755
7.542641 122.373424
7.474869 119.306730
7.646553 118.133166
7.478691 115.235174
7.506020 112.323755
7.488007 114.432229
7.734993 122.419618
7.525108 115.656895
7.468002 111.996975
7.472855 109.527442
7.554634 117.431800
7.524811 114.962078
7.551682 118.357017
7.586746 116.662927
7.492424 112.322405
7.447540 113.092696
7.540855 115.639943
7.441521 113.080320
7.515907 113.375931
7.507668 111.725654
7.500275 113.301161
7.553558 116.219877
7.583427 116.797708
