2.000000 59.943792 72.510107 47.377476
2.100000 68.425338 79.980213 56.870462
2.200000 76.911214 87.479648 66.342779
2.300000 85.310232 94.928511 75.691953
2.400000 93.546921 102.260612 84.833231
2.500000 101.559828 109.421830 93.697826
2.600000 109.299947 116.368656 102.231238
2.700000 116.729271 123.066875 110.391668
2.800000 123.819459 129.490381 118.148536
2.900000 130.550607 135.620107 125.481106
3.000000 136.910129 141.443049 132.377208
3.100000 142.891730 146.951385 138.832076
3.200000 148.494473 152.141686 144.847261
3.300000 153.721930 157.014224 150.429636
3.400000 158.581416 161.572377 155.590455
3.500000 163.083300 165.822135 160.344466
3.600000 167.240385 169.771696 164.709073
3.700000 171.067353 173.431149 168.703558
3.800000 174.580283 176.812180 172.348386
3.900000 177.796208 179.927793 175.664624
4.000000 180.732747 182.792008 178.673487
4.100000 183.407770 185.419514 181.396027
4.200000 185.839120 187.825318 183.852922
4.300000 188.044372 190.024400 186.064343
4.400000 190.040632 192.031418 188.049847
4.500000 191.844378 193.860477 189.828278
4.600000 193.471321 195.524981 191.417661
4.700000 194.936309 197.037540 192.835078
4.800000 196.253250 198.409937 194.096564
4.900000 197.435063 199.653117 195.217009
5.000000 198.493645 200.777198 196.210093
5.100000 199.439867 201.791492 197.088243
5.200000 200.283575 202.704526 197.862625
5.300000 201.033617 203.524070 198.543165
5.400000 201.697875 204.257164 199.138586
5.500000 202.283309 204.910148 199.656470
5.600000 202.796014 205.488698 200.103330
5.700000 203.241279 205.997857 200.484701
5.800000 203.623657 206.442082 200.805231
5.900000 203.947031 206.825279 201.068784
6.000000 204.214697 207.150851 201.278542
6.100000 204.429430 207.421748 201.437112
6.200000 204.593567 207.640510 201.546625
6.300000 204.709084 207.809325 201.608843
6.400000 204.777664 207.930078 201.625249
6.500000 204.800775 208.004408 201.597142
6.600000 204.779738 208.033763 201.525713
6.700000 204.715791 208.019455 201.412127
6.800000 204.610152 207.962720 201.257583
6.900000 204.464074 207.864771 201.063376
7.000000 204.278897 207.726852 200.830943
7.100000 204.056095 207.550287 200.561903
7.200000 203.797312 207.336531 200.258093
7.300000 203.504399 207.087209 199.921589
7.400000 203.179441 206.804156 199.554727
7.500000 202.824778 206.489442 199.160113
7.600000 202.443019 206.145405 198.740632
7.700000 202.037052 205.774660 198.299444
7.800000 201.610046 205.380110 197.839981
7.900000 201.165448 204.964955 197.365941
8.000000 200.706974 204.532678 196.881270
8.100000 200.238593 204.087042 196.390144
8.200000 199.764507 203.632067 195.896948
8.300000 199.289129 203.172008 195.406250
8.400000 198.817047 202.711328 194.922766
8.500000 198.352997 202.254665 194.451330
8.600000 197.901821 201.806788 193.996854
8.700000 197.468427 201.372567 193.564287
8.800000 197.057746 200.956922 193.158570
8.900000 196.674683 200.564777 192.784588
9.000000 196.324071 200.201021 192.447122
9.100000 196.010622 199.870451 192.150793
9.200000 195.738874 199.577733 191.900014
9.300000 195.513140 199.327348 191.698933
9.400000 195.337463 199.123549 191.551378
9.500000 195.215558 198.970314 191.460803
9.600000 195.150771 198.871305 191.430236
9.700000 195.146026 198.829824 191.462228
9.800000 195.203788 198.848773 191.558804
9.900000 195.326017 198.930617 191.721417
10.000000 195.514130 199.077349 191.950912
10.100000 195.768973 199.290459 192.247488
10.200000 196.090786 199.570900 192.610672
10.300000 196.479182 199.919062 193.039301
10.400000 196.933127 200.334749 193.531505
10.500000 197.450931 200.817152 194.084710
10.600000 198.030234 201.364829 194.695640
10.700000 198.668015 201.975693 195.360336
10.800000 199.360591 202.646998 196.074183
10.900000 200.103634 203.375331 196.831937
11.000000 200.892195 204.156617 197.627774
11.100000 201.720729 204.986127 198.455330
11.200000 202.583131 205.858509 199.307753
11.300000 203.472784 206.767816 200.177753
11.400000 204.382610 207.707564 201.057656
11.500000 205.305126 208.670800 201.939452
11.600000 206.232517 209.650180 202.814853
11.700000 207.156707 210.638068 203.675346
11.800000 208.069443 211.626636 204.512250
11.900000 208.962385 212.607978 205.316791
12.000000 209.827199 213.574221 206.080176
12.100000 210.655662 214.517635 206.793689
12.200000 211.439770 215.430749 207.448791
12.300000 212.171848 216.306448 208.037248
12.400000 212.844669 217.138074 208.551264
12.500000 213.451575 217.919521 208.983630
12.600000 213.986601 218.645320 209.327883
12.700000 214.444598 219.310727 209.578469
12.800000 214.821363 219.911810 209.730916
12.900000 215.113759 220.445529 209.781988
13.000000 215.319844 220.909834 209.729855
13.100000 215.438992 221.303755 209.574229
13.200000 215.472004 221.627501 209.316507
13.300000 215.421222 221.882567 208.959877
13.400000 215.290633 222.071843 208.509424
13.500000 215.085957 222.199722 207.972192
13.600000 214.814732 222.272221 207.357242
13.700000 214.486377 222.297094 206.675660
13.800000 214.112250 222.283948 205.940552
13.900000 213.705674 222.244358 205.166990
14.000000 213.281954 222.191980 204.371929
14.100000 212.858365 222.142658 203.574072
14.200000 212.454116 222.114532 202.793700
14.300000 212.090281 222.128126 202.052436
14.400000 211.789706 222.206438 201.372974
14.500000 211.576874 222.375006 200.778743
14.600000 211.477734 222.661943 200.293526
14.700000 211.519487 223.097941 199.941034
14.800000 211.730330 223.716202 199.744457
14.900000 212.139143 224.552288 199.725998
