8.194439 -421.038952
8.144304 -438.944949
9.445001 -373.551920
10.587504 -2119.412159
12.163680 -638.703877
11.036713 -1340.253396
10.872176 -1198.601280
8.060820 -648.581711
8.486844 -881.489151
9.553695 -1094.778285
11.166935 -523.979266
10.931248 5109.984238
9.111678 -495.177956
7.879566 -266.151448
7.956971 -333.904737
7.989943 -319.594791
7.641742 -265.855796
7.229482 -222.251779
7.414326 -344.235440
7.442425 -282.344388
7.158051 -276.864277
7.117158 -339.826117
6.981843 -250.870412
6.543683 -410.893444
6.449547 -251.743499
6.591049 -310.438429
8.908477 -433.919078
6.462989 -552.712361
6.640655 -285.437714
5.262267 -182.346769
7.599539 -504.079604
6.396745 -245.765826
5.572150 -223.868430
8.715891 -447.982159
7.612309 -280.899456
3.578206 -558.190302
5.600428 -440.367432
6.055888 6983.302136
6.096051 -363.893106
5.999713 -206.277355
2.177319 -176.634306
5.435106 -253.808898
7.376162 -254.561315
6.175624 -238.299284
1.219898 632.277513
3.367479 -2219.264709
6.862574 -203.911513
6.402652 -177.610563
6.388210 -262.167568
7.257692 -197.308807
7.458786 -200.459509
7.214965 -173.581029
1.271936 -24931.224901
1.311164 35972.147235
6.692829 -169.357447
7.029971 -186.869699
8.009193 -237.115477
7.010563 -194.962948
8.974750 -304.108308
7.013298 -172.787948
5.780336 -266.171102
8.830576 -239.753030
8.769443 -251.144492
8.924997 -247.789745
3.586752 312.108127
4.572004 -121.285884
6.160401 -213.218384
6.568036 -138.606005
3.952220 -126.385925
3.830832 -168.643322
3.862813 246.206780
4.744603 -134.176498
6.146977 -237.257529
6.383322 -146.369972
7.588184 -253.532028
10.926775 -497.256376
7.811050 -344.825288
10.045167 -294.208059
8.517526 -310.965416
8.982976 1737.404971
8.660978 -616.006377
8.933833 -1141.801044
6.961504 -229.799588
6.450224 -211.537817
4.903411 -499.518230
6.017288 -1552.333886
7.334491 -184.063661
7.598253 -188.561173
3.357678 -93.394885
7.614186 -168.938452
4.170693 -85.987624
6.479352 -107.553440
5.803592 -104.139420
6.602358 -112.910887
7.445036 -203.531803
8.400855 -325.246381
7.884532 -223.490824
3.360136 -223.118636
