2.000000 35800591.946902
2.100000 35524947.006632
2.200000 35242485.299916
2.300000 34970249.558747
2.400000 34709275.513747
2.500000 34451005.583853
2.600000 34188197.910488
2.700000 33941625.659934
2.800000 33700454.888687
2.900000 33456706.268699
3.000000 33225491.156413
3.100000 33008405.718775
3.200000 32810101.955289
3.300000 32629237.113001
3.400000 32449349.148864
3.500000 32281524.962646
3.600000 32123750.706088
3.700000 31976195.567976
3.800000 31837343.884289
3.900000 31708919.895390
4.000000 31592864.247412
4.100000 31481937.844303
4.200000 31377630.909928
4.300000 31280792.210133
4.400000 31190952.227360
4.500000 31111737.661479
4.600000 31036139.938654
4.700000 30966146.261973
4.800000 30902268.025188
4.900000 30842574.822786
5.000000 30788839.447505
5.100000 30738234.656965
5.200000 30690807.343946
5.300000 30645854.405691
5.400000 30602997.513532
5.500000 30567238.423910
5.600000 30529001.054119
5.700000 30501965.469154
5.800000 30480174.983565
5.900000 30460675.458048
6.000000 30441391.263980
6.100000 30423269.896630
6.200000 30409506.298930
6.300000 30395658.049202
6.400000 30379508.280470
6.500000 30367224.436518
6.600000 30360849.021878
6.700000 30353216.208086
6.800000 30333954.534575
6.900000 30321903.709968
7.000000 30325213.350190
7.100000 30325740.379905
7.200000 30317573.936165
7.300000 30321162.569046
7.400000 30315299.513150
7.500000 30307771.230490
7.600000 30310605.926049
7.700000 30320370.672193
7.800000 30308926.370556
7.900000 30307722.818305
8.000000 30308192.870128
8.100000 30309569.048349
8.200000 30311935.243039
8.300000 30315627.469535
8.400000 30321138.728266
8.500000 30328309.191575
8.600000 30335320.264966
8.700000 30340731.764970
8.800000 30345029.918052
8.900000 30348907.619298
9.000000 30352349.595305
9.100000 30357079.018014
9.200000 30363105.616800
9.300000 30368130.207716
9.400000 30373359.355927
9.500000 30378813.890725
9.600000 30384451.641641
9.700000 30390233.515664
9.800000 30396121.097371
9.900000 30402077.165466
10.000000 30408068.841382
10.100000 30414071.297690
10.200000 30420069.772793
10.300000 30426058.743577
10.400000 30432038.916517
10.500000 30438013.705187
10.600000 30443986.544971
10.700000 30449959.482623
10.800000 30455932.800370
10.900000 30461905.225046
11.000000 30467874.354602
11.100000 30473837.090922
11.200000 30479789.991407
11.300000 30485729.521641
11.400000 30491652.221698
11.500000 30497554.806983
11.600000 30503434.223347
11.700000 30509287.671984
11.800000 30515112.615285
11.900000 30520906.771237
12.000000 30526668.101328
12.100000 30532394.795144
12.200000 30538085.253607
12.300000 30543738.072034
12.400000 30549352.023697
12.500000 30554926.044251
12.600000 30560459.217208
12.700000 30565950.760505
12.800000 30571400.014175
12.900000 30576806.429057
13.000000 30582169.556495
13.100000 30587489.038947
13.200000 30592764.601422
13.300000 30597996.043696
13.400000 30603183.233202
13.500000 30608326.098574
13.600000 30613424.623748
13.700000 30618478.842591
13.800000 30623488.834008
13.900000 30628454.717471
14.000000 30633376.648943
14.100000 30638254.817163
14.200000 30643089.440244
14.300000 30647880.762575
14.400000 30652629.051992
14.500000 30657334.597192
14.600000 30661997.705369
14.700000 30666618.700064
14.800000 30671197.919189
14.900000 30675735.713237
15.000000 30680232.443636
