7.341 12.688 26.057 6.191 15.498 -2.045 3.565 -0.377 -0.419
7.354 12.853 27.727 6.717 14.773 -1.458 3.067 -0.370 -0.397
7.456 13.126 26.722 8.661 15.657 -1.727 3.646 -0.346 -0.471
7.673 12.907 26.816 7.292 15.196 -1.836 3.279 -0.095 -0.487
7.894 13.179 27.542 6.364 15.257 -1.240 3.152 -0.228 -0.387
7.672 13.034 27.684 7.435 15.215 -1.291 3.125 -0.378 -0.374
7.525 12.507 26.344 8.065 15.573 -2.549 3.975 0.231 -0.824
7.436 12.722 26.684 7.906 15.515 -1.883 3.703 -0.328 -0.453
7.772 13.243 26.844 8.805 15.499 -1.786 3.539 -0.166 -0.513
7.795 12.476 27.863 7.529 15.038 -2.076 3.259 -0.048 -0.500
7.761 13.008 26.982 6.443 15.356 -1.869 3.564 -0.043 -0.587
7.606 12.955 27.042 8.261 15.195 -1.398 3.180 -0.488 -0.322
7.491 12.568 26.934 8.184 15.097 -2.172 3.553 -0.201 -0.516
7.326 12.858 26.229 7.712 15.797 -1.803 3.833 -0.459 -0.446
7.569 13.190 26.783 7.425 15.507 -1.827 3.571 -0.128 -0.502
7.809 12.580 26.521 7.477 15.119 -2.331 3.249 0.005 -0.439
7.482 12.487 26.973 6.821 15.252 -2.041 3.626 -0.036 -0.641
7.458 12.688 26.717 7.834 15.307 -2.133 3.391 -0.112 -0.577
7.681 12.575 27.490 7.193 15.236 -1.992 3.406 -0.231 -0.469
7.758 13.156 27.020 6.949 15.614 -1.774 3.550 -0.217 -0.533
7.667 12.818 26.937 7.662 15.170 -1.654 3.315 -0.175 -0.555
7.623 12.241 26.178 9.885 15.284 -1.949 3.468 -0.088 -0.511
7.439 12.491 27.273 6.705 15.205 -2.079 3.635 0.056 -0.635
7.452 12.891 26.652 8.501 15.279 -1.731 3.424 -0.123 -0.647
8.214 12.798 28.040 6.835 15.147 -1.498 3.448 -0.103 -0.579
7.983 13.642 27.952 7.733 15.300 -1.562 3.189 0.128 -0.559
7.686 13.126 26.536 7.949 15.369 -2.226 3.484 -0.038 -0.559
7.679 12.815 26.928 6.902 15.270 -2.085 3.051 0.088 -0.444
7.854 13.127 27.347 7.656 15.440 -1.306 3.403 -0.236 -0.535
7.737 12.732 27.280 8.203 14.938 -2.257 3.197 0.086 -0.575
7.745 13.055 27.226 8.219 15.195 -1.603 2.969 -0.348 -0.282
7.764 12.495 26.935 8.093 15.383 -1.430 3.362 -0.344 -0.425
7.522 13.289 27.313 7.078 15.123 -1.513 2.862 -0.138 -0.385
7.614 12.549 27.346 7.330 15.211 -1.576 3.317 -0.357 -0.444
7.681 12.981 27.604 7.264 15.168 -1.812 3.438 -0.316 -0.476
7.168 12.644 26.566 7.777 15.255 -2.558 3.226 0.122 -0.553
7.373 12.585 27.023 7.619 15.536 -1.821 3.367 -0.231 -0.406
7.479 12.597 27.347 7.499 15.386 -1.199 3.094 -0.594 -0.276
7.678 12.968 27.711 7.734 15.464 -1.702 3.918 -0.130 -0.671
7.424 12.965 26.533 7.514 15.275 -1.903 3.754 -0.217 -0.631
7.648 12.596 27.143 6.965 15.236 -1.083 3.215 -0.415 -0.381
7.481 12.708 26.444 8.191 15.517 -1.854 3.641 -0.288 -0.554
7.608 12.990 26.915 6.508 15.295 -1.780 3.334 -0.355 -0.325
7.547 12.639 26.637 7.476 15.048 -1.826 3.025 -0.444 -0.295
8.065 13.114 27.554 6.694 15.311 -1.196 3.496 -0.223 -0.576
7.433 12.486 27.292 7.051 15.392 -1.339 3.256 -0.329 -0.404
7.952 12.627 28.074 7.302 15.169 -1.258 3.255 -0.456 -0.359
7.506 13.090 26.641 7.170 15.199 -2.210 3.529 -0.044 -0.653
7.609 13.227 26.976 8.354 15.348 -1.540 3.544 -0.297 -0.611
7.427 13.121 26.517 6.540 15.475 -1.938 3.701 -0.284 -0.551
7.493 13.180 27.506 7.528 15.430 -1.902 3.339 -0.118 -0.424
7.685 12.805 27.440 7.475 15.232 -1.687 3.357 -0.348 -0.387
7.385 12.740 26.670 7.560 15.308 -1.854 3.528 -0.325 -0.459
7.401 13.199 25.769 7.998 15.532 -2.070 3.680 -0.160 -0.562
7.244 11.916 26.476 8.565 15.219 -2.471 3.426 -0.126 -0.578
7.788 12.653 26.908 7.038 15.535 -1.800 3.668 -0.201 -0.601
7.481 12.708 26.444 8.191 15.517 -1.854 3.641 -0.288 -0.554
7.671 12.829 27.227 8.133 15.254 -1.714 3.506 -0.079 -0.676
7.617 12.714 27.135 7.589 15.130 -1.936 3.332 -0.230 -0.427
7.836 12.741 28.205 7.892 15.391 -1.142 3.192 -0.545 -0.207
7.809 12.580 26.521 7.477 15.119 -2.331 3.249 0.005 -0.439
7.675 12.234 26.709 8.649 15.318 -1.968 3.311 -0.203 -0.387
7.762 12.945 27.115 7.227 15.463 -1.846 3.451 -0.038 -0.592
7.567 12.814 26.642 7.496 15.207 -2.274 3.237 0.036 -0.490
7.644 12.946 26.971 7.906 15.194 -1.761 3.165 -0.158 -0.495
7.582 12.852 27.222 7.336 15.414 -1.403 3.279 -0.167 -0.513
7.596 12.928 28.123 7.372 14.999 -1.540 3.177 -0.444 -0.386
7.486 12.732 27.532 6.793 14.959 -1.657 3.200 0.039 -0.517
7.681 12.991 27.419 7.410 15.436 -1.410 3.566 -0.197 -0.652
7.680 12.931 27.392 7.452 15.219 -1.735 3.186 -0.149 -0.411
7.655 12.664 26.902 8.578 15.192 -1.683 3.107 -0.139 -0.488
7.403 13.177 25.971 8.667 15.691 -1.885 3.575 -0.247 -0.500
7.556 12.961 26.813 7.403 15.076 -2.267 3.264 0.265 -0.739
7.783 12.506 27.101 8.157 15.262 -1.800 3.564 -0.099 -0.640
7.440 12.775 27.110 7.123 15.503 -1.813 3.538 -0.352 -0.440
7.240 12.845 27.021 7.529 15.402 -1.483 3.423 -0.390 -0.488
7.416 12.908 26.796 7.876 15.254 -1.636 3.047 -0.301 -0.264
7.346 12.692 25.870 7.645 15.634 -2.581 3.834 0.088 -0.715
7.783 12.927 27.428 7.742 15.474 -1.456 3.623 -0.189 -0.578
7.675 13.182 27.009 7.546 15.068 -2.027 3.091 0.021 -0.499
7.437 12.820 26.888 8.552 15.317 -1.514 3.347 -0.349 -0.468
7.440 13.125 26.726 7.378 15.425 -2.253 3.724 0.011 -0.668
7.692 12.826 27.172 7.473 15.553 -1.554 3.670 -0.216 -0.583
7.441 12.295 26.070 7.544 15.392 -2.080 3.339 -0.080 -0.498
7.562 12.861 26.883 8.009 15.235 -1.767 3.522 -0.089 -0.650
7.587 12.744 26.785 7.760 15.073 -2.452 3.355 0.197 -0.649
7.314 12.178 26.624 7.239 15.011 -2.302 3.382 -0.211 -0.480
7.334 12.583 26.477 8.192 15.612 -2.037 3.729 -0.174 -0.616
7.736 12.413 26.420 8.555 15.074 -2.042 3.073 -0.115 -0.383
7.569 12.789 26.876 7.893 15.317 -2.018 3.478 -0.099 -0.515
7.659 13.081 27.940 8.102 15.309 -1.394 3.561 -0.122 -0.673
7.681 13.129 27.897 7.694 15.321 -0.981 3.060 -0.466 -0.340
7.441 12.295 26.070 7.544 15.392 -2.080 3.339 -0.080 -0.498
7.372 12.425 25.973 8.331 15.228 -2.568 3.510 0.196 -0.686
7.506 12.494 27.268 7.188 15.452 -1.436 3.464 -0.398 -0.368
7.425 12.831 26.839 6.456 15.309 -2.144 3.536 0.035 -0.632
7.681 12.586 27.518 7.050 15.125 -1.558 2.997 -0.308 -0.316
7.782 13.077 27.256 7.707 15.450 -1.972 3.831 0.072 -0.745
7.392 12.109 27.191 7.329 15.198 -2.302 3.284 0.010 -0.524
7.463 12.830 26.180 8.042 15.429 -2.075 3.509 -0.162 -0.492
7.688 12.711 26.849 6.944 15.494 -1.644 3.379 -0.286 -0.429
7.680 12.258 27.466 7.706 14.988 -1.838 3.097 -0.119 -0.439
7.614 12.549 27.346 7.330 15.211 -1.576 3.317 -0.357 -0.444
7.719 12.550 27.384 7.280 15.207 -1.893 3.388 -0.251 -0.438
7.437 12.839 26.519 8.581 15.397 -1.951 3.338 -0.121 -0.502
7.497 12.731 27.223 7.701 15.521 -2.060 3.631 -0.136 -0.625
7.526 12.479 27.651 8.592 15.121 -1.109 2.989 -0.586 -0.222
7.304 12.874 26.401 8.575 15.448 -2.133 3.719 -0.189 -0.583
7.813 12.614 27.215 8.049 15.350 -1.758 3.516 -0.234 -0.489
7.628 12.449 27.358 8.541 14.924 -1.564 3.127 -0.269 -0.400
7.810 13.049 27.137 7.143 15.192 -1.784 3.387 -0.090 -0.562
7.678 12.699 27.259 7.217 15.193 -2.168 3.668 0.069 -0.701
7.682 12.878 27.326 7.509 15.097 -1.609 3.312 -0.288 -0.436
7.533 12.683 27.367 7.436 15.345 -1.419 3.411 -0.357 -0.418
7.847 12.610 26.616 7.723 14.867 -2.032 3.122 -0.054 -0.430
7.693 12.442 27.155 8.276 15.440 -1.798 3.847 -0.072 -0.635
7.483 12.909 27.380 6.390 15.262 -1.869 3.389 -0.292 -0.450
7.784 12.973 27.585 7.449 15.189 -1.371 3.281 -0.361 -0.400
7.531 13.160 26.814 6.684 15.450 -1.740 3.500 -0.158 -0.557
7.430 12.260 26.375 8.039 15.268 -1.870 3.542 -0.468 -0.452
7.688 12.524 27.800 6.576 15.331 -1.352 3.549 -0.292 -0.507
7.445 13.052 26.279 7.524 15.536 -1.819 3.558 -0.430 -0.323
7.486 13.208 26.447 8.772 15.666 -2.563 4.226 0.292 -0.900
7.427 12.595 27.183 7.186 15.147 -1.918 3.343 -0.329 -0.440
7.785 12.934 27.196 7.987 15.173 -1.857 3.225 -0.184 -0.388
7.583 13.016 26.602 8.630 15.660 -1.692 3.737 -0.166 -0.652
7.687 12.767 26.775 8.229 15.399 -1.576 3.230 -0.145 -0.424
7.314 12.178 26.624 7.239 15.011 -2.302 3.382 -0.211 -0.480
7.565 12.989 27.478 8.112 15.319 -1.569 3.231 -0.249 -0.456
7.821 13.199 27.239 7.529 15.260 -1.708 3.452 -0.245 -0.576
7.322 12.833 26.733 8.313 15.450 -1.717 3.492 -0.401 -0.423
7.486 13.208 26.447 8.772 15.666 -2.563 4.226 0.292 -0.900
7.537 13.139 26.882 7.334 15.359 -1.712 3.637 -0.290 -0.578
7.523 12.918 26.899 7.564 15.400 -1.708 3.666 -0.239 -0.552
7.784 13.000 26.775 6.920 15.282 -2.073 3.795 0.021 -0.720
7.564 12.448 27.569 8.136 15.029 -1.515 3.220 -0.351 -0.388
7.687 12.825 27.338 6.894 15.123 -1.961 3.414 0.009 -0.554
7.741 12.624 28.343 8.417 14.712 -1.109 2.831 -0.215 -0.476
7.789 12.284 27.179 7.528 15.398 -1.685 3.430 -0.059 -0.595
7.677 12.515 27.744 6.429 15.220 -1.326 3.178 -0.382 -0.334
7.530 12.937 27.513 8.049 15.295 -1.981 3.771 0.013 -0.669
7.638 12.734 26.786 7.592 15.409 -1.494 3.137 -0.378 -0.310
7.681 12.575 27.490 7.193 15.236 -1.992 3.406 -0.231 -0.469
7.768 12.357 27.380 8.546 15.043 -1.983 3.416 0.013 -0.587
7.479 12.597 27.347 7.499 15.386 -1.199 3.094 -0.594 -0.276
7.872 12.163 27.618 6.950 15.085 -1.626 3.085 -0.135 -0.429
7.648 12.596 27.143 6.965 15.236 -1.083 3.215 -0.415 -0.381
7.626 12.970 26.724 7.185 15.448 -2.404 3.591 0.134 -0.639
7.897 12.620 27.450 7.392 15.022 -1.627 3.195 -0.325 -0.439
7.450 13.033 27.206 6.346 15.450 -1.220 3.408 -0.543 -0.309
7.590 12.232 27.714 7.733 15.116 -1.446 3.208 -0.330 -0.350
7.778 12.778 26.792 7.905 15.487 -1.831 3.651 -0.218 -0.568
7.563 12.912 27.005 6.830 15.136 -2.192 3.226 -0.040 -0.468
7.611 13.012 27.220 7.764 15.474 -1.551 3.438 -0.377 -0.350
7.434 12.610 26.410 7.362 15.111 -2.212 3.338 0.017 -0.494
7.508 12.712 26.378 6.939 15.168 -2.046 3.184 -0.097 -0.456
7.769 12.927 27.336 7.605 15.620 -1.087 3.575 -0.352 -0.556
7.753 12.937 27.665 6.924 15.341 -1.171 3.260 -0.289 -0.380
7.452 12.891 26.652 8.501 15.279 -1.731 3.424 -0.123 -0.647
7.531 13.077 26.304 8.476 15.398 -2.382 3.755 0.044 -0.696
7.682 12.671 27.709 7.380 15.173 -1.582 3.178 -0.126 -0.499
7.510 12.960 27.142 7.381 15.146 -1.891 3.253 -0.257 -0.450
7.314 12.671 26.782 7.287 15.149 -2.258 3.092 -0.107 -0.403
7.608 12.326 27.334 7.175 15.257 -2.138 3.600 -0.053 -0.606
7.978 12.955 27.858 7.876 15.074 -1.567 3.280 -0.083 -0.566
7.683 12.569 27.086 6.696 14.888 -1.142 2.850 -0.513 -0.283
7.586 12.245 26.563 7.373 15.456 -1.850 3.590 -0.187 -0.563
7.307 12.478 26.488 7.626 15.382 -1.982 3.457 -0.253 -0.451
7.477 13.157 27.125 7.972 15.601 -1.408 3.621 -0.385 -0.532
8.214 12.798 28.040 6.835 15.147 -1.498 3.448 -0.103 -0.579
7.534 12.249 26.927 7.858 14.960 -1.773 2.866 -0.274 -0.304
7.631 12.980 27.138 7.234 15.421 -1.467 3.151 -0.308 -0.302
7.462 12.510 26.643 7.761 15.033 -2.078 3.051 0.086 -0.605
7.341 12.531 27.146 8.687 15.577 -1.786 3.715 -0.253 -0.553
7.421 12.795 26.906 7.983 15.268 -2.239 3.482 0.211 -0.705
7.586 12.245 26.563 7.373 15.456 -1.850 3.590 -0.187 -0.563
7.619 12.642 26.751 6.876 15.294 -2.076 3.518 -0.121 -0.510
7.569 13.190 26.783 7.425 15.507 -1.827 3.571 -0.128 -0.502
7.683 12.752 26.923 7.694 15.110 -1.928 3.366 -0.207 -0.444
7.497 13.018 26.913 6.726 15.321 -1.438 3.091 -0.525 -0.249
7.303 12.728 27.334 5.777 15.377 -1.645 3.490 -0.509 -0.315
7.812 12.493 27.442 7.993 15.473 -1.447 3.628 -0.336 -0.454
7.819 12.856 27.773 7.251 15.184 -1.272 3.420 -0.391 -0.354
7.692 13.076 27.263 7.364 15.511 -1.815 3.716 -0.098 -0.696
7.879 12.827 27.451 8.437 15.292 -1.273 3.429 -0.253 -0.507
7.542 12.767 26.252 7.739 14.982 -2.526 3.223 0.199 -0.634
7.855 13.045 27.750 7.141 15.499 -1.483 3.442 -0.221 -0.445
7.816 12.153 27.553 6.951 15.262 -1.540 3.323 -0.080 -0.543
7.659 12.929 26.650 7.444 15.477 -2.353 3.687 0.006 -0.643
7.745 12.938 27.161 7.332 15.521 -1.946 3.639 -0.162 -0.441
7.517 13.009 26.576 7.939 15.385 -1.782 3.484 -0.202 -0.472
7.622 12.926 26.756 8.022 15.459 -1.460 3.413 -0.431 -0.405
7.532 12.605 27.093 6.703 15.437 -1.774 3.572 -0.169 -0.556
7.445 13.052 26.279 7.524 15.536 -1.819 3.558 -0.430 -0.323
7.605 12.828 26.980 7.220 14.993 -2.074 3.248 -0.151 -0.490
7.809 12.629 27.915 8.325 15.319 -0.693 3.359 -0.639 -0.420
7.609 12.994 27.467 7.752 15.329 -1.895 3.349 -0.078 -0.466
7.611 12.675 26.767 7.317 15.556 -2.247 3.529 -0.051 -0.528
7.690 13.064 26.859 6.996 15.258 -1.944 3.430 -0.114 -0.464
7.379 12.781 26.485 8.126 15.401 -1.977 3.439 -0.184 -0.471
7.810 13.049 27.137 7.143 15.192 -1.784 3.387 -0.090 -0.562
7.684 12.285 27.491 9.215 15.275 -1.236 3.102 -0.373 -0.313
7.468 13.058 27.096 8.110 15.134 -1.785 3.130 -0.005 -0.432
7.978 12.955 27.858 7.876 15.074 -1.567 3.280 -0.083 -0.566
7.748 12.451 27.381 6.868 15.146 -1.310 3.157 -0.324 -0.499
7.434 12.610 26.410 7.362 15.111 -2.212 3.338 0.017 -0.494
7.682 12.946 27.603 7.200 15.092 -1.457 2.900 -0.197 -0.347
7.856 12.677 27.603 7.459 15.003 -1.616 3.181 -0.215 -0.387
7.551 13.318 27.247 7.239 15.339 -2.102 3.747 -0.116 -0.648
7.608 12.990 26.915 6.508 15.295 -1.780 3.334 -0.355 -0.325
7.523 12.414 27.380 5.922 15.177 -1.522 3.183 -0.281 -0.427
7.462 12.411 26.489 8.297 15.027 -2.572 3.175 0.136 -0.506
8.064 12.291 28.305 5.657 14.732 -1.631 2.996 -0.068 -0.464
7.650 13.012 26.827 8.240 15.263 -2.080 3.108 0.032 -0.490
7.379 12.781 26.485 8.126 15.401 -1.977 3.439 -0.184 -0.471
7.532 12.549 26.907 7.201 15.306 -1.894 3.365 -0.114 -0.476
7.687 12.924 27.557 7.078 15.251 -1.865 3.685 -0.064 -0.684
7.439 12.491 27.273 6.705 15.205 -2.079 3.635 0.056 -0.635
7.689 12.706 27.284 7.764 15.012 -1.394 2.938 -0.207 -0.327
7.712 12.622 26.781 7.023 15.391 -1.327 3.279 -0.460 -0.351
7.396 12.968 26.343 6.383 15.047 -2.199 3.215 -0.116 -0.395
7.587 12.766 27.139 7.323 15.289 -1.961 3.580 -0.051 -0.644
7.462 12.510 26.643 7.761 15.033 -2.078 3.051 0.086 -0.605
7.790 12.705 27.479 7.134 15.076 -1.911 3.253 -0.064 -0.521
7.867 13.100 27.585 6.771 15.143 -1.463 2.949 -0.085 -0.375
7.680 12.258 27.466 7.706 14.988 -1.838 3.097 -0.119 -0.439
7.358 12.763 27.227 7.352 15.427 -2.197 3.491 -0.028 -0.570
7.680 12.865 28.173 7.904 15.431 -1.447 3.452 -0.399 -0.417
7.274 12.658 26.699 7.925 15.368 -2.226 3.324 -0.144 -0.451
7.436 12.454 27.231 7.161 15.080 -2.000 3.439 -0.213 -0.542
7.646 12.634 27.879 7.491 15.302 -1.334 3.377 -0.354 -0.406
7.440 13.125 26.726 7.378 15.425 -2.253 3.724 0.011 -0.668
7.617 12.724 27.206 7.512 15.068 -1.569 3.006 -0.104 -0.490
7.686 12.427 26.921 8.314 15.055 -1.894 3.143 -0.264 -0.374
7.623 12.543 27.121 7.863 15.134 -1.252 2.899 -0.461 -0.217
7.876 12.675 27.425 6.835 15.650 -1.468 3.834 -0.278 -0.518
7.688 13.268 26.864 7.626 15.387 -2.096 3.602 -0.003 -0.643
7.683 12.752 26.923 7.694 15.110 -1.928 3.366 -0.207 -0.444
7.525 12.879 27.683 7.943 15.056 -1.708 3.533 -0.066 -0.668
7.320 12.572 26.579 8.291 15.051 -2.176 3.100 -0.289 -0.251
7.888 12.748 27.841 6.939 14.656 -1.108 2.602 -0.501 -0.207
7.681 12.171 27.557 5.990 15.282 -1.299 3.361 -0.382 -0.467
7.821 12.560 27.810 7.327 14.909 -1.870 3.446 0.126 -0.705
7.826 12.858 27.122 7.262 15.502 -1.781 3.695 0.160 -0.725
7.692 13.204 27.529 7.814 15.282 -1.810 3.352 -0.097 -0.615
7.069 12.691 26.011 7.839 15.343 -1.510 2.996 -0.645 -0.239
7.440 13.125 26.726 7.378 15.425 -2.253 3.724 0.011 -0.668
7.517 13.334 26.592 7.482 15.515 -2.254 3.613 0.014 -0.670
7.510 12.702 26.722 8.439 15.289 -1.984 3.229 -0.271 -0.365
7.593 12.573 27.611 7.873 14.810 -1.309 2.892 -0.358 -0.359
7.687 12.590 27.549 7.388 15.069 -1.529 3.354 -0.445 -0.457
7.638 12.734 26.786 7.592 15.409 -1.494 3.137 -0.378 -0.310
7.684 12.763 27.509 6.501 15.492 -1.793 3.823 -0.242 -0.563
7.315 13.030 26.948 7.255 15.751 -1.860 4.061 -0.157 -0.678
7.631 12.980 27.138 7.234 15.421 -1.467 3.151 -0.308 -0.302
7.716 13.109 27.402 7.097 15.393 -1.497 3.589 -0.359 -0.350
7.805 12.523 27.581 7.209 15.514 -1.152 3.621 -0.254 -0.591
7.497 12.860 26.406 7.965 15.388 -1.811 3.538 -0.356 -0.407
7.391 12.999 26.880 8.112 15.637 -1.932 3.562 -0.295 -0.490
7.238 12.594 26.502 7.479 15.578 -1.965 3.395 -0.163 -0.557
7.681 12.889 28.307 6.721 14.967 -1.055 3.067 -0.617 -0.272
7.693 12.442 27.155 8.276 15.440 -1.798 3.847 -0.072 -0.635
7.832 12.632 27.546 7.212 15.012 -1.796 3.040 -0.159 -0.397
7.554 12.353 26.534 7.499 15.654 -2.556 4.103 0.161 -0.845
7.838 12.642 27.935 8.029 15.422 -1.379 3.565 -0.372 -0.496
7.532 12.549 26.907 7.201 15.306 -1.894 3.365 -0.114 -0.476
7.618 12.769 26.525 8.545 15.666 -2.166 3.642 0.020 -0.608
7.680 12.258 27.466 7.706 14.988 -1.838 3.097 -0.119 -0.439
7.777 13.024 27.917 7.174 15.462 -1.288 3.404 -0.391 -0.284
7.681 12.803 27.544 7.182 15.167 -1.787 3.441 -0.040 -0.647
7.594 12.899 26.944 7.260 15.111 -1.793 3.153 -0.180 -0.312
7.772 13.171 26.642 7.809 15.516 -1.703 3.819 -0.160 -0.751
7.719 12.550 27.384 7.280 15.207 -1.893 3.388 -0.251 -0.438
7.682 12.787 27.024 7.721 15.020 -1.862 3.111 0.012 -0.493
7.588 13.007 26.591 6.193 15.071 -1.765 3.056 -0.232 -0.350
7.884 12.712 27.550 7.835 14.974 -1.094 2.866 -0.378 -0.236
7.686 12.450 27.529 8.272 15.385 -1.644 3.906 -0.236 -0.681
7.677 12.953 26.554 7.627 15.555 -2.057 3.826 -0.198 -0.571
7.411 12.756 27.445 8.062 15.200 -1.932 3.446 -0.083 -0.558
7.493 12.976 25.870 8.111 15.605 -2.200 3.693 0.052 -0.661
7.674 12.193 26.696 8.048 15.282 -2.055 3.720 -0.108 -0.688
7.653 12.845 26.960 7.117 15.016 -1.899 3.118 -0.035 -0.457
7.393 13.038 26.715 8.211 15.331 -2.006 3.477 -0.159 -0.487
7.411 12.756 27.445 8.062 15.200 -1.932 3.446 -0.083 -0.558
7.794 12.836 27.547 8.249 15.249 -1.634 3.162 0.054 -0.595
7.668 13.065 27.500 7.240 14.894 -1.836 3.077 -0.036 -0.442
7.352 13.003 27.318 8.617 15.695 -1.897 3.936 -0.233 -0.608
7.569 12.833 26.360 8.006 15.523 -2.549 3.973 0.080 -0.785
7.543 12.693 26.804 6.755 15.022 -2.186 3.069 0.129 -0.558
7.307 12.478 26.488 7.626 15.382 -1.982 3.457 -0.253 -0.451
7.677 12.469 26.572 8.525 15.171 -2.106 3.190 -0.015 -0.425
7.785 12.747 27.232 6.757 15.124 -1.405 3.213 -0.434 -0.397
7.682 12.878 27.326 7.509 15.097 -1.609 3.312 -0.288 -0.436
7.903 13.078 28.013 7.741 15.367 -1.282 3.633 -0.422 -0.508
7.274 12.658 26.699 7.925 15.368 -2.226 3.324 -0.144 -0.451
7.454 13.038 27.410 7.475 15.001 -1.507 2.924 -0.501 -0.248
7.762 12.945 27.115 7.227 15.463 -1.846 3.451 -0.038 -0.592
7.981 12.718 26.986 7.360 15.171 -2.053 3.554 -0.030 -0.565
7.670 12.803 27.261 8.416 15.410 -1.319 3.356 -0.424 -0.426
7.921 12.148 27.290 6.516 15.394 -1.281 3.525 -0.335 -0.521
7.401 13.199 25.769 7.998 15.532 -2.070 3.680 -0.160 -0.562
7.469 13.033 27.360 6.078 15.243 -2.202 3.515 -0.022 -0.566
7.690 13.064 26.859 6.996 15.258 -1.944 3.430 -0.114 -0.464
7.456 13.126 26.722 8.661 15.657 -1.727 3.646 -0.346 -0.471
7.681 13.021 27.342 7.895 15.066 -1.624 3.032 -0.318 -0.328
7.683 12.774 26.587 8.402 15.284 -2.368 3.473 0.108 -0.684
7.252 12.565 27.278 6.888 15.121 -1.499 2.935 -0.562 -0.251
7.819 12.594 27.125 8.122 15.340 -1.488 3.635 -0.190 -0.569
7.689 12.535 27.196 6.309 15.046 -1.699 3.275 -0.318 -0.408
7.664 12.678 27.570 7.516 15.304 -1.606 3.392 -0.425 -0.432
7.552 13.145 26.418 7.664 15.720 -1.776 3.800 -0.095 -0.650
7.681 12.889 28.307 6.721 14.967 -1.055 3.067 -0.617 -0.272
7.768 12.744 27.564 7.447 14.845 -1.215 2.875 -0.533 -0.151
7.656 12.376 27.215 6.671 14.819 -1.503 3.064 -0.298 -0.435
7.608 12.990 26.915 6.508 15.295 -1.780 3.334 -0.355 -0.325
7.674 12.442 26.765 8.884 15.111 -1.875 3.145 -0.169 -0.335
7.343 12.649 26.954 8.009 15.658 -1.808 3.872 -0.402 -0.460
7.583 12.555 27.158 8.102 15.019 -2.148 3.296 -0.025 -0.590
7.312 12.940 26.977 7.357 15.206 -1.759 3.071 -0.362 -0.286
7.876 12.675 27.425 6.835 15.650 -1.468 3.834 -0.278 -0.518
7.762 12.945 27.115 7.227 15.463 -1.846 3.451 -0.038 -0.592
7.462 13.190 26.382 7.096 15.352 -1.775 3.368 -0.402 -0.310
7.564 12.749 26.093 6.872 15.480 -2.538 3.728 0.189 -0.713
7.676 12.606 26.799 7.273 15.308 -2.405 3.295 0.081 -0.575
7.688 12.708 26.574 6.612 15.485 -1.682 3.339 -0.094 -0.492
7.464 12.684 26.171 7.950 15.391 -2.323 3.354 -0.079 -0.520
7.617 12.720 27.197 7.200 15.403 -1.884 3.669 -0.133 -0.597
7.823 12.983 27.367 7.437 15.237 -1.547 3.519 -0.170 -0.610
7.616 12.519 27.180 7.577 15.244 -1.729 3.390 -0.088 -0.561
7.658 12.962 26.838 7.406 15.525 -1.391 3.375 -0.427 -0.341
7.493 12.976 25.870 8.111 15.605 -2.200 3.693 0.052 -0.661
7.674 12.869 27.084 7.072 15.234 -1.600 3.504 -0.292 -0.528
7.686 12.515 26.982 7.418 15.314 -1.501 3.488 -0.292 -0.541
7.781 12.696 27.589 6.418 15.166 -1.140 3.180 -0.526 -0.324
7.612 13.327 27.623 7.456 15.384 -1.874 3.649 -0.190 -0.537
7.638 12.734 26.786 7.592 15.409 -1.494 3.137 -0.378 -0.310
7.678 12.898 27.368 7.253 15.014 -2.104 3.194 -0.089 -0.487
7.460 12.605 26.778 6.996 15.128 -1.405 2.892 -0.378 -0.300
7.680 12.539 27.208 8.428 14.957 -1.708 2.912 -0.269 -0.204
7.668 12.732 27.407 7.634 15.485 -1.262 3.326 -0.464 -0.401
7.703 12.453 27.427 7.855 15.031 -1.505 3.270 -0.152 -0.589
7.724 12.617 27.751 7.322 15.003 -1.506 3.094 -0.203 -0.419
7.628 12.449 27.358 8.541 14.924 -1.564 3.127 -0.269 -0.400
7.394 13.096 27.180 7.476 15.525 -1.890 3.701 -0.119 -0.603
7.782 13.077 27.256 7.707 15.450 -1.972 3.831 0.072 -0.745
7.623 12.543 27.121 7.863 15.134 -1.252 2.899 -0.461 -0.217
7.679 12.795 26.660 7.013 15.250 -2.251 3.289 -0.078 -0.467
7.617 12.720 27.197 7.200 15.403 -1.884 3.669 -0.133 -0.597
7.695 12.663 27.661 7.262 15.052 -1.575 3.201 -0.378 -0.385
7.594 12.899 26.944 7.260 15.111 -1.793 3.153 -0.180 -0.312
7.678 12.847 27.234 7.176 15.030 -2.079 3.407 -0.092 -0.579
7.360 12.915 27.356 8.084 15.192 -1.690 3.080 -0.565 -0.170
7.515 12.407 27.979 7.236 15.028 -2.204 3.396 0.085 -0.722
7.381 12.654 26.585 7.973 14.934 -2.381 3.148 0.199 -0.569
7.968 12.688 28.008 7.415 15.271 -1.369 3.067 -0.178 -0.404
7.677 13.094 27.521 7.025 15.308 -1.301 3.415 -0.460 -0.349
7.445 12.778 26.775 7.522 15.371 -2.517 3.723 0.068 -0.572
7.680 13.354 27.341 6.904 15.730 -1.379 3.357 -0.337 -0.393
7.434 12.717 26.989 8.095 15.508 -1.757 3.473 -0.174 -0.407
7.721 12.746 27.404 8.404 15.421 -1.509 3.725 -0.301 -0.567
7.784 13.000 26.775 6.920 15.282 -2.073 3.795 0.021 -0.720
7.759 13.197 26.611 7.739 15.085 -1.872 3.250 -0.156 -0.499
7.679 12.470 26.382 7.143 15.378 -1.718 3.587 -0.237 -0.534
7.606 13.243 26.526 8.147 15.298 -2.194 3.527 -0.019 -0.656
7.279 12.507 26.814 8.303 14.997 -2.434 3.210 0.135 -0.689
7.796 12.513 27.678 8.240 15.023 -1.833 3.173 0.088 -0.587
7.480 13.239 26.701 7.748 15.564 -2.140 3.739 0.045 -0.640
7.779 12.882 27.063 7.763 15.030 -1.884 3.237 -0.222 -0.406
7.541 12.894 26.924 7.942 15.201 -1.929 3.280 0.026 -0.509
7.753 12.900 27.065 8.107 15.183 -1.990 3.227 -0.079 -0.389
7.624 12.369 26.656 7.344 15.012 -2.106 3.389 -0.040 -0.567
8.046 12.751 27.665 7.330 15.388 -1.437 3.275 -0.050 -0.584
7.780 12.711 27.330 7.651 15.533 -1.493 3.540 -0.318 -0.450
7.797 12.397 27.491 7.671 15.010 -1.620 3.161 -0.226 -0.468
7.681 12.357 27.319 7.135 15.233 -1.690 3.460 -0.215 -0.527
7.675 13.182 27.009 7.546 15.068 -2.027 3.091 0.021 -0.499
7.421 12.795 26.906 7.983 15.268 -2.239 3.482 0.211 -0.705
7.687 12.991 27.814 6.714 15.633 -1.432 3.689 -0.320 -0.498
7.320 12.572 26.579 8.291 15.051 -2.176 3.100 -0.289 -0.251
7.682 12.946 27.603 7.200 15.092 -1.457 2.900 -0.197 -0.347
7.344 13.157 26.310 7.652 15.865 -1.971 3.795 -0.178 -0.594
7.517 12.609 26.820 8.306 15.260 -1.831 3.588 -0.373 -0.450
7.499 12.556 27.358 7.937 15.191 -1.906 3.652 -0.181 -0.634
7.497 13.018 26.913 6.726 15.321 -1.438 3.091 -0.525 -0.249
7.866 12.644 27.796 7.601 15.169 -1.280 3.267 -0.251 -0.460
7.686 12.706 27.338 6.821 15.147 -1.679 3.252 -0.271 -0.538
7.744 12.929 27.888 7.662 15.177 -1.651 3.352 -0.165 -0.586
7.687 12.795 27.461 6.642 15.286 -1.522 3.479 -0.409 -0.373
8.064 12.291 28.305 5.657 14.732 -1.631 2.996 -0.068 -0.464
7.503 13.058 26.418 6.997 15.343 -1.835 3.424 -0.125 -0.627
7.677 12.469 26.572 8.525 15.171 -2.106 3.190 -0.015 -0.425
7.535 12.881 26.990 7.684 15.309 -2.105 3.690 0.174 -0.729
7.774 12.688 26.655 7.570 15.264 -2.141 3.562 -0.036 -0.611
7.578 12.196 26.416 8.170 14.936 -2.297 3.124 0.000 -0.454
7.497 13.018 26.913 6.726 15.321 -1.438 3.091 -0.525 -0.249
7.802 12.964 27.012 8.704 15.290 -2.174 3.647 0.035 -0.714
7.532 12.549 26.907 7.201 15.306 -1.894 3.365 -0.114 -0.476
7.790 13.200 27.807 7.897 15.238 -1.222 3.403 -0.585 -0.412
7.661 12.860 26.990 8.092 15.412 -1.604 3.450 -0.220 -0.465
7.821 13.199 27.239 7.529 15.260 -1.708 3.452 -0.245 -0.576
7.678 12.968 27.711 7.734 15.464 -1.702 3.918 -0.130 -0.671
7.681 12.803 27.544 7.182 15.167 -1.787 3.441 -0.040 -0.647
7.517 13.132 26.804 7.262 15.415 -1.159 3.408 -0.610 -0.326
7.573 13.174 27.096 8.141 15.600 -1.679 3.538 -0.436 -0.357
7.681 12.450 27.432 6.929 15.359 -1.817 3.528 -0.063 -0.597
7.653 12.845 26.960 7.117 15.016 -1.899 3.118 -0.035 -0.457
7.729 12.663 26.848 7.535 15.665 -2.135 4.141 0.053 -0.904
7.488 13.088 26.525 7.674 15.468 -2.008 3.543 -0.237 -0.541
7.475 12.659 26.743 7.828 15.410 -1.617 3.303 -0.331 -0.377
7.486 12.493 27.265 8.310 15.269 -1.883 3.388 -0.116 -0.510
7.680 12.931 27.392 7.452 15.219 -1.735 3.186 -0.149 -0.411
7.467 12.892 26.735 7.418 15.281 -1.825 3.223 -0.270 -0.401
7.546 13.166 26.915 7.726 15.425 -1.893 3.303 -0.133 -0.479
7.407 12.691 26.506 7.010 15.197 -1.790 3.206 -0.309 -0.529
7.947 12.698 27.718 6.913 14.929 -1.908 3.363 -0.103 -0.599
7.554 12.353 26.534 7.499 15.654 -2.556 4.103 0.161 -0.845
7.678 12.721 27.421 8.140 15.696 -0.913 3.550 -0.485 -0.436
7.360 12.750 26.687 7.319 15.271 -1.891 3.294 -0.324 -0.401
7.609 12.783 27.719 7.680 15.162 -1.570 3.131 -0.135 -0.529
7.686 12.515 26.982 7.418 15.314 -1.501 3.488 -0.292 -0.541
7.923 12.730 27.445 6.584 15.330 -1.881 3.519 -0.070 -0.584
7.595 12.907 26.272 8.194 15.498 -2.187 3.632 0.018 -0.587
7.873 12.750 27.022 8.686 15.269 -2.278 3.810 0.156 -0.852
7.823 12.983 27.367 7.437 15.237 -1.547 3.519 -0.170 -0.610
7.740 12.782 27.754 7.377 14.864 -1.886 3.184 -0.003 -0.561
7.745 12.938 27.161 7.332 15.521 -1.946 3.639 -0.162 -0.441
7.472 12.992 27.500 7.393 15.359 -1.242 3.084 -0.569 -0.242
7.959 12.970 27.433 7.342 15.102 -2.162 3.558 0.062 -0.651
7.622 12.930 27.207 6.315 15.281 -1.480 3.225 -0.271 -0.500
7.587 12.813 27.060 8.237 15.322 -1.632 3.008 -0.236 -0.376
7.580 12.636 26.683 8.316 15.616 -1.851 3.792 -0.196 -0.638
7.405 12.537 27.257 7.445 15.658 -1.992 3.880 -0.160 -0.623
7.667 12.818 26.937 7.662 15.170 -1.654 3.315 -0.175 -0.555
6.970 12.627 26.138 6.715 15.362 -2.759 3.569 0.023 -0.614
7.318 12.933 27.365 7.952 15.099 -1.909 3.444 -0.201 -0.476
7.612 13.245 27.352 6.875 15.264 -1.780 3.360 -0.256 -0.426
7.901 13.049 27.133 8.662 15.429 -1.788 3.622 -0.212 -0.506
7.677 13.156 27.509 7.386 15.534 -1.772 3.461 -0.049 -0.552
7.679 12.263 27.206 7.848 15.045 -1.893 2.972 -0.169 -0.356
7.852 12.746 27.834 8.153 14.990 -1.194 3.109 -0.283 -0.449
7.612 13.327 27.623 7.456 15.384 -1.874 3.649 -0.190 -0.537
7.771 12.944 27.363 7.377 15.189 -1.917 3.306 0.033 -0.523
7.312 13.157 27.113 7.549 15.434 -1.697 3.468 -0.373 -0.379
7.682 12.555 26.913 6.971 14.931 -2.077 2.937 -0.023 -0.377
7.433 12.684 26.379 6.718 15.261 -2.217 3.335 -0.054 -0.522
7.436 12.454 27.231 7.161 15.080 -2.000 3.439 -0.213 -0.542
7.425 12.978 26.724 7.033 15.468 -1.620 3.396 -0.312 -0.481
7.852 12.746 27.834 8.153 14.990 -1.194 3.109 -0.283 -0.449
7.417 12.976 26.284 8.636 15.684 -2.327 4.187 -0.005 -0.819
7.352 13.003 27.318 8.617 15.695 -1.897 3.936 -0.233 -0.608
7.952 12.716 27.346 6.793 15.091 -2.015 3.345 0.112 -0.688
7.918 12.897 27.003 6.876 14.883 -1.889 2.939 -0.100 -0.384
7.978 12.955 27.858 7.876 15.074 -1.567 3.280 -0.083 -0.566
7.529 13.043 26.654 7.868 15.413 -2.087 3.591 0.170 -0.724
7.686 13.126 26.536 7.949 15.369 -2.226 3.484 -0.038 -0.559
7.858 12.606 26.963 7.448 15.268 -1.635 3.273 -0.250 -0.415
7.667 12.584 27.730 8.078 15.325 -1.616 3.768 -0.068 -0.689
7.462 13.143 26.958 6.942 15.007 -2.292 3.341 -0.043 -0.623
7.641 12.501 26.551 7.223 14.998 -2.024 2.985 -0.201 -0.319
7.637 12.738 27.508 7.241 15.309 -1.324 3.351 -0.352 -0.463
7.069 12.691 26.011 7.839 15.343 -1.510 2.996 -0.645 -0.239
8.009 13.085 26.925 7.611 15.320 -1.880 3.349 0.134 -0.494
7.757 12.441 27.478 6.394 15.059 -1.518 3.292 -0.327 -0.366
7.488 13.088 26.525 7.674 15.468 -2.008 3.543 -0.237 -0.541
7.741 12.467 27.631 6.837 15.110 -1.865 3.378 0.090 -0.575
7.677 12.953 26.554 7.627 15.555 -2.057 3.826 -0.198 -0.571
7.688 12.708 26.574 6.612 15.485 -1.682 3.339 -0.094 -0.492
7.328 12.707 26.574 6.393 15.503 -1.590 3.571 -0.630 -0.293
7.455 12.419 26.689 7.640 15.161 -1.977 3.276 -0.205 -0.523
6.853 12.852 25.746 8.089 15.635 -2.405 3.678 -0.394 -0.349
7.893 12.849 27.106 8.143 15.429 -1.478 3.713 -0.419 -0.612
7.549 12.711 26.831 7.287 15.273 -1.471 3.231 -0.368 -0.386
7.702 12.601 27.575 7.112 15.218 -1.552 3.206 -0.122 -0.525
7.682 12.946 27.603 7.200 15.092 -1.457 2.900 -0.197 -0.347
7.337 12.453 26.942 7.341 15.502 -2.224 3.586 -0.116 -0.540
7.881 13.016 27.709 7.656 15.383 -1.007 3.482 -0.306 -0.491
7.921 12.148 27.290 6.516 15.394 -1.281 3.525 -0.335 -0.521
7.458 12.688 26.717 7.834 15.307 -2.133 3.391 -0.112 -0.577
7.819 12.856 27.773 7.251 15.184 -1.272 3.420 -0.391 -0.354
7.678 12.699 27.259 7.217 15.193 -2.168 3.668 0.069 -0.701
7.460 12.605 26.778 6.996 15.128 -1.405 2.892 -0.378 -0.300
7.779 12.882 27.063 7.763 15.030 -1.884 3.237 -0.222 -0.406
7.526 12.479 27.651 8.592 15.121 -1.109 2.989 -0.586 -0.222
7.583 12.564 26.840 8.108 15.366 -1.945 3.676 -0.114 -0.578
7.433 12.486 27.292 7.051 15.392 -1.339 3.256 -0.329 -0.404
7.873 12.750 27.022 8.686 15.269 -2.278 3.810 0.156 -0.852
7.655 12.614 26.529 8.397 14.970 -2.007 3.073 -0.060 -0.548
7.774 12.708 27.086 9.210 15.395 -1.666 3.492 -0.253 -0.435
7.723 12.785 27.009 7.062 15.036 -1.578 3.147 -0.230 -0.390
7.808 12.981 27.008 7.490 15.272 -1.410 3.593 -0.487 -0.437
7.583 12.707 26.830 6.883 15.097 -2.377 3.253 0.230 -0.717
7.663 12.407 27.323 7.434 15.392 -1.839 3.614 -0.185 -0.515
7.674 12.442 26.765 8.884 15.111 -1.875 3.145 -0.169 -0.335
7.425 12.978 26.724 7.033 15.468 -1.620 3.396 -0.312 -0.481
7.638 12.690 27.061 7.532 15.200 -2.093 3.478 0.035 -0.628
7.638 12.690 27.061 7.532 15.200 -2.093 3.478 0.035 -0.628
7.949 12.815 27.512 7.632 15.294 -1.740 3.513 -0.038 -0.637
7.307 12.791 26.300 8.135 15.529 -1.850 3.714 -0.251 -0.588
7.537 13.139 26.882 7.334 15.359 -1.712 3.637 -0.290 -0.578
7.616 12.519 27.180 7.577 15.244 -1.729 3.390 -0.088 -0.561
7.941 13.116 27.103 8.307 15.558 -1.385 3.559 -0.340 -0.533
7.505 12.414 26.347 7.674 15.616 -2.432 4.210 -0.037 -0.748
7.483 12.702 26.413 6.969 15.299 -2.294 3.481 -0.091 -0.584
7.637 12.793 27.157 7.606 15.245 -1.459 3.239 -0.426 -0.411
7.694 12.396 27.244 7.936 15.351 -1.812 3.632 -0.232 -0.588
7.640 12.743 27.948 7.155 14.996 -1.613 3.303 -0.068 -0.627
7.831 12.573 27.421 8.065 14.589 -1.728 2.540 -0.310 -0.147
7.069 12.691 26.011 7.839 15.343 -1.510 2.996 -0.645 -0.239
7.838 12.642 27.935 8.029 15.422 -1.379 3.565 -0.372 -0.496
7.440 12.623 27.284 9.413 15.491 -1.664 3.222 -0.330 -0.397
7.504 12.829 26.894 7.824 15.217 -2.004 3.325 -0.239 -0.486
7.608 13.065 27.838 6.747 15.264 -1.572 3.781 -0.093 -0.644
7.337 12.453 26.942 7.341 15.502 -2.224 3.586 -0.116 -0.540
8.086 12.864 27.528 8.361 15.286 -1.466 3.289 -0.216 -0.502
7.556 12.961 26.813 7.403 15.076 -2.267 3.264 0.265 -0.739
7.244 11.916 26.476 8.565 15.219 -2.471 3.426 -0.126 -0.578
7.473 12.942 26.112 7.398 15.310 -2.141 3.511 -0.078 -0.538
7.427 12.595 27.183 7.186 15.147 -1.918 3.343 -0.329 -0.440
7.641 12.501 26.551 7.223 14.998 -2.024 2.985 -0.201 -0.319
7.391 12.999 26.880 8.112 15.637 -1.932 3.562 -0.295 -0.490
7.674 13.051 27.353 7.761 15.327 -2.367 3.639 0.170 -0.691
7.834 12.768 27.628 7.964 15.011 -1.357 3.084 -0.201 -0.381
7.565 12.989 27.478 8.112 15.319 -1.569 3.231 -0.249 -0.456
7.836 12.741 28.205 7.892 15.391 -1.142 3.192 -0.545 -0.207
7.816 12.783 27.571 7.688 15.085 -1.589 3.476 -0.203 -0.487
7.569 12.833 26.360 8.006 15.523 -2.549 3.973 0.080 -0.785
7.647 13.118 27.178 7.803 15.172 -1.919 3.231 0.065 -0.651
7.841 12.821 27.626 7.298 14.963 -1.155 2.984 -0.286 -0.391
7.788 12.653 26.908 7.038 15.535 -1.800 3.668 -0.201 -0.601
7.455 12.737 26.582 7.589 15.437 -1.890 3.454 -0.136 -0.569
7.464 12.684 26.171 7.950 15.391 -2.323 3.354 -0.079 -0.520
7.626 12.905 27.361 8.554 15.504 -1.310 3.606 -0.449 -0.561
7.355 12.566 27.213 7.463 15.594 -1.949 3.837 -0.156 -0.550
7.814 12.384 27.949 7.731 15.526 -1.314 3.729 -0.465 -0.488
7.028 12.657 26.331 8.588 15.735 -2.477 4.150 0.076 -0.823
7.666 12.963 26.942 7.343 15.282 -2.137 3.721 0.060 -0.686
7.673 12.666 26.981 7.600 15.420 -1.529 3.157 -0.276 -0.369
7.488 13.088 26.525 7.674 15.468 -2.008 3.543 -0.237 -0.541
7.749 12.632 26.999 7.611 15.250 -1.986 3.709 -0.030 -0.742
7.687 12.085 27.233 7.754 15.122 -1.825 3.204 -0.108 -0.479
7.855 13.045 27.750 7.141 15.499 -1.483 3.442 -0.221 -0.445
7.636 12.483 27.530 7.349 15.343 -1.729 3.700 -0.027 -0.660
7.414 12.885 26.602 7.829 14.925 -2.326 3.074 0.045 -0.538
7.781 12.696 27.589 6.418 15.166 -1.140 3.180 -0.526 -0.324
7.813 12.614 27.215 8.049 15.350 -1.758 3.516 -0.234 -0.489
7.687 12.633 27.588 7.489 14.943 -1.298 2.629 -0.244 -0.229
7.493 12.976 25.870 8.111 15.605 -2.200 3.693 0.052 -0.661
7.949 12.815 27.512 7.632 15.294 -1.740 3.513 -0.038 -0.637
7.685 12.662 27.098 7.708 15.341 -1.825 3.607 -0.308 -0.454
7.554 12.353 26.534 7.499 15.654 -2.556 4.103 0.161 -0.845
7.312 13.157 27.113 7.549 15.434 -1.697 3.468 -0.373 -0.379
7.642 12.590 27.222 7.413 14.881 -1.789 2.997 -0.221 -0.362
7.366 12.765 26.294 7.861 15.302 -2.393 3.211 0.017 -0.448
7.486 12.826 26.787 7.836 15.291 -2.327 3.506 -0.124 -0.514
7.683 12.752 26.923 7.694 15.110 -1.928 3.366 -0.207 -0.444
7.852 12.746 27.834 8.153 14.990 -1.194 3.109 -0.283 -0.449
7.675 13.182 27.009 7.546 15.068 -2.027 3.091 0.021 -0.499
7.689 12.535 27.196 6.309 15.046 -1.699 3.275 -0.318 -0.408
7.678 12.721 27.421 8.140 15.696 -0.913 3.550 -0.485 -0.436
7.968 12.688 28.008 7.415 15.271 -1.369 3.067 -0.178 -0.404
7.502 12.938 26.546 7.707 15.360 -1.804 3.417 -0.340 -0.341
7.683 12.917 27.029 7.836 15.305 -1.800 3.539 -0.286 -0.569
7.675 12.234 26.709 8.649 15.318 -1.968 3.311 -0.203 -0.387
7.587 12.754 26.563 8.308 15.100 -1.897 3.186 -0.062 -0.580
7.583 13.016 26.602 8.630 15.660 -1.692 3.737 -0.166 -0.652
7.851 12.920 27.552 6.049 15.442 -1.419 3.340 -0.309 -0.333
7.681 12.803 27.544 7.182 15.167 -1.787 3.441 -0.040 -0.647
7.491 12.568 26.934 8.184 15.097 -2.172 3.553 -0.201 -0.516
7.486 12.826 26.787 7.836 15.291 -2.327 3.506 -0.124 -0.514
7.707 12.878 27.679 7.316 15.304 -1.675 3.355 -0.149 -0.437
7.649 12.592 27.565 7.316 15.134 -1.569 3.449 -0.352 -0.526
7.616 12.519 27.180 7.577 15.244 -1.729 3.390 -0.088 -0.561
7.677 12.953 26.554 7.627 15.555 -2.057 3.826 -0.198 -0.571
7.344 13.046 26.453 8.297 15.447 -1.892 3.467 -0.154 -0.519
7.561 12.880 27.050 7.770 14.956 -2.230 3.226 0.239 -0.669
7.647 13.118 27.178 7.803 15.172 -1.919 3.231 0.065 -0.651
7.510 12.960 27.142 7.381 15.146 -1.891 3.253 -0.257 -0.450
7.632 12.308 26.849 8.350 15.526 -2.108 3.873 -0.116 -0.617
7.502 12.766 26.654 8.019 15.211 -1.955 3.259 -0.240 -0.411
7.805 12.712 27.362 7.546 14.785 -1.574 2.895 -0.200 -0.405
7.521 12.956 27.579 6.491 15.108 -1.709 3.091 -0.235 -0.358
7.508 12.973 27.500 7.077 15.339 -1.437 3.029 -0.430 -0.281
7.392 12.109 27.191 7.329 15.198 -2.302 3.284 0.010 -0.524
7.737 12.732 27.280 8.203 14.938 -2.257 3.197 0.086 -0.575
7.659 12.929 26.650 7.444 15.477 -2.353 3.687 0.006 -0.643
7.509 12.985 27.601 7.858 14.999 -1.476 3.058 -0.446 -0.275
7.599 13.156 26.629 7.217 15.497 -1.834 3.921 -0.281 -0.702
7.687 12.991 27.814 6.714 15.633 -1.432 3.689 -0.320 -0.498
7.809 12.580 26.521 7.477 15.119 -2.331 3.249 0.005 -0.439
7.594 12.675 26.835 7.945 15.388 -2.385 3.491 0.170 -0.674
7.640 12.743 27.948 7.155 14.996 -1.613 3.303 -0.068 -0.627
7.535 12.881 26.990 7.684 15.309 -2.105 3.690 0.174 -0.729
7.469 13.033 27.360 6.078 15.243 -2.202 3.515 -0.022 -0.566
7.681 12.663 27.205 7.568 14.930 -1.736 3.070 -0.032 -0.416
7.541 12.894 26.924 7.942 15.201 -1.929 3.280 0.026 -0.509
8.066 13.030 27.504 7.588 15.344 -2.311 3.928 0.262 -0.864
7.683 13.016 27.026 8.193 15.697 -1.490 3.708 -0.373 -0.499
7.707 12.878 27.679 7.316 15.304 -1.675 3.355 -0.149 -0.437
7.416 12.643 26.440 8.153 15.373 -2.249 3.654 -0.010 -0.668
7.692 12.715 26.195 7.305 15.253 -2.136 3.641 -0.174 -0.642
7.785 12.747 27.232 6.757 15.124 -1.405 3.213 -0.434 -0.397
7.583 12.564 26.840 8.108 15.366 -1.945 3.676 -0.114 -0.578
7.687 12.570 27.545 7.168 14.982 -1.778 3.039 -0.274 -0.325
7.981 12.481 27.042 8.411 15.324 -1.834 3.816 -0.030 -0.687
7.493 12.976 25.870 8.111 15.605 -2.200 3.693 0.052 -0.661
7.687 12.085 27.233 7.754 15.122 -1.825 3.204 -0.108 -0.479
7.587 12.754 26.563 8.308 15.100 -1.897 3.186 -0.062 -0.580
7.758 13.156 27.020 6.949 15.614 -1.774 3.550 -0.217 -0.533
7.949 12.815 27.512 7.632 15.294 -1.740 3.513 -0.038 -0.637
7.464 12.684 26.171 7.950 15.391 -2.323 3.354 -0.079 -0.520
7.804 13.123 26.994 7.454 15.199 -1.808 3.414 -0.155 -0.507
7.360 12.750 26.687 7.319 15.271 -1.891 3.294 -0.324 -0.401
7.769 12.927 27.336 7.605 15.620 -1.087 3.575 -0.352 -0.556
7.617 12.724 27.206 7.512 15.068 -1.569 3.006 -0.104 -0.490
7.497 12.731 27.223 7.701 15.521 -2.060 3.631 -0.136 -0.625
7.678 12.723 27.256 6.813 15.385 -1.342 3.339 -0.499 -0.365
7.906 13.007 27.696 7.114 15.309 -1.235 3.164 -0.412 -0.331
7.675 13.182 27.009 7.546 15.068 -2.027 3.091 0.021 -0.499
7.469 13.180 27.551 7.429 14.983 -1.668 2.868 -0.188 -0.411
7.901 12.862 27.347 7.697 15.294 -1.435 3.299 -0.221 -0.485
7.785 12.934 27.196 7.987 15.173 -1.857 3.225 -0.184 -0.388
7.676 13.167 27.132 7.244 15.591 -1.712 3.505 -0.327 -0.460
7.774 12.708 27.086 9.210 15.395 -1.666 3.492 -0.253 -0.435
7.741 12.855 28.010 8.111 15.082 -1.617 3.066 -0.196 -0.278
7.857 12.284 28.314 6.726 15.196 -1.693 3.423 -0.282 -0.510
7.690 12.457 27.255 6.958 15.175 -1.857 3.169 -0.154 -0.418
7.728 12.645 27.280 7.563 15.336 -1.560 3.540 -0.238 -0.584
7.907 12.865 27.589 6.731 15.203 -1.781 3.422 0.034 -0.624
7.825 12.788 28.030 6.783 15.371 -1.382 3.511 -0.185 -0.560
7.929 12.678 27.680 7.029 14.989 -1.784 3.483 -0.133 -0.575
7.838 12.642 27.935 8.029 15.422 -1.379 3.565 -0.372 -0.496
7.579 12.902 26.680 8.052 15.249 -2.049 3.435 -0.101 -0.585
7.908 12.711 27.338 7.297 15.057 -1.614 2.983 -0.125 -0.395
7.238 12.594 26.502 7.479 15.578 -1.965 3.395 -0.163 -0.557
7.772 13.171 26.642 7.809 15.516 -1.703 3.819 -0.160 -0.751
7.770 13.128 27.254 6.957 15.205 -1.545 3.327 -0.247 -0.504
7.483 12.909 27.380 6.390 15.262 -1.869 3.389 -0.292 -0.450
7.488 13.088 26.525 7.674 15.468 -2.008 3.543 -0.237 -0.541
7.762 12.945 27.115 7.227 15.463 -1.846 3.451 -0.038 -0.592
7.360 12.915 27.356 8.084 15.192 -1.690 3.080 -0.565 -0.170
7.465 12.373 26.125 7.916 15.252 -2.359 3.423 -0.025 -0.524
7.608 12.795 26.825 6.896 15.073 -1.678 3.087 -0.177 -0.447
7.440 13.125 26.726 7.378 15.425 -2.253 3.724 0.011 -0.668
7.520 12.859 27.336 7.199 15.624 -1.767 3.750 -0.159 -0.546
7.981 12.481 27.042 8.411 15.324 -1.834 3.816 -0.030 -0.687
7.675 12.234 26.709 8.649 15.318 -1.968 3.311 -0.203 -0.387
7.775 12.360 27.466 7.925 15.196 -2.015 3.253 -0.045 -0.492
7.447 12.671 26.911 8.087 15.284 -2.006 3.597 -0.204 -0.568
7.943 12.546 27.578 7.107 15.067 -1.170 3.076 -0.296 -0.381
7.893 12.849 27.106 8.143 15.429 -1.478 3.713 -0.419 -0.612
7.678 12.968 27.711 7.734 15.464 -1.702 3.918 -0.130 -0.671
7.581 12.800 27.298 7.224 15.023 -1.940 3.104 0.150 -0.550
7.581 12.979 27.185 6.488 15.394 -1.546 3.484 -0.327 -0.531
7.553 12.457 27.203 7.397 15.114 -1.704 2.759 -0.167 -0.314
7.821 12.560 27.810 7.327 14.909 -1.870 3.446 0.126 -0.705
7.784 12.973 27.585 7.449 15.189 -1.371 3.281 -0.361 -0.400
7.291 13.291 26.013 8.110 15.853 -1.768 3.973 -0.272 -0.651
7.525 12.392 27.104 8.396 15.337 -2.070 3.785 -0.138 -0.604
7.483 12.909 27.380 6.390 15.262 -1.869 3.389 -0.292 -0.450
7.688 12.524 27.800 6.576 15.331 -1.352 3.549 -0.292 -0.507
7.891 12.896 27.703 6.409 15.076 -1.314 3.156 -0.384 -0.423
7.455 12.460 26.848 7.215 14.866 -1.977 2.825 0.078 -0.481
7.677 13.094 27.521 7.025 15.308 -1.301 3.415 -0.460 -0.349
7.681 12.586 27.518 7.050 15.125 -1.558 2.997 -0.308 -0.316
7.555 12.649 27.286 8.111 15.370 -1.284 3.394 -0.404 -0.501
7.314 12.671 26.782 7.287 15.149 -2.258 3.092 -0.107 -0.403
7.480 13.239 26.701 7.748 15.564 -2.140 3.739 0.045 -0.640
7.636 12.254 26.847 6.419 15.349 -1.932 3.840 -0.070 -0.671
7.318 12.771 27.110 8.062 15.249 -1.961 3.531 -0.291 -0.522
7.556 12.961 26.813 7.403 15.076 -2.267 3.264 0.265 -0.739
7.339 12.995 26.935 6.625 14.956 -1.753 3.005 -0.287 -0.272
7.633 12.915 26.588 7.424 15.267 -1.573 3.396 -0.268 -0.541
7.396 12.968 26.343 6.383 15.047 -2.199 3.215 -0.116 -0.395
7.623 12.543 27.121 7.863 15.134 -1.252 2.899 -0.461 -0.217
7.683 12.569 27.086 6.696 14.888 -1.142 2.850 -0.513 -0.283
7.687 12.991 27.814 6.714 15.633 -1.432 3.689 -0.320 -0.498
7.952 12.627 28.074 7.302 15.169 -1.258 3.255 -0.456 -0.359
7.664 12.778 27.094 7.076 15.433 -1.646 3.646 -0.413 -0.384
7.595 12.967 27.934 7.564 14.833 -1.262 2.752 -0.460 -0.254
7.679 12.263 27.206 7.848 15.045 -1.893 2.972 -0.169 -0.356
7.519 12.911 26.881 7.266 15.287 -1.786 3.548 -0.139 -0.581
7.591 12.670 26.847 8.320 15.331 -2.302 3.510 0.135 -0.686
7.716 13.109 27.402 7.097 15.393 -1.497 3.589 -0.359 -0.350
7.508 12.973 27.500 7.077 15.339 -1.437 3.029 -0.430 -0.281
7.338 13.053 26.592 6.164 15.381 -2.054 3.279 -0.077 -0.456
7.440 13.125 26.726 7.378 15.425 -2.253 3.724 0.011 -0.668
7.189 12.889 25.931 7.782 15.079 -2.509 3.211 0.144 -0.563
7.440 12.623 27.284 9.413 15.491 -1.664 3.222 -0.330 -0.397
7.772 13.243 26.844 8.805 15.499 -1.786 3.539 -0.166 -0.513
7.684 12.848 27.478 7.177 15.301 -2.091 3.738 0.021 -0.717
7.658 12.962 26.838 7.406 15.525 -1.391 3.375 -0.427 -0.341
7.664 12.678 27.570 7.516 15.304 -1.606 3.392 -0.425 -0.432
7.433 12.318 26.812 7.048 15.247 -1.955 3.443 -0.160 -0.406
7.685 12.662 27.098 7.708 15.341 -1.825 3.607 -0.308 -0.454
7.648 12.885 26.847 6.911 15.252 -1.835 3.196 -0.184 -0.434
7.618 12.743 26.826 7.751 15.463 -1.963 3.724 0.031 -0.750
7.405 12.900 26.374 7.867 15.729 -2.046 3.804 -0.126 -0.619
7.343 12.856 26.682 6.566 14.924 -2.120 3.000 -0.123 -0.409
7.560 12.618 26.749 7.242 15.365 -1.606 3.338 -0.121 -0.481
7.483 12.909 27.380 6.390 15.262 -1.869 3.389 -0.292 -0.450
7.546 12.568 26.562 7.881 15.523 -1.427 3.365 -0.406 -0.366
7.609 12.783 27.719 7.680 15.162 -1.570 3.131 -0.135 -0.529
7.390 12.306 26.898 7.392 15.167 -2.269 3.505 0.014 -0.588
7.416 12.908 26.796 7.876 15.254 -1.636 3.047 -0.301 -0.264
7.756 12.701 27.149 8.224 15.324 -1.984 3.543 -0.067 -0.565
7.596 12.928 28.123 7.372 14.999 -1.540 3.177 -0.444 -0.386
7.678 12.795 27.927 7.803 14.882 -1.822 3.201 0.030 -0.580
7.893 12.849 27.106 8.143 15.429 -1.478 3.713 -0.419 -0.612
7.614 12.599 26.624 7.833 15.400 -1.843 3.335 -0.326 -0.415
7.741 12.711 27.405 8.092 15.182 -1.353 3.122 -0.318 -0.349
7.454 13.038 27.410 7.475 15.001 -1.507 2.924 -0.501 -0.248
7.479 12.597 27.347 7.499 15.386 -1.199 3.094 -0.594 -0.276
7.659 12.929 26.650 7.444 15.477 -2.353 3.687 0.006 -0.643
7.525 12.771 27.400 7.650 15.020 -2.086 3.191 0.027 -0.487
7.683 12.335 27.039 7.922 15.225 -2.188 3.515 0.029 -0.566
7.199 12.551 26.943 6.665 15.524 -1.933 3.492 -0.547 -0.209
7.641 12.501 26.551 7.223 14.998 -2.024 2.985 -0.201 -0.319
7.790 13.200 27.807 7.897 15.238 -1.222 3.403 -0.585 -0.412
7.655 12.664 26.902 8.578 15.192 -1.683 3.107 -0.139 -0.488
7.783 12.927 27.428 7.742 15.474 -1.456 3.623 -0.189 -0.578
7.617 12.724 27.206 7.512 15.068 -1.569 3.006 -0.104 -0.490
7.597 12.897 27.543 7.027 15.261 -1.391 3.368 -0.322 -0.506
7.860 12.929 26.958 7.601 15.428 -1.963 3.772 0.013 -0.743
7.456 12.432 27.324 7.496 15.112 -1.801 3.250 -0.153 -0.432
7.856 12.677 27.603 7.459 15.003 -1.616 3.181 -0.215 -0.387
7.340 12.940 26.165 7.959 15.473 -2.186 3.510 -0.089 -0.631
7.515 12.476 26.979 7.386 15.503 -1.495 3.676 -0.510 -0.399
7.724 12.617 27.751 7.322 15.003 -1.506 3.094 -0.203 -0.419
7.406 12.669 26.924 7.008 15.348 -2.020 3.703 -0.203 -0.618
7.831 12.573 27.421 8.065 14.589 -1.728 2.540 -0.310 -0.147
7.352 13.003 27.318 8.617 15.695 -1.897 3.936 -0.233 -0.608
7.339 12.995 26.935 6.625 14.956 -1.753 3.005 -0.287 -0.272
7.690 12.457 27.255 6.958 15.175 -1.857 3.169 -0.154 -0.418
7.687 12.590 27.549 7.388 15.069 -1.529 3.354 -0.445 -0.457
7.507 12.607 27.203 7.194 15.174 -2.209 3.573 0.018 -0.662
7.782 12.177 27.231 7.386 15.069 -2.029 3.247 0.052 -0.562
7.440 12.623 27.284 9.413 15.491 -1.664 3.222 -0.330 -0.397
7.546 13.166 26.915 7.726 15.425 -1.893 3.303 -0.133 -0.479
7.736 12.413 26.420 8.555 15.074 -2.042 3.073 -0.115 -0.383
7.434 12.610 26.410 7.362 15.111 -2.212 3.338 0.017 -0.494
7.552 12.598 26.861 7.109 15.173 -2.137 3.428 -0.007 -0.582
7.587 12.813 27.060 8.237 15.322 -1.632 3.008 -0.236 -0.376
7.821 13.199 27.239 7.529 15.260 -1.708 3.452 -0.245 -0.576
7.622 12.926 26.756 8.022 15.459 -1.460 3.413 -0.431 -0.405
7.599 13.156 26.629 7.217 15.497 -1.834 3.921 -0.281 -0.702
7.809 12.629 27.915 8.325 15.319 -0.693 3.359 -0.639 -0.420
7.682 12.830 26.941 7.073 15.301 -1.957 3.660 -0.095 -0.672
7.749 12.632 26.999 7.611 15.250 -1.986 3.709 -0.030 -0.742
7.576 13.106 26.980 7.492 15.791 -1.578 3.891 -0.252 -0.644
7.676 13.167 27.132 7.244 15.591 -1.712 3.505 -0.327 -0.460
7.644 12.946 26.971 7.906 15.194 -1.761 3.165 -0.158 -0.495
7.546 12.568 26.562 7.881 15.523 -1.427 3.365 -0.406 -0.366
7.752 12.681 27.436 6.143 15.332 -1.931 3.522 -0.012 -0.504
7.584 12.564 27.074 7.851 15.465 -1.852 3.491 -0.193 -0.524
7.678 12.743 27.518 7.888 15.332 -1.486 3.436 -0.266 -0.441
7.420 13.310 26.361 8.165 15.480 -1.778 3.425 -0.261 -0.435
7.725 12.418 27.362 9.299 15.161 -1.907 3.427 -0.161 -0.514
7.785 12.922 28.587 7.101 15.080 -1.370 3.180 -0.162 -0.465
7.681 12.663 27.205 7.568 14.930 -1.736 3.070 -0.032 -0.416
7.810 13.049 27.137 7.143 15.192 -1.784 3.387 -0.090 -0.562
7.676 13.102 27.055 7.739 15.259 -1.833 3.443 -0.095 -0.548
7.630 13.254 27.031 7.771 15.218 -1.804 3.342 -0.061 -0.601
7.796 12.834 28.173 7.853 15.250 -1.701 3.309 0.073 -0.549
7.543 12.570 27.110 7.508 15.411 -1.778 3.500 -0.085 -0.542
7.755 12.974 27.259 7.039 14.854 -1.808 3.055 -0.077 -0.512
7.543 12.941 27.589 6.309 15.122 -1.385 3.297 -0.339 -0.437
7.395 12.914 26.500 8.224 15.140 -1.849 3.071 -0.078 -0.487
7.678 12.589 26.583 7.615 15.636 -1.818 3.907 -0.260 -0.572
7.581 12.979 27.185 6.488 15.394 -1.546 3.484 -0.327 -0.531
7.671 12.829 27.227 8.133 15.254 -1.714 3.506 -0.079 -0.676
7.584 12.837 26.563 7.368 15.371 -1.475 3.422 -0.537 -0.325
7.396 12.800 26.959 6.961 15.349 -2.109 3.282 -0.089 -0.459
7.533 12.830 26.562 7.998 15.008 -2.332 3.199 0.128 -0.586
7.739 12.464 27.008 7.708 15.097 -1.770 3.161 -0.058 -0.526
7.686 12.450 27.529 8.272 15.385 -1.644 3.906 -0.236 -0.681
7.535 12.881 26.990 7.684 15.309 -2.105 3.690 0.174 -0.729
7.901 12.862 27.347 7.697 15.294 -1.435 3.299 -0.221 -0.485
7.618 12.769 26.525 8.545 15.666 -2.166 3.642 0.020 -0.608
7.672 12.471 27.697 7.690 15.178 -1.343 3.353 -0.360 -0.444
7.591 12.909 27.147 7.492 15.552 -1.882 3.842 -0.158 -0.647
7.538 12.755 27.107 7.958 14.998 -1.998 3.160 -0.048 -0.526
7.600 13.236 27.199 6.940 15.412 -2.039 3.703 -0.041 -0.733
7.780 12.711 27.330 7.651 15.533 -1.493 3.540 -0.318 -0.450
7.686 12.450 27.529 8.272 15.385 -1.644 3.906 -0.236 -0.681
7.486 12.732 27.532 6.793 14.959 -1.657 3.200 0.039 -0.517
7.252 12.565 27.278 6.888 15.121 -1.499 2.935 -0.562 -0.251
7.609 13.307 27.181 7.431 15.496 -1.839 3.623 0.004 -0.682
7.503 13.058 26.418 6.997 15.343 -1.835 3.424 -0.125 -0.627
7.661 12.860 26.990 8.092 15.412 -1.604 3.450 -0.220 -0.465
7.678 12.795 27.927 7.803 14.882 -1.822 3.201 0.030 -0.580
7.769 12.495 27.371 6.551 15.370 -1.326 3.573 -0.355 -0.473
7.906 13.007 27.696 7.114 15.309 -1.235 3.164 -0.412 -0.331
7.387 12.928 26.614 7.639 15.491 -2.322 3.625 0.163 -0.725
7.387 12.928 26.614 7.639 15.491 -2.322 3.625 0.163 -0.725
7.941 13.116 27.103 8.307 15.558 -1.385 3.559 -0.340 -0.533
7.580 13.071 27.460 6.992 15.271 -1.192 3.071 -0.569 -0.261
7.502 12.938 26.546 7.707 15.360 -1.804 3.417 -0.340 -0.341
7.458 12.688 26.717 7.834 15.307 -2.133 3.391 -0.112 -0.577
7.436 12.454 27.231 7.161 15.080 -2.000 3.439 -0.213 -0.542
7.769 12.495 27.371 6.551 15.370 -1.326 3.573 -0.355 -0.473
7.307 12.791 26.300 8.135 15.529 -1.850 3.714 -0.251 -0.588
7.543 13.129 26.851 6.748 15.583 -1.621 3.710 -0.364 -0.591
7.593 13.017 26.976 6.528 15.432 -1.768 3.302 -0.069 -0.520
7.782 12.177 27.231 7.386 15.069 -2.029 3.247 0.052 -0.562
7.689 12.827 26.742 7.775 14.774 -2.076 3.179 -0.056 -0.485
7.404 12.213 26.908 6.887 15.207 -2.204 3.604 -0.077 -0.642
7.687 12.924 27.557 7.078 15.251 -1.865 3.685 -0.064 -0.684
7.768 12.357 27.380 8.546 15.043 -1.983 3.416 0.013 -0.587
7.436 12.536 26.559 6.951 15.437 -1.974 3.648 -0.157 -0.523
7.681 12.171 27.557 5.990 15.282 -1.299 3.361 -0.382 -0.467
7.659 13.081 27.940 8.102 15.309 -1.394 3.561 -0.122 -0.673
7.586 12.684 26.879 8.761 15.637 -2.026 3.986 -0.093 -0.787
7.581 12.979 27.185 6.488 15.394 -1.546 3.484 -0.327 -0.531
7.587 12.744 26.785 7.760 15.073 -2.452 3.355 0.197 -0.649
7.424 12.965 26.533 7.514 15.275 -1.903 3.754 -0.217 -0.631
7.576 12.772 27.499 7.238 15.125 -1.628 3.456 -0.366 -0.471
7.445 12.778 26.775 7.522 15.371 -2.517 3.723 0.068 -0.572
7.794 12.631 27.500 5.771 14.990 -1.837 3.221 -0.055 -0.558
7.612 13.245 27.352 6.875 15.264 -1.780 3.360 -0.256 -0.426
7.824 12.470 27.594 6.357 15.101 -1.080 2.872 -0.444 -0.316
7.564 12.639 27.286 8.116 15.437 -1.704 3.755 -0.449 -0.478
7.686 12.926 26.531 8.707 15.338 -2.334 3.640 -0.012 -0.625
7.417 12.976 26.284 8.636 15.684 -2.327 4.187 -0.005 -0.819
7.189 12.889 25.931 7.782 15.079 -2.509 3.211 0.144 -0.563
7.456 12.432 27.324 7.496 15.112 -1.801 3.250 -0.153 -0.432
7.662 12.840 27.809 7.470 15.629 -1.213 3.731 -0.354 -0.625
7.537 12.484 27.795 7.257 15.216 -1.191 3.342 -0.501 -0.330
7.391 12.999 26.880 8.112 15.637 -1.932 3.562 -0.295 -0.490
7.687 12.795 27.461 6.642 15.286 -1.522 3.479 -0.409 -0.373
7.791 13.069 27.327 8.193 15.492 -1.456 3.524 -0.368 -0.464
7.502 12.938 26.546 7.707 15.360 -1.804 3.417 -0.340 -0.341
7.326 12.858 26.229 7.712 15.797 -1.803 3.833 -0.459 -0.446
7.690 12.667 27.003 8.063 15.352 -1.814 3.732 -0.228 -0.531
7.506 13.090 26.641 7.170 15.199 -2.210 3.529 -0.044 -0.653
7.463 12.830 26.180 8.042 15.429 -2.075 3.509 -0.162 -0.492
7.403 13.177 25.971 8.667 15.691 -1.885 3.575 -0.247 -0.500
7.682 12.671 27.709 7.380 15.173 -1.582 3.178 -0.126 -0.499
7.579 12.902 26.680 8.052 15.249 -2.049 3.435 -0.101 -0.585
7.858 12.606 26.963 7.448 15.268 -1.635 3.273 -0.250 -0.415
7.686 12.427 26.921 8.314 15.055 -1.894 3.143 -0.264 -0.374
7.813 12.614 27.215 8.049 15.350 -1.758 3.516 -0.234 -0.489
7.688 13.030 27.465 8.219 15.724 -1.401 3.780 -0.392 -0.536
7.455 12.460 26.848 7.215 14.866 -1.977 2.825 0.078 -0.481
7.509 12.985 27.601 7.858 14.999 -1.476 3.058 -0.446 -0.275
7.505 12.414 26.347 7.674 15.616 -2.432 4.210 -0.037 -0.748
7.623 12.241 26.178 9.885 15.284 -1.949 3.468 -0.088 -0.511
7.692 12.715 26.195 7.305 15.253 -2.136 3.641 -0.174 -0.642
7.772 13.171 26.642 7.809 15.516 -1.703 3.819 -0.160 -0.751
7.542 12.767 26.252 7.739 14.982 -2.526 3.223 0.199 -0.634
7.341 12.918 26.518 7.663 15.557 -2.178 3.571 -0.059 -0.550
7.841 13.226 26.499 8.155 15.925 -1.636 3.916 -0.167 -0.655
7.406 12.669 26.924 7.008 15.348 -2.020 3.703 -0.203 -0.618
7.860 12.585 27.277 7.239 15.129 -1.391 3.281 -0.409 -0.431
7.867 13.100 27.585 6.771 15.143 -1.463 2.949 -0.085 -0.375
7.833 12.821 26.855 8.685 15.215 -1.372 3.005 -0.366 -0.357
7.564 12.749 26.093 6.872 15.480 -2.538 3.728 0.189 -0.713
7.685 12.740 26.446 8.842 15.510 -1.342 3.373 -0.433 -0.374
7.823 12.983 27.367 7.437 15.237 -1.547 3.519 -0.170 -0.610
7.686 12.724 27.694 6.923 15.156 -1.351 2.931 -0.305 -0.273
7.929 12.678 27.680 7.029 14.989 -1.784 3.483 -0.133 -0.575
7.677 13.348 26.806 7.618 15.378 -1.570 3.281 -0.433 -0.359
7.221 12.794 27.044 6.765 15.517 -2.248 3.549 -0.058 -0.573
7.240 12.845 27.021 7.529 15.402 -1.483 3.423 -0.390 -0.488
7.313 13.173 26.186 7.012 15.417 -2.150 3.926 -0.243 -0.635
7.398 12.987 26.884 6.524 15.598 -1.336 3.332 -0.385 -0.433
7.679 12.294 27.803 7.099 14.988 -2.212 3.453 0.014 -0.567
7.766 12.892 27.258 6.685 15.044 -1.647 3.130 -0.210 -0.383
7.519 12.741 26.889 7.748 15.246 -1.488 3.029 -0.256 -0.408
7.324 13.266 26.656 7.500 15.380 -1.518 3.350 -0.347 -0.458
7.674 12.587 27.715 7.535 15.046 -1.960 3.365 0.012 -0.576
7.744 12.929 27.888 7.662 15.177 -1.651 3.352 -0.165 -0.586
7.427 12.755 26.811 7.308 15.062 -2.485 3.194 0.260 -0.663
7.551 13.318 27.247 7.239 15.339 -2.102 3.747 -0.116 -0.648
7.637 12.738 27.508 7.241 15.309 -1.324 3.351 -0.352 -0.463
7.609 13.307 27.181 7.431 15.496 -1.839 3.623 0.004 -0.682
7.680 13.354 27.341 6.904 15.730 -1.379 3.357 -0.337 -0.393
7.506 12.494 27.268 7.188 15.452 -1.436 3.464 -0.398 -0.368
7.681 13.257 27.718 6.812 15.267 -1.997 3.531 -0.076 -0.526
7.751 12.900 26.957 7.657 15.436 -1.200 3.349 -0.334 -0.505
7.483 12.909 27.380 6.390 15.262 -1.869 3.389 -0.292 -0.450
7.764 12.495 26.935 8.093 15.383 -1.430 3.362 -0.344 -0.425
7.252 12.565 27.278 6.888 15.121 -1.499 2.935 -0.562 -0.251
7.382 12.919 26.491 7.431 15.283 -2.562 3.802 0.024 -0.745
7.605 12.828 26.980 7.220 14.993 -2.074 3.248 -0.151 -0.490
7.685 12.662 27.098 7.708 15.341 -1.825 3.607 -0.308 -0.454
8.154 12.918 27.145 7.431 15.332 -1.455 3.379 -0.139 -0.502
7.819 12.393 26.900 8.312 15.224 -1.987 3.539 0.166 -0.672
7.531 13.077 26.304 8.476 15.398 -2.382 3.755 0.044 -0.696
8.086 12.864 27.528 8.361 15.286 -1.466 3.289 -0.216 -0.502
7.506 13.090 26.641 7.170 15.199 -2.210 3.529 -0.044 -0.653
7.659 12.855 27.987 5.739 15.032 -1.551 3.107 -0.186 -0.448
7.685 12.662 27.098 7.708 15.341 -1.825 3.607 -0.308 -0.454
7.529 13.043 26.654 7.868 15.413 -2.087 3.591 0.170 -0.724
7.686 13.023 27.729 7.735 15.497 -1.093 3.392 -0.466 -0.321
7.508 12.712 26.378 6.939 15.168 -2.046 3.184 -0.097 -0.456
7.485 12.659 27.466 8.335 15.089 -1.625 3.174 -0.537 -0.247
7.534 12.249 26.927 7.858 14.960 -1.773 2.866 -0.274 -0.304
7.543 12.941 27.589 6.309 15.122 -1.385 3.297 -0.339 -0.437
7.875 12.790 27.164 7.132 15.246 -2.075 3.504 0.201 -0.720
7.712 12.673 26.964 7.895 15.357 -1.619 3.340 -0.227 -0.421
7.480 13.239 26.701 7.748 15.564 -2.140 3.739 0.045 -0.640
7.393 12.368 25.396 7.388 15.412 -2.672 3.752 0.245 -0.795
7.458 12.688 26.717 7.834 15.307 -2.133 3.391 -0.112 -0.577
7.684 12.763 27.509 6.501 15.492 -1.793 3.823 -0.242 -0.563
7.215 13.009 26.703 6.679 15.642 -2.227 3.807 -0.037 -0.687
7.618 12.769 26.525 8.545 15.666 -2.166 3.642 0.020 -0.608
8.086 12.864 27.528 8.361 15.286 -1.466 3.289 -0.216 -0.502
7.674 12.869 27.084 7.072 15.234 -1.600 3.504 -0.292 -0.528
7.480 13.239 26.701 7.748 15.564 -2.140 3.739 0.045 -0.640
7.678 12.847 27.234 7.176 15.030 -2.079 3.407 -0.092 -0.579
7.455 12.803 27.025 7.400 15.470 -1.937 3.627 -0.256 -0.515
7.353 13.323 26.673 6.680 15.508 -1.708 3.363 -0.515 -0.290
7.473 12.942 26.112 7.398 15.310 -2.141 3.511 -0.078 -0.538
7.618 12.769 26.525 8.545 15.666 -2.166 3.642 0.020 -0.608
7.680 13.436 26.413 6.386 15.342 -1.891 3.467 -0.133 -0.576
7.681 12.963 27.198 6.603 15.250 -1.439 3.642 -0.426 -0.540
7.740 12.703 27.197 7.519 15.373 -2.012 3.584 -0.055 -0.527
7.821 13.199 27.239 7.529 15.260 -1.708 3.452 -0.245 -0.576
7.612 13.245 27.352 6.875 15.264 -1.780 3.360 -0.256 -0.426
7.367 12.821 26.407 8.138 15.525 -1.821 3.567 -0.258 -0.487
7.233 12.739 26.352 7.403 15.551 -2.139 3.676 -0.274 -0.476
7.518 12.724 27.004 8.074 15.349 -1.234 3.134 -0.616 -0.194
7.680 12.931 27.392 7.452 15.219 -1.735 3.186 -0.149 -0.411
7.335 12.781 26.913 7.592 15.393 -1.399 3.267 -0.496 -0.259
7.517 12.798 26.884 6.514 15.408 -1.856 3.662 -0.291 -0.498
7.534 12.249 26.927 7.858 14.960 -1.773 2.866 -0.274 -0.304
7.632 12.308 26.849 8.350 15.526 -2.108 3.873 -0.116 -0.617
7.584 12.837 26.563 7.368 15.371 -1.475 3.422 -0.537 -0.325
7.382 12.919 26.491 7.431 15.283 -2.562 3.802 0.024 -0.745
7.401 13.199 25.769 7.998 15.532 -2.070 3.680 -0.160 -0.562
7.555 12.870 27.113 8.765 15.322 -1.401 3.496 -0.366 -0.442
7.810 13.049 27.137 7.143 15.192 -1.784 3.387 -0.090 -0.562
7.886 12.820 26.994 8.726 15.518 -1.569 3.444 0.000 -0.590
7.619 12.336 27.281 8.587 15.352 -1.589 3.630 -0.312 -0.553
7.526 12.479 27.651 8.592 15.121 -1.109 2.989 -0.586 -0.222
7.505 12.414 26.347 7.674 15.616 -2.432 4.210 -0.037 -0.748
7.866 12.644 27.796 7.601 15.169 -1.280 3.267 -0.251 -0.460
7.678 12.699 27.259 7.217 15.193 -2.168 3.668 0.069 -0.701
7.940 12.796 27.266 6.843 15.643 -1.580 3.672 -0.103 -0.574
7.690 12.667 27.003 8.063 15.352 -1.814 3.732 -0.228 -0.531
7.117 12.860 25.856 8.545 15.382 -2.176 3.502 -0.071 -0.581
8.214 12.798 28.040 6.835 15.147 -1.498 3.448 -0.103 -0.579
7.672 13.031 27.173 7.989 15.060 -2.045 3.236 0.007 -0.542
7.646 12.997 26.947 7.748 15.555 -2.082 3.848 0.115 -0.719
7.680 13.048 27.536 7.447 15.205 -1.831 3.614 -0.134 -0.619
7.681 12.586 27.518 7.050 15.125 -1.558 2.997 -0.308 -0.316
7.724 12.617 27.751 7.322 15.003 -1.506 3.094 -0.203 -0.419
7.491 12.568 26.934 8.184 15.097 -2.172 3.553 -0.201 -0.516
7.819 12.393 26.900 8.312 15.224 -1.987 3.539 0.166 -0.672
6.853 12.852 25.746 8.089 15.635 -2.405 3.678 -0.394 -0.349
7.318 12.771 27.110 8.062 15.249 -1.961 3.531 -0.291 -0.522
7.307 12.478 26.488 7.626 15.382 -1.982 3.457 -0.253 -0.451
7.623 12.282 27.839 7.373 15.158 -1.870 3.402 0.012 -0.633
7.519 12.911 26.881 7.266 15.287 -1.786 3.548 -0.139 -0.581
7.607 13.249 27.810 7.586 15.428 -1.371 3.782 -0.451 -0.636
7.537 13.139 26.882 7.334 15.359 -1.712 3.637 -0.290 -0.578
7.816 12.153 27.553 6.951 15.262 -1.540 3.323 -0.080 -0.543
7.549 12.711 26.831 7.287 15.273 -1.471 3.231 -0.368 -0.386
7.687 12.991 27.814 6.714 15.633 -1.432 3.689 -0.320 -0.498
7.609 13.227 26.976 8.354 15.348 -1.540 3.544 -0.297 -0.611
7.566 12.848 27.093 6.785 14.837 -2.549 3.315 0.330 -0.766
7.529 13.043 26.654 7.868 15.413 -2.087 3.591 0.170 -0.724
7.919 12.867 28.126 6.858 15.485 -1.223 3.624 -0.293 -0.545
7.687 12.991 27.814 6.714 15.633 -1.432 3.689 -0.320 -0.498
7.789 12.872 27.434 6.887 15.279 -1.868 3.356 -0.267 -0.372
7.680 12.865 28.173 7.904 15.431 -1.447 3.452 -0.399 -0.417
7.523 12.443 26.166 8.164 15.414 -2.325 3.801 -0.127 -0.544
7.602 13.121 26.699 7.814 15.466 -1.647 3.639 -0.139 -0.635
7.317 13.208 26.694 7.373 15.643 -1.923 3.928 -0.046 -0.711
7.688 12.711 26.849 6.944 15.494 -1.644 3.379 -0.286 -0.429
7.580 12.636 26.683 8.316 15.616 -1.851 3.792 -0.196 -0.638
7.497 12.731 27.223 7.701 15.521 -2.060 3.631 -0.136 -0.625
7.672 13.214 27.317 7.774 15.519 -1.599 3.316 -0.277 -0.424
7.367 12.821 26.407 8.138 15.525 -1.821 3.567 -0.258 -0.487
7.353 13.323 26.673 6.680 15.508 -1.708 3.363 -0.515 -0.290
7.683 12.541 27.203 6.419 14.545 -1.720 2.658 -0.088 -0.383
7.683 12.569 27.086 6.696 14.888 -1.142 2.850 -0.513 -0.283
7.523 12.414 27.380 5.922 15.177 -1.522 3.183 -0.281 -0.427
7.567 12.745 26.763 7.337 15.342 -1.477 3.555 -0.403 -0.511
7.674 12.587 27.715 7.535 15.046 -1.960 3.365 0.012 -0.576
7.622 12.930 27.207 6.315 15.281 -1.480 3.225 -0.271 -0.500
7.563 12.912 27.005 6.830 15.136 -2.192 3.226 -0.040 -0.468
7.651 13.176 26.947 8.597 15.171 -1.723 3.278 -0.323 -0.414
7.505 12.414 26.347 7.674 15.616 -2.432 4.210 -0.037 -0.748
7.695 12.663 27.661 7.262 15.052 -1.575 3.201 -0.378 -0.385
7.517 13.009 26.576 7.939 15.385 -1.782 3.484 -0.202 -0.472
7.805 12.523 27.581 7.209 15.514 -1.152 3.621 -0.254 -0.591
7.683 12.774 26.587 8.402 15.284 -2.368 3.473 0.108 -0.684
7.655 12.614 26.529 8.397 14.970 -2.007 3.073 -0.060 -0.548
7.686 12.835 28.021 6.087 15.438 -1.572 3.630 -0.153 -0.591
7.848 12.751 28.343 6.762 14.952 -1.563 3.171 -0.194 -0.409
7.401 13.098 26.423 6.930 15.517 -2.183 3.517 -0.102 -0.564
7.809 12.580 26.521 7.477 15.119 -2.331 3.249 0.005 -0.439
7.320 12.572 26.579 8.291 15.051 -2.176 3.100 -0.289 -0.251
7.334 12.583 26.477 8.192 15.612 -2.037 3.729 -0.174 -0.616
7.525 12.507 26.344 8.065 15.573 -2.549 3.975 0.231 -0.824
7.893 12.849 27.106 8.143 15.429 -1.478 3.713 -0.419 -0.612
7.677 12.469 26.572 8.525 15.171 -2.106 3.190 -0.015 -0.425
7.417 12.976 26.284 8.636 15.684 -2.327 4.187 -0.005 -0.819
7.812 12.493 27.442 7.993 15.473 -1.447 3.628 -0.336 -0.454
