7.340904 113.771655
7.353699 108.638358
7.456238 116.743126
7.673447 116.603555
7.894341 120.440684
7.671616 116.726442
7.524811 117.186773
7.436234 115.374463
7.771729 120.456897
7.795258 117.223817
7.761497 119.185298
7.606453 115.579215
7.490936 113.090643
7.326324 115.735636
7.569168 117.376225
7.808670 118.060771
7.482216 114.122494
7.458481 114.167691
7.680885 117.029636
7.757950 121.132589
7.667450 116.317357
7.622749 116.509714
7.439415 113.120021
7.452049 113.861895
8.214432 124.424206
7.983398 122.143718
7.686035 118.123374
7.678734 117.256000
7.854126 121.267673
7.737442 115.584956
7.744606 117.682165
7.763901 119.431709
7.522499 113.761434
7.613777 115.812042
7.681046 116.504693
7.168259 109.352846
7.372536 114.537574
7.478531 115.064098
7.678368 118.734952
7.423508 113.391732
7.648132 116.524369
7.481255 116.089595
7.608353 116.369236
7.546852 113.566648
8.065247 123.488269
7.432892 114.409132
7.952339 120.629027
7.505836 114.079591
7.609474 116.793794
7.426781 114.927788
7.493408 115.622739
7.684708 117.056944
7.385216 113.053842
7.400505 114.944385
7.243835 110.242433
7.788185 120.988175
7.481255 116.089595
7.670723 117.011427
7.617371 115.254146
7.836136 120.608143
7.808670 118.060771
7.674843 117.566903
7.761635 120.020211
7.567360 115.074555
7.644196 116.149708
7.582466 116.877446
7.596382 113.940654
7.485741 111.981418
7.680542 118.558823
7.679970 116.878304
7.655273 116.296259
7.403297 116.163331
7.555779 113.913911
7.783195 118.789226
7.440010 115.340220
7.240128 111.509016
7.416458 113.127656
7.346191 114.847197
7.782967 120.432719
7.674797 115.644446
7.436531 113.903624
7.439827 114.761704
7.691689 119.631512
7.441383 114.534711
7.561775 115.205411
7.586540 114.349258
7.313713 109.786640
7.334175 114.503570
7.736160 116.611529
7.569351 115.940518
7.658958 117.251185
7.681458 117.688183
7.441383 114.534711
7.371643 112.258582
7.505539 115.973644
7.424835 113.668720
7.681091 116.178746
7.781937 120.231657
7.391922 112.343059
7.463196 115.151885
7.688210 119.120627
7.680084 115.109297
7.613777 115.812042
7.718628 117.376713
7.436806 114.502099
7.497116 116.365546
7.525795 113.798397
7.304192 112.835929
7.813042 119.930662
7.628334 113.842116
7.810089 118.649149
7.677567 116.645229
7.681503 115.970648
7.533394 115.598339
7.847443 116.667769
7.693428 118.788549
7.482903 114.201548
7.783928 118.232040
7.530739 116.349863
7.430077 113.441779
7.687912 117.865896
7.444611 115.660915
7.485970 117.278072
7.427032 112.495301
7.785233 118.124734
7.582855 118.748944
7.687271 118.377277
7.313713 109.786640
7.565140 115.887107
7.821190 119.354304
7.321793 113.124415
7.485970 117.278072
7.537491 115.768654
7.523026 115.852461
7.784042 118.956265
7.563972 113.676030
7.687317 116.258439
7.740990 113.888551
7.789398 119.944961
7.677017 116.841092
7.529526 115.161823
7.638222 117.697995
7.680885 117.029636
7.768250 116.861467
7.478531 115.064098
7.871567 118.745138
7.648132 116.524369
7.626183 117.808808
7.896973 118.624421
7.450447 115.110210
7.589607 114.724793
7.778137 120.456567
7.562714 114.469318
7.611168 117.771634
7.433556 112.330142
7.507507 113.875634
7.768547 121.341225
7.752937 118.935862
7.452049 113.861895
7.530693 115.954744
7.682236 116.562964
7.510277 113.748398
7.314217 110.801156
7.608215 116.079710
7.978088 120.261546
7.682991 114.385845
7.586082 117.251662
7.306732 112.394690
7.477455 116.655956
8.214432 124.424206
7.534218 112.712129
7.631149 117.682059
7.462029 112.180246
7.341248 114.357353
7.421150 113.303126
7.586082 117.251662
7.619179 116.528852
7.569168 117.376225
7.683174 116.089266
7.497231 114.866009
7.302612 112.294804
7.811966 120.873128
7.818924 118.726304
7.691803 119.306209
7.879349 120.488735
7.541702 112.992799
7.855476 121.750115
7.816154 119.286924
7.658546 118.531013
7.745110 120.211155
7.516823 115.644296
7.621719 117.824142
7.531540 116.262406
7.444611 115.660915
7.604691 114.018265
7.808945 119.626805
7.609245 116.639743
7.610527 118.389828
7.690292 117.341844
7.378647 113.636308
7.810089 118.649149
7.683678 117.371320
7.468117 113.023824
7.978088 120.261546
7.747650 117.346166
7.433556 112.330142
7.682098 115.940088
7.856117 117.865601
7.551498 115.829011
7.608353 116.369236
7.522751 114.170509
7.462395 112.134934
8.063599 118.791620
7.649734 116.757233
7.378647 113.636308
7.532364 115.289085
7.686607 117.230986
7.439415 113.120021
7.689468 115.430642
7.712448 118.699139
7.395584 111.278360
7.587112 115.997397
7.462029 112.180246
7.789742 117.434357
7.867287 119.135628
7.680084 115.109297
7.357658 113.507091
7.679810 118.506990
7.273567 111.781411
7.435867 112.133919
7.645683 116.993235
7.439827 114.761704
7.617165 114.773768
7.686470 115.723084
7.623390 115.369984
7.875778 123.252416
7.687523 118.288386
7.683174 116.089266
7.524971 113.298987
7.319504 110.166274
7.888115 115.604315
7.680565 117.376083
7.820984 116.606372
7.825653 121.314037
7.691597 117.539952
7.068947 108.457595
7.439827 114.761704
7.517143 116.632218
7.510437 114.830492
7.592537 112.446530
7.687340 115.842589
7.638222 117.697995
7.684456 119.047375
7.315475 115.222984
7.631149 117.682059
7.716454 118.783067
7.804527 121.077566
7.496773 115.359372
7.391464 115.576673
7.238068 112.756217
7.681435 114.971627
7.693428 118.788549
7.832451 117.578349
7.554337 118.254432
7.837601 120.868886
7.532364 115.289085
7.618057 119.342279
7.680084 115.109297
7.777336 120.250416
7.681320 116.505440
7.594414 114.757726
7.772049 120.588332
7.718628 117.376713
7.681618 115.375850
7.587799 114.354002
7.884384 118.061116
7.685760 118.246553
7.677429 119.425862
7.410576 112.642766
7.492973 116.931225
7.674454 117.279495
7.652573 114.907311
7.392883 113.343797
7.410576 112.642766
7.793793 118.849456
7.668297 114.212779
7.351593 115.381830
7.568939 117.491952
7.542709 113.307072
7.306732 112.394690
7.676926 116.465706
7.784775 117.738785
7.681503 115.970648
7.903130 121.447448
7.273567 111.781411
7.454155 111.816983
7.761635 120.020211
7.981407 121.089841
7.670013 118.193677
7.920639 121.929476
7.400505 114.944385
7.468597 113.843502
7.690292 117.341844
7.456238 116.743126
7.680794 115.718024
7.682899 117.427464
7.251778 109.655960
7.819382 119.946959
7.689354 115.690430
7.664131 117.290442
7.552322 118.718916
7.681435 114.971627
7.768456 115.319181
7.656097 113.453408
7.608353 116.369236
7.674065 115.962411
7.343307 114.984424
7.582581 113.879773
7.312180 111.187529
7.875778 123.252416
7.761635 120.020211
7.462051 114.556785
7.564133 117.091756
7.675896 117.501325
7.688347 119.053689
7.463837 114.874395
7.617348 117.333645
7.822723 119.191003
7.615768 116.093300
7.657562 118.881026
7.492973 116.931225
7.674454 116.915166
7.686035 117.702130
7.780518 118.002054
7.612038 117.103632
7.638222 117.697995
7.677887 115.276605
7.459511 112.849644
7.679649 114.863022
7.667519 118.731605
7.702652 115.777404
7.724098 115.885284
7.628334 113.842116
7.394073 114.791090
7.781937 120.231657
7.623390 115.369984
7.678528 117.096568
7.617348 117.333645
7.694916 115.822293
7.594414 114.757726
7.677956 115.401042
7.360039 111.814131
7.515495 112.945151
7.381439 110.237005
7.967857 121.674102
7.677155 117.522089
7.445343 114.446006
7.680359 120.813761
7.433533 115.278209
7.721214 119.065772
7.784042 118.956265
7.758980 117.044890
7.678505 118.080278
7.606384 116.365119
7.278694 109.157448
7.796196 117.125422
7.479996 116.420042
7.779236 116.925381
7.540627 114.622902
7.752594 117.709992
7.623825 114.451441
8.045746 123.804700
7.779808 120.843596
7.797066 117.036257
7.681183 117.006400
7.674797 115.644446
7.421150 113.303126
7.686607 120.166874
7.319504 110.166274
7.682098 115.940088
7.344154 116.512397
7.517235 114.710388
7.499176 113.920822
7.497231 114.866009
7.866280 119.321000
7.686333 116.424676
7.744102 117.535450
7.687271 117.509121
8.063599 118.791620
7.503387 115.125071
7.676926 116.465706
7.534836 115.347041
7.773674 118.658437
7.577797 113.182196
7.497231 114.866009
7.802032 119.293179
7.532364 115.289085
7.789536 118.700143
7.660973 118.071227
7.821190 119.354304
7.678368 118.734952
7.681320 116.505440
7.517212 115.876704
7.572762 118.138278
7.681114 117.972223
7.652573 114.907311
7.728607 121.068363
7.487640 115.821899
7.475418 115.195677
7.485741 114.298551
7.679970 116.878304
7.467064 114.103001
7.545822 116.392375
7.406982 112.565944
7.947006 118.642412
7.554337 118.254432
7.677887 120.511159
7.359558 112.388490
7.608902 115.369777
7.686035 117.702130
7.922516 121.453707
7.594803 117.707693
7.872734 120.209749
7.822723 119.191003
7.740349 115.054404
7.745110 120.211155
7.471664 114.757519
7.958748 120.194189
7.622131 116.474321
7.586678 116.246845
7.579742 118.366019
7.404602 115.940728
7.667450 116.317357
6.969841 107.068904
7.318268 110.497452
7.612038 116.191807
7.901001 121.902826
7.677429 119.263778
7.679100 115.531477
7.851608 117.698812
7.612038 117.103632
7.770950 118.032974
7.312408 112.859257
7.681618 114.695297
7.432846 113.434782
7.435867 112.133919
7.424583 114.840111
7.851608 117.698812
7.417259 116.335269
7.351593 115.381830
7.951515 119.992573
7.918190 117.842596
7.978088 120.261546
7.528702 116.041740
7.686035 118.123374
7.857697 119.967909
7.666580 117.489671
7.462029 111.982984
7.640762 114.596222
7.636574 116.911381
7.068947 108.457595
8.009056 122.700280
7.756645 116.807970
7.487640 115.821899
7.741104 116.969914
7.677429 119.425862
7.688347 119.053689
7.328339 113.610185
7.455002 113.023515
6.853249 107.152132
7.893379 121.788571
7.549324 115.300573
7.702400 117.212619
7.682098 115.940088
7.336533 113.730366
7.880928 121.231711
7.920639 121.929476
7.458481 114.167691
7.818924 118.726304
7.677567 116.645229
7.459511 112.849644
7.779236 116.925381
7.525795 113.798397
7.582581 116.511692
7.432892 114.409132
7.872734 120.209749
7.654633 114.588566
7.774109 119.679714
7.722794 116.116154
7.807732 119.236390
7.583290 114.482490
7.662621 117.940341
7.674065 115.962411
7.424583 114.840111
7.638336 116.103271
7.638336 116.103271
7.949020 121.574175
7.306686 113.461902
7.537491 115.768654
7.615768 116.093300
7.940826 123.545727
7.505470 117.207831
7.483131 114.483370
7.636986 116.423781
7.693634 118.103464
7.639801 114.565651
7.831467 114.250379
7.068947 108.457595
7.837601 120.868886
7.439621 115.245303
7.504074 114.187921
7.607620 116.124456
7.336533 113.730366
8.085686 123.599128
7.555779 113.913911
7.243835 110.242433
7.473358 114.415857
7.427032 112.495301
7.640762 114.596222
7.391464 115.576673
7.674156 117.619598
7.833870 117.592920
7.565140 115.887107
7.836136 120.608143
7.816292 117.909758
7.568939 117.491952
7.647400 116.025976
7.841446 117.330167
7.788185 120.988175
7.454865 115.081585
7.463837 114.874395
7.625885 118.231367
7.355392 114.699630
7.813980 121.316891
7.028275 110.591666
7.665825 117.152931
7.672852 118.317641
7.487640 115.821899
7.749390 118.180364
7.686630 116.237018
7.855476 121.750115
7.636276 117.160226
7.414032 110.650928
7.780518 118.002054
7.813042 119.930662
7.687065 114.867349
7.492973 116.931225
7.949020 121.574175
7.685188 117.898309
7.554337 118.254432
7.312408 112.859257
7.641724 113.717773
7.366150 112.716852
7.485695 114.461630
7.683174 116.089266
7.851608 117.698812
7.674797 115.644446
7.689354 115.690430
7.677887 120.511159
7.967857 121.674102
7.501602 115.226331
7.682877 117.586634
7.674843 117.566903
7.587410 114.568461
7.582855 118.748944
7.850555 121.228081
7.681320 116.505440
7.490936 113.090643
7.485695 114.461630
7.706657 117.941444
7.648888 115.756060
7.615768 116.093300
7.677429 119.425862
7.344200 113.443165
7.561249 113.082917
7.647400 116.025976
7.510277 113.748398
7.631973 118.496185
7.502335 114.117937
7.804779 115.395927
7.520622 113.620725
7.508469 115.172719
7.391922 112.343059
7.737442 115.584956
7.658546 118.531013
7.509338 112.633158
7.599266 117.763465
7.686607 120.166874
7.808670 118.060771
7.594254 116.857378
7.639801 114.565651
7.534836 115.347041
7.468597 113.843502
7.681206 114.681372
7.540627 114.622902
8.065659 123.758762
7.682877 120.595267
7.706657 117.941444
7.415703 114.004025
7.691734 117.321935
7.784775 117.738785
7.582581 116.511692
7.686722 115.163305
7.981293 122.304865
7.492973 116.931225
7.686630 116.237018
7.587410 114.568461
7.757950 121.132589
7.949020 121.574175
7.463837 114.874395
7.804070 118.616429
7.359558 112.388490
7.768547 121.341225
7.617165 114.773768
7.497116 116.365546
7.677544 118.117493
7.906265 121.034943
7.674797 115.644446
7.469444 111.912275
7.900772 120.832229
7.785233 118.124734
7.676102 119.680911
7.774109 119.679714
7.740875 116.744109
7.857101 119.396254
7.690338 116.703126
7.727921 118.512349
7.906929 120.206912
7.825424 120.287458
7.929153 118.851158
7.837601 120.868886
7.579445 115.580147
7.907730 119.063800
7.238068 112.756217
7.772049 120.588332
7.769897 118.144884
7.482903 114.201548
7.487640 115.821899
7.761635 120.020211
7.360039 111.814131
7.465050 113.858507
7.608398 114.684211
7.439827 114.761704
7.520325 117.496178
7.981293 122.304865
7.674843 117.566903
7.774521 118.139709
7.447380 113.824813
7.943047 119.680182
7.893379 121.788571
7.678368 118.734952
7.580612 113.880766
7.580658 116.693307
7.553284 114.160692
7.820984 116.606372
7.783928 118.232040
7.291328 115.589726
7.524994 115.407836
7.482903 114.201548
7.687912 117.865896
7.890793 118.959255
7.454773 110.824148
7.677155 117.522089
7.681091 116.178746
7.554886 116.121930
7.314217 110.801156
7.479996 116.420042
7.635590 117.200609
7.318245 111.599169
7.555779 113.913911
7.338593 109.752399
7.633301 116.539482
7.395584 111.278360
7.623390 115.369984
7.682991 114.385845
7.686607 120.166874
7.952339 120.629027
7.663948 118.278603
7.595398 112.661105
7.679100 115.531477
7.519226 114.944978
7.590569 116.374034
7.716454 118.783067
7.508469 115.172719
7.338089 112.869276
7.439827 114.761704
7.189087 108.405102
7.439621 115.245303
7.771729 120.456897
7.684204 117.578136
7.657562 118.881026
7.664131 117.290442
7.432571 113.327776
7.685188 117.898309
7.648224 116.649810
7.617737 117.795114
7.404579 116.463396
7.342896 109.582967
7.560173 116.160523
7.482903 114.201548
7.546440 117.146188
7.608902 115.369777
7.389931 112.084368
7.416458 113.127656
7.755867 118.851277
7.596382 113.940654
7.677589 114.258545
7.893379 121.788571
7.613686 117.251034
7.741196 117.524301
7.454155 111.816983
7.478531 115.064098
7.658546 118.531013
7.524651 113.020777
7.682877 116.968683
7.198563 111.750831
7.640762 114.596222
7.789536 118.700143
7.655273 116.296259
7.782967 120.432719
7.617165 114.773768
7.597366 115.947110
7.860352 121.271660
7.455734 112.669111
7.856117 117.865601
7.340080 113.572271
7.514877 116.500917
7.724098 115.885284
7.405930 113.669260
7.831467 114.250379
7.351593 115.381830
7.338593 109.752399
7.690338 116.703126
7.687340 115.842589
7.506706 113.905149
7.781891 117.262149
7.439621 115.245303
7.545822 116.392375
7.736160 116.611529
7.433556 112.330142
7.551682 114.581857
7.586678 116.246845
7.821190 119.354304
7.621719 117.824142
7.599266 117.763465
7.808945 119.626805
7.681824 117.536826
7.749390 118.180364
7.576126 119.631571
7.676102 119.680911
7.644196 116.149708
7.546440 117.146188
7.751884 118.852131
7.583633 117.284127
7.678047 117.719581
7.419548 114.855651
7.724579 117.116186
7.785210 117.400087
7.681206 114.681372
7.810089 118.649149
7.676079 117.129014
7.629616 116.106831
7.796150 118.888056
7.542732 116.244574
7.755318 115.197656
7.542686 114.063584
7.394897 111.962206
7.677567 120.046874
7.580658 116.693307
7.670723 117.011427
7.583954 116.573289
7.396179 113.527277
7.532822 113.049346
7.739136 116.838586
7.685760 118.246553
7.534836 115.347041
7.900772 120.832229
7.618057 119.342279
7.672325 116.454373
7.591393 118.058318
7.538292 113.062680
7.600365 117.135682
7.779808 120.843596
7.685760 118.246553
7.485741 111.981418
7.251778 109.655960
7.609268 117.914972
7.503387 115.125071
7.660973 118.071227
7.677589 114.258545
7.769211 119.413072
7.906265 121.034943
7.387138 114.436407
7.387138 114.436407
7.940826 123.545727
7.579811 115.747734
7.501602 115.226331
7.458481 114.167691
7.435867 112.133919
7.769211 119.413072
7.306686 113.461902
7.543488 117.553217
7.592697 117.172777
7.781891 117.262149
7.689194 113.598240
7.404350 112.600088
7.686607 117.230986
7.768250 116.861467
7.435844 114.783657
7.680565 117.376083
7.658958 117.251185
7.586288 118.627981
7.580658 116.693307
7.586540 114.349258
7.423508 113.391732
7.576195 114.592595
7.445343 114.446006
7.794456 116.835007
7.612038 116.191807
7.824005 118.153060
7.563538 116.757435
7.686195 117.892161
7.417259 116.335269
7.189087 108.405102
7.455734 112.669111
7.662415 119.757583
7.537193 114.682634
7.391464 115.576673
7.687271 117.509121
7.791481 120.709101
7.501602 115.226331
7.326324 115.735636
7.690453 118.064427
7.505836 114.079591
7.463196 115.151885
7.403297 116.163331
7.682236 116.562964
7.579445 115.580147
7.857697 119.967909
7.686470 115.723084
7.813042 119.930662
7.687706 120.881480
7.454773 110.824148
7.509338 112.633158
7.505470 117.207831
7.622749 116.509714
7.691734 117.321935
7.772049 120.588332
7.541702 112.992799
7.340675 114.199723
7.841148 124.868416
7.405930 113.669260
7.860443 118.916972
7.867287 119.135628
7.832588 119.170761
7.564133 117.091756
7.684753 119.189916
7.822723 119.191003
7.685715 116.484570
7.929153 118.851158
7.676651 118.051781
7.220764 112.046696
7.240128 111.509016
7.313484 112.753511
7.398056 115.391567
7.679352 115.096564
7.765961 116.834046
7.518654 114.626104
7.323830 112.638254
7.673904 115.459245
7.744102 117.535450
7.427055 111.863534
7.551498 115.829011
7.636574 116.911381
7.609268 117.914972
7.680359 120.813761
7.505539 115.973644
7.681297 117.273000
7.751060 119.648190
7.482903 114.201548
7.763901 119.431709
7.251778 109.655960
7.381691 112.814799
7.604691 114.018265
7.685188 117.898309
8.153618 125.008238
7.818581 119.030308
7.530693 115.954744
8.085686 123.599128
7.505836 114.079591
7.658981 115.127958
7.685188 117.898309
7.528702 116.041740
7.685669 119.101701
7.507507 113.875634
7.485077 112.942945
7.534218 112.712129
7.542686 114.063584
7.875137 120.065722
7.711693 118.424867
7.479996 116.420042
7.393478 113.951474
7.458481 114.167691
7.684456 119.047375
7.215019 112.860025
7.618057 119.342279
8.085686 123.599128
7.674454 116.915166
7.479996 116.420042
7.677956 115.401042
7.454865 115.328061
7.352806 114.025768
7.473358 114.415857
7.618057 119.342279
7.680130 117.827321
7.680885 117.131836
7.740097 118.991947
7.821190 119.354304
7.612038 116.191807
7.366745 114.369059
7.233261 112.483362
7.518219 115.397130
7.679970 116.878304
7.334999 112.907880
7.517143 115.824393
7.534218 112.712129
7.631973 118.496185
7.583954 116.573289
7.381691 112.814799
7.400505 114.944385
7.554565 115.750801
7.810089 118.649149
7.885597 122.365372
7.618698 116.960854
7.525795 113.798397
7.505470 117.207831
7.866280 119.321000
7.677567 116.645229
7.940300 124.211396
7.690453 118.064427
7.117149 109.479468
8.214432 124.424206
7.671707 115.532481
7.645844 118.932617
7.680473 116.783433
7.681091 116.178746
7.724098 115.885284
7.490936 113.090643
7.818581 119.030308
6.853249 107.152132
7.318245 111.599169
7.306732 112.394690
7.622955 115.545638
7.519226 114.944978
7.607231 117.367334
7.537491 115.768654
7.816154 119.286924
7.549324 115.300573
7.686607 120.166874
7.609474 116.793794
7.565987 112.257695
7.528702 116.041740
7.919403 122.635103
7.686607 120.166874
7.789215 119.009199
7.679810 118.506990
7.522934 115.962082
7.601761 117.570151
7.316505 114.449350
7.688210 119.120627
7.579742 118.366019
7.497116 116.365546
7.672188 119.062090
7.366745 114.369059
7.352806 114.025768
7.682922 111.750224
7.682991 114.385845
7.522751 114.170509
7.566742 116.092351
7.673904 115.459245
7.622131 116.474321
7.562714 114.469318
7.650879 116.073383
7.505470 117.207831
7.694916 115.822293
7.516823 115.644296
7.804527 121.077566
7.682899 117.427464
7.654633 114.588566
7.685509 118.649839
7.847900 117.341159
7.401192 114.841590
7.808670 118.060771
7.319504 110.166274
7.334175 114.503570
7.524811 117.186773
7.893379 121.788571
7.676926 116.465706
7.417259 116.335269
7.811966 120.873128
