2.000000 113.102427 120.941496 105.263358
2.100000 117.510585 124.714341 110.306829
2.200000 121.825598 128.443498 115.207697
2.300000 126.044416 132.123535 119.965296
2.400000 130.164241 135.749430 124.579052
2.500000 134.182522 139.316583 129.048460
2.600000 138.096947 142.820824 133.373071
2.700000 141.905444 146.258412 137.552476
2.800000 145.606169 149.626038 141.586300
2.900000 149.197506 152.920813 145.474198
3.000000 152.678059 156.140246 149.215873
3.100000 156.046651 159.282196 152.811107
3.200000 159.302315 162.344806 156.259823
3.300000 162.444288 165.326414 159.562163
3.400000 165.472014 168.225448 162.718580
3.500000 168.385128 171.040316 165.729940
3.600000 171.183460 173.769325 168.597594
3.700000 173.867025 176.410642 171.323408
3.800000 176.436021 178.962306 173.909736
3.900000 178.890820 181.422296 176.359344
4.000000 181.231969 183.788641 178.675297
4.100000 183.460179 186.059524 180.860834
4.200000 185.576324 188.233387 182.919260
4.300000 187.581434 190.308998 184.853870
4.400000 189.476691 192.285488 186.667893
4.500000 191.263423 194.162367 188.364479
4.600000 192.943102 195.939509 189.946695
4.700000 194.517334 197.617131 191.417537
4.800000 195.987859 199.195768 192.779950
4.900000 197.356542 200.676236 194.036848
5.000000 198.625371 202.059609 195.191132
5.100000 199.796450 203.347193 196.245707
5.200000 200.871996 204.540495 197.203498
5.300000 201.854333 205.641212 198.067455
5.400000 202.745885 206.651207 198.840563
5.500000 203.549175 207.572499 199.525851
5.600000 204.266817 208.407246 200.126388
5.700000 204.901512 209.157736 200.645289
5.800000 205.456043 209.826374 201.085713
5.900000 205.933271 210.415681 201.450862
6.000000 206.336128 210.928274 201.743981
6.100000 206.667612 211.366870 201.968353
6.200000 206.930786 211.734272 202.127300
6.300000 207.128768 212.033362 202.224173
6.400000 207.264728 212.267100 202.262356
6.500000 207.341886 212.438513 202.245258
6.600000 207.363499 212.550689 202.176309
6.700000 207.332867 212.606775 202.058960
6.800000 207.253318 212.609964 201.896672
6.900000 207.128209 212.563497 201.692921
7.000000 206.960919 212.470653 201.451186
7.100000 206.754845 212.334740 201.174950
7.200000 206.513395 212.159099 200.867691
7.300000 206.239984 211.947085 200.532883
7.400000 205.938032 211.702075 200.173989
7.500000 205.610953 211.427450 199.794456
7.600000 205.262157 211.126600 199.397714
7.700000 204.895038 210.802909 198.987167
7.800000 204.512975 210.459757 198.566192
7.900000 204.119322 210.100511 198.138133
8.000000 203.717408 209.728518 197.706299
8.100000 203.310529 209.347104 197.273954
8.200000 202.901941 208.959565 196.844318
8.300000 202.494861 208.569163 196.420560
8.400000 202.092457 208.179123 196.005792
8.500000 201.697845 207.792623 195.603066
8.600000 201.314082 207.412795 195.215368
8.700000 200.944164 207.042715 194.845613
8.800000 200.591021 206.685401 194.496641
8.900000 200.257508 206.343808 194.171209
9.000000 199.946405 206.020822 193.871988
9.100000 199.660408 205.719259 193.601556
9.200000 199.402126 205.441857 193.362396
9.300000 199.174078 205.191272 193.156883
9.400000 198.978682 204.970078 192.987286
9.500000 198.818257 204.780756 192.855758
9.600000 198.695013 204.625697 192.764329
9.700000 198.611050 204.507195 192.714904
9.800000 198.568347 204.427443 192.709252
9.900000 198.568765 204.388528 192.749003
10.000000 198.614036 204.392431 192.835641
10.100000 198.705760 204.441022 192.970498
10.200000 198.845400 204.536054 193.154746
10.300000 199.034277 204.679163 193.389392
10.400000 199.273566 204.871861 193.675271
10.500000 199.564288 205.115536 194.013040
10.600000 199.907309 205.411444 194.403174
10.700000 200.303332 205.760707 194.845956
10.800000 200.752893 206.164308 195.341477
10.900000 201.256357 206.623088 195.889626
11.000000 201.813911 207.137736 196.490087
11.100000 202.425562 207.708788 197.142336
11.200000 203.091128 208.336618 197.845638
11.300000 203.810237 209.021431 198.599042
11.400000 204.582318 209.763254 199.401381
11.500000 205.406600 210.561931 200.251270
11.600000 206.282107 211.417106 201.147107
11.700000 207.207646 212.328222 202.087071
11.800000 208.181813 213.294502 203.069125
11.900000 209.202979 214.314943 204.091015
12.000000 210.269289 215.388304 205.150274
12.100000 211.378656 216.513093 206.244220
12.200000 212.528759 217.687560 207.369957
12.300000 213.717031 218.909688 208.524374
12.400000 214.940662 220.177184 209.704141
12.500000 216.196590 221.487475 210.905705
12.600000 217.481495 222.837706 212.125284
12.700000 218.791796 224.224739 213.358852
12.800000 220.123646 225.645156 214.602136
12.900000 221.472926 227.095261 215.850592
13.000000 222.835243 228.571088 217.099397
13.100000 224.205918 230.068411 218.343425
13.200000 225.579989 231.582747 219.577231
13.300000 226.952202 233.109376 220.795029
13.400000 228.317007 234.643342 221.990672
13.500000 229.668551 236.179469 223.157633
13.600000 231.000677 237.712371 224.288983
13.700000 232.306914 239.236457 225.377372
13.800000 233.580478 240.745943 226.415012
13.900000 234.814261 242.234858 227.393664
14.000000 236.000830 243.697043 228.304617
14.100000 237.132421 245.126159 229.138682
14.200000 238.200933 246.515686 229.886180
14.300000 239.197925 247.858916 230.536933
14.400000 240.114608 249.148957 231.080259
14.500000 240.941845 250.378717 231.504973
14.600000 241.670139 251.540901 231.799377
14.700000 242.289636 252.628003 231.951269
14.800000 242.790112 253.632285 231.947939
14.900000 243.160975 254.545775 231.776175
