8.113420 -411.605048
8.062830 -429.073845
9.361225 -365.569877
10.503015 -2076.611947
12.085006 -626.841035
10.952645 -1314.725909
10.787777 -1175.212528
7.976299 -634.053613
8.402325 -862.212992
9.469293 -1072.104114
11.085817 -513.718638
10.846801 5010.586033
9.030059 -484.562168
7.804437 -260.211550
7.883755 -326.639153
7.911740 -312.385495
7.572986 -260.070730
7.152101 -217.006115
7.330256 -335.989005
7.362894 -275.695596
7.074709 -270.078240
7.034322 -331.582637
6.898434 -244.627254
6.468361 -401.078265
6.374192 -245.568868
6.507874 -302.556860
8.827649 -424.892846
6.378900 -538.687139
6.556671 -278.196628
5.186113 -177.343397
7.515685 -492.736096
6.313169 -239.396617
5.492011 -217.782890
8.637271 -438.690445
7.528482 -274.480075
3.496258 -538.689706
5.517590 -428.914662
5.971341 6809.458215
6.015493 -354.860976
5.919884 -201.108937
2.140625 -171.667243
5.410463 -249.672925
7.292399 -248.612842
6.093232 -232.319311
1.138405 582.985661
3.282998 -2139.157180
6.782000 -199.058607
6.334874 -173.585136
6.314403 -256.019931
7.178540 -192.750583
7.385998 -196.050195
7.135516 -169.533928
1.187389 -22997.046395
1.226616 33267.782115
6.610719 -165.214173
6.959061 -182.694990
7.956249 -232.644761
6.935996 -190.503447
8.910514 -298.222660
6.929772 -168.600661
5.696614 -259.173726
3.285068 -90.261502
1.627503 -222.778418
8.751205 -234.620853
8.696872 -245.963453
8.846292 -242.531599
3.509493 301.880211
4.502291 -117.952495
6.076644 -207.746428
6.500057 -135.410659
3.926017 -123.978844
3.783329 -164.507532
3.789190 238.804424
4.666605 -130.297462
6.066951 -231.223106
6.303448 -142.619003
7.519121 -247.989173
10.854494 -487.851288
7.729628 -336.928417
10.184295 -294.447764
8.664321 -312.293432
9.130155 1744.920642
8.807334 -618.536842
9.080259 -1147.366770
7.058146 -229.915668
6.571321 -212.656685
5.048287 -507.757364
8.530351 -326.328522
6.164461 -1572.585964
3.493627 -229.350325
2.673849 -132.900696
7.476688 -185.316009
7.718522 -189.168031
7.741126 -169.582975
4.296889 -87.474142
6.607335 -108.231311
5.940201 -105.192951
3.094225 -70.435650
6.722647 -113.423519
7.534543 -203.244361
7.971954 -223.203643
