2.000000 35807101.971119
2.100000 35524338.309529
2.200000 35246452.874253
2.300000 34972678.314097
2.400000 34704501.361620
2.500000 34442608.143290
2.600000 34184579.975139
2.700000 33936588.174038
2.800000 33695786.991821
2.900000 33456646.379561
3.000000 33228790.757685
3.100000 33012762.005516
3.200000 32810435.346290
3.300000 32623220.047567
3.400000 32440826.483705
3.500000 32269569.196976
3.600000 32108117.169390
3.700000 31956786.443816
3.800000 31814178.202482
3.900000 31682535.721922
4.000000 31567686.112091
4.100000 31450738.123274
4.200000 31347913.258534
4.300000 31250390.661931
4.400000 31160477.542154
4.500000 31075639.850905
4.600000 30997677.237397
4.700000 30926158.054471
4.800000 30858849.367484
4.900000 30797676.398779
5.000000 30744853.901815
5.100000 30696567.849955
5.200000 30652369.774857
5.300000 30611419.995089
5.400000 30573722.520526
5.500000 30539155.797682
5.600000 30507344.426511
5.700000 30478769.315058
5.800000 30452783.763846
5.900000 30429016.799448
6.000000 30407626.392582
6.100000 30389206.300720
6.200000 30370953.509082
6.300000 30354225.964159
6.400000 30335218.277295
6.500000 30322337.216532
6.600000 30316538.944325
6.700000 30310712.580526
6.800000 30304144.392720
6.900000 30295495.794229
7.000000 30292225.751733
7.100000 30288105.812438
7.200000 30284466.169137
7.300000 30281665.245097
7.400000 30279658.807696
7.500000 30278310.507106
7.600000 30277609.136922
7.700000 30277756.083082
7.800000 30277774.670253
7.900000 30279029.817291
8.000000 30280823.940011
8.100000 30282753.930096
8.200000 30284728.016177
8.300000 30286779.505025
8.400000 30288964.456849
8.500000 30291342.782670
8.600000 30294006.687602
8.700000 30297145.569809
8.800000 30301129.829157
8.900000 30306465.131371
9.000000 30313078.318810
9.100000 30317986.875809
9.200000 30319351.782792
9.300000 30322192.722485
9.400000 30326216.381554
9.500000 30330973.790141
9.600000 30336239.064508
9.700000 30341846.445702
9.800000 30347685.299551
9.900000 30353687.024576
10.000000 30359809.423007
10.100000 30366025.580255
10.200000 30372317.242171
10.300000 30378671.118842
10.400000 30385076.856278
10.500000 30391525.916602
10.600000 30398010.948777
10.700000 30404525.426420
10.800000 30411063.433509
10.900000 30417619.533682
11.000000 30424188.687782
11.100000 30430766.199847
11.200000 30437347.680149
11.300000 30443929.018653
11.400000 30450506.364915
11.500000 30457076.112016
11.600000 30463634.883078
11.700000 30470179.519427
11.800000 30476707.069885
11.900000 30483214.780807
12.000000 30489700.086670
12.100000 30496160.601092
12.200000 30502594.108195
12.300000 30508998.554274
12.400000 30515372.039748
12.500000 30521712.811388
12.600000 30528019.254802
12.700000 30534289.887190
12.800000 30540523.350366
12.900000 30546718.404036
13.000000 30552873.919343
13.100000 30558988.872673
13.200000 30565062.339719
13.300000 30571093.489800
13.400000 30577081.580431
13.500000 30583025.952140
13.600000 30588926.023525
13.700000 30594781.286540
13.800000 30600591.302017
13.900000 30606355.695401
14.000000 30612074.152698
14.100000 30617746.416633
14.200000 30623372.283001
14.300000 30628951.597207
14.400000 30634484.250996
14.500000 30639970.179346
14.600000 30645409.357537
14.700000 30650801.798378
14.800000 30656147.549586
14.900000 30661446.691307
15.000000 30666699.333782
