7.462 13.178 26.284 8.623 15.719 -2.942 5.099 3.316 -5.779 -4.714 10.388 0.373 -9.381 4.965
7.573 12.777 26.959 6.987 15.162 -3.357 2.798 4.426 -1.301 -7.703 5.529 4.417 -6.775 2.343
7.525 12.671 27.057 7.379 16.021 -4.031 6.685 5.938 -8.402 -8.872 15.018 2.718 -13.697 6.223
7.901 12.408 26.845 8.359 14.931 -3.070 3.002 3.814 -1.947 -6.149 5.329 3.160 -5.544 1.860
7.542 12.840 26.934 9.283 15.965 -2.750 4.803 3.644 -4.103 -6.339 8.216 2.681 -8.090 3.430
7.481 12.980 27.967 7.254 15.533 -2.802 5.025 3.396 -4.816 -5.927 8.868 2.563 -8.675 3.694
7.536 12.770 26.955 6.918 15.692 -3.327 5.060 4.160 -4.527 -7.520 8.723 3.928 -8.527 3.055
7.479 12.869 26.636 8.006 15.605 -3.804 5.097 4.940 -5.229 -8.579 10.534 4.352 -10.870 4.316
7.621 12.818 26.819 7.925 15.731 -3.419 4.983 3.851 -4.440 -6.040 8.419 2.256 -7.979 3.469
7.485 12.532 26.675 7.998 15.653 -2.488 4.850 2.185 -3.350 -5.167 6.622 2.968 -7.067 2.670
7.618 12.506 27.503 7.371 15.458 -1.555 3.458 1.609 -1.572 -4.889 4.194 3.364 -4.683 1.211
7.463 12.649 27.271 6.861 15.604 -3.502 4.792 4.745 -4.971 -8.571 11.707 3.546 -12.469 5.745
7.579 12.641 27.239 7.343 16.150 -2.302 6.601 2.228 -6.833 -4.334 11.377 0.275 -10.219 5.342
7.809 13.061 27.595 7.084 15.250 -1.883 2.535 1.712 0.794 -4.427 0.758 3.492 -2.057 0.017
7.520 12.562 26.903 8.358 15.092 -3.231 2.563 4.639 -0.394 -8.470 4.090 5.748 -5.916 1.421
7.532 12.839 26.647 6.687 15.316 -4.721 5.020 6.272 -5.708 -9.326 11.873 3.784 -11.885 5.192
7.450 13.092 26.649 7.929 15.226 -2.972 2.834 3.434 -0.399 -6.790 2.994 5.037 -4.386 0.644
7.480 12.765 26.647 7.969 16.142 -3.202 5.066 4.131 -4.184 -7.703 9.148 3.961 -9.724 3.881
7.542 12.929 26.746 8.635 15.400 -5.083 5.351 6.468 -6.016 -8.959 11.691 3.556 -11.327 4.853
7.561 12.031 26.788 8.312 15.332 -4.661 5.115 6.890 -7.031 -10.283 14.305 3.735 -13.567 5.944
7.553 12.595 26.956 6.330 15.658 -3.109 5.831 3.736 -6.186 -6.213 10.840 1.828 -9.919 4.658
7.469 12.594 26.740 7.252 15.950 -1.986 5.693 1.590 -5.137 -3.717 8.430 0.943 -7.691 3.671
7.509 12.650 26.570 8.141 15.220 -3.715 3.913 4.364 -3.006 -6.861 6.841 3.435 -7.167 2.704
7.564 12.902 26.591 7.352 15.740 -3.601 5.019 4.738 -4.822 -7.750 9.372 3.783 -9.292 3.584
7.579 12.883 27.976 7.248 14.783 -1.788 1.727 2.439 1.516 -5.997 0.347 5.034 -2.376 -0.241
7.489 12.662 26.931 8.671 15.001 -3.482 3.708 3.704 -2.306 -6.349 5.660 3.376 -6.295 2.366
7.458 12.444 26.581 7.910 15.106 -3.498 2.103 4.872 0.281 -8.882 3.191 6.544 -5.359 0.800
7.479 12.831 26.846 8.465 15.759 -3.323 5.877 3.756 -6.909 -6.342 12.965 1.309 -12.127 6.076
7.491 12.922 26.103 8.094 15.078 -4.853 3.870 6.290 -3.897 -9.694 9.855 4.575 -10.663 4.407
7.526 12.550 27.271 7.206 15.806 -3.397 5.268 4.077 -4.531 -6.959 8.343 3.649 -8.451 3.200
7.498 12.834 26.111 7.828 15.213 -3.888 2.833 6.165 -1.456 -10.964 6.541 7.391 -8.434 2.054
7.499 12.565 26.830 7.909 15.824 -4.033 6.702 3.953 -7.555 -5.374 12.543 0.502 -11.350 5.929
7.542 12.840 26.934 9.283 15.965 -2.750 4.803 3.644 -4.103 -6.339 8.216 2.681 -8.090 3.430
7.447 13.328 26.546 7.233 15.576 -2.127 3.639 1.028 -0.139 -3.575 0.431 3.406 -1.388 -0.391
7.451 12.671 26.379 7.194 15.532 -3.771 4.093 3.904 -2.442 -7.280 6.614 4.212 -7.750 2.870
7.542 12.929 26.746 8.635 15.400 -5.083 5.351 6.468 -6.016 -8.959 11.691 3.556 -11.327 4.853
7.535 12.455 26.877 7.630 15.553 -3.025 3.662 4.368 -1.786 -8.510 5.859 5.495 -7.215 2.114
7.452 12.813 26.541 7.656 15.630 -4.423 4.445 6.380 -4.743 -10.297 11.813 4.390 -12.715 5.782
7.452 12.962 27.249 6.253 15.511 -2.731 2.566 3.119 1.261 -7.040 1.086 5.763 -3.866 0.578
7.499 12.431 26.545 7.128 14.777 -4.144 2.585 5.348 -0.940 -8.583 4.211 5.842 -5.743 1.236
7.506 12.739 26.403 7.314 15.132 -3.052 3.050 3.748 -1.729 -7.029 5.729 4.284 -7.210 2.643
7.535 12.761 26.607 7.922 15.641 -2.838 4.657 2.230 -3.408 -4.227 6.605 1.587 -6.760 3.222
7.195 12.701 26.489 7.633 15.581 -3.166 4.561 2.996 -3.119 -6.369 7.578 3.439 -8.976 3.946
7.553 12.416 27.290 7.669 15.810 -3.143 5.895 3.115 -6.243 -5.227 10.372 1.434 -9.215 4.217
7.472 12.952 26.337 7.901 15.619 -3.214 3.694 2.970 -0.198 -5.804 0.591 5.243 -1.911 -0.813
7.521 12.767 26.684 6.605 15.387 -3.316 4.506 3.727 -4.315 -6.027 8.619 2.267 -8.493 3.839
7.544 12.331 26.700 7.031 15.378 -3.391 3.890 4.332 -2.112 -8.323 6.175 5.635 -7.570 2.132
7.597 12.597 26.813 7.198 15.813 -3.424 6.513 3.694 -7.570 -5.858 12.965 0.977 -11.484 5.609
7.524 12.737 26.539 7.704 15.753 -2.397 4.707 1.908 -2.864 -4.304 4.995 2.703 -5.147 1.667
7.620 12.932 27.051 6.891 15.659 -2.108 3.987 1.746 -1.225 -4.473 2.647 3.338 -3.161 0.480
7.483 13.081 26.295 7.882 16.185 -3.667 6.532 4.254 -6.922 -6.316 11.649 1.675 -10.645 5.073
7.526 12.557 26.739 8.090 15.049 -2.205 1.842 2.899 1.450 -7.208 0.959 6.076 -3.415 -0.013
7.832 13.098 27.375 7.706 15.122 -1.344 2.605 1.334 -0.049 -3.480 1.821 2.404 -2.749 0.719
7.499 12.521 27.140 7.993 15.425 -2.084 3.447 1.629 -0.795 -4.696 3.236 3.326 -4.456 1.339
7.553 13.008 26.617 8.017 15.262 -3.096 1.956 3.384 1.537 -6.235 0.208 5.087 -2.194 -0.395
7.601 12.710 27.473 7.115 15.644 -2.256 4.447 2.142 -2.900 -4.573 5.493 2.526 -5.520 1.969
7.476 12.871 26.557 7.706 15.586 -2.933 3.525 3.366 -0.918 -6.533 3.547 4.568 -4.785 1.107
7.513 13.477 26.488 6.406 15.904 -2.170 5.450 2.257 -5.116 -4.961 9.693 1.521 -9.596 4.661
7.548 13.182 26.820 6.052 16.079 -2.526 5.328 2.589 -3.712 -5.351 6.251 3.107 -6.115 2.040
8.077 13.061 27.159 6.751 15.842 -2.377 4.721 2.061 -2.169 -3.878 3.350 2.350 -3.406 0.982
7.455 13.167 26.956 6.600 15.349 -4.059 3.768 5.590 -1.826 -8.858 4.805 5.890 -5.731 1.045
7.509 12.395 27.126 7.816 15.480 -2.074 4.282 2.023 -2.914 -4.589 5.988 2.076 -6.338 2.897
7.526 12.858 26.530 6.963 16.498 -2.677 6.290 2.056 -4.579 -3.976 6.921 1.524 -6.496 2.914
7.221 12.833 26.678 7.776 15.658 -3.413 4.715 4.059 -3.530 -7.652 7.813 4.434 -8.668 3.149
7.452 12.839 27.122 8.199 15.815 -3.232 5.537 4.310 -6.243 -7.441 12.485 2.570 -12.307 5.703
7.537 12.981 26.784 8.184 15.816 -3.900 4.917 3.904 -2.767 -5.882 4.038 3.843 -4.123 0.785
7.515 12.739 26.245 8.081 14.484 -5.094 2.582 6.840 -2.570 -10.039 8.206 5.158 -9.225 3.443
7.456 13.027 26.827 7.700 16.689 -2.675 8.731 2.463 -9.304 -4.331 13.418 0.190 -11.374 5.701
7.586 12.771 27.114 7.933 15.809 -2.220 5.245 2.184 -4.192 -4.434 7.700 1.649 -7.649 3.525
7.571 12.901 27.806 7.644 15.775 -2.970 4.800 3.004 -2.432 -5.436 3.554 3.796 -3.569 0.442
7.528 12.786 27.109 7.153 15.648 -2.501 4.429 3.300 -3.670 -6.910 8.645 3.348 -9.077 3.702
7.433 12.935 26.718 7.668 15.720 -3.775 4.344 4.803 -2.822 -8.307 6.706 5.075 -7.586 2.384
7.832 13.020 26.781 7.878 15.559 -3.304 4.140 4.248 -3.108 -7.295 6.611 4.075 -6.402 1.845
7.499 12.625 26.490 6.865 15.418 -4.465 4.718 5.717 -4.476 -8.746 9.446 4.277 -9.815 3.874
7.563 12.892 26.583 7.657 15.436 -3.520 3.833 4.251 -1.353 -7.251 3.406 5.138 -4.217 0.448
7.634 13.105 27.118 6.772 15.665 -2.701 4.728 2.110 -3.227 -3.725 5.359 1.631 -4.948 1.985
7.576 12.795 26.861 7.512 16.096 -3.414 7.004 3.035 -7.696 -4.243 11.466 -0.104 -9.352 4.846
7.539 13.205 26.184 7.543 15.921 -3.855 4.399 5.091 -2.892 -8.646 6.772 5.145 -7.462 2.280
7.511 12.562 26.965 7.760 14.733 -4.540 2.622 7.158 -2.275 -11.634 8.285 6.880 -9.772 3.067
7.452 12.813 26.541 7.656 15.630 -4.423 4.445 6.380 -4.743 -10.297 11.813 4.390 -12.715 5.782
7.496 12.509 26.120 7.740 16.016 -3.759 5.600 3.738 -4.582 -5.671 8.020 2.318 -7.903 3.473
7.495 12.957 26.505 8.155 15.978 -3.246 5.902 3.689 -5.426 -6.608 9.326 3.431 -9.119 3.485
7.535 12.455 26.877 7.630 15.553 -3.025 3.662 4.368 -1.786 -8.510 5.859 5.495 -7.215 2.114
7.527 12.921 27.092 8.292 15.989 -2.132 4.908 2.093 -3.392 -4.945 6.557 2.787 -7.230 2.976
7.504 12.658 27.687 7.403 15.354 -2.880 3.620 3.353 -2.007 -6.012 5.510 3.304 -6.304 2.331
7.580 12.377 27.138 8.742 15.751 -2.821 4.993 3.626 -3.977 -6.678 7.777 3.298 -7.866 3.095
7.541 12.903 26.209 6.492 15.825 -3.857 4.300 5.005 -2.862 -8.798 7.281 5.363 -8.281 2.596
7.500 12.689 27.626 7.391 15.843 -2.638 5.291 2.324 -4.292 -4.428 7.056 1.936 -6.574 2.689
7.535 13.124 26.277 7.909 16.121 -3.600 5.248 3.964 -3.804 -6.372 6.770 3.297 -6.684 2.362
7.581 12.469 26.579 8.959 15.652 -2.343 4.524 2.501 -2.570 -5.687 5.437 3.531 -6.030 2.039
7.535 13.086 27.228 6.473 15.890 -1.666 4.054 2.211 -1.855 -5.327 4.908 3.170 -6.066 2.387
7.540 12.160 26.211 7.754 15.490 -4.972 5.408 6.748 -6.732 -10.139 13.308 4.395 -12.800 5.170
7.589 12.494 26.740 8.153 15.147 -2.308 2.605 1.907 0.097 -4.376 1.843 3.006 -3.099 0.852
7.475 13.008 27.462 7.176 15.494 -1.027 3.238 0.563 0.248 -4.132 1.674 3.786 -3.516 0.711
7.483 12.875 26.070 8.124 15.573 -3.569 4.288 4.184 -2.999 -7.077 6.584 4.120 -7.290 2.520
7.472 12.609 26.956 7.742 15.530 -2.996 4.067 3.249 -2.806 -5.519 6.048 2.559 -6.501 2.806
7.519 12.691 26.955 7.726 14.919 -2.479 2.794 2.242 -0.707 -4.853 3.099 3.444 -4.182 1.068
7.518 12.392 26.309 7.500 15.617 -3.735 5.983 3.845 -6.567 -5.591 11.484 0.877 -10.578 5.430
7.559 13.027 27.175 5.929 14.945 -3.874 3.146 4.485 -2.408 -7.162 7.555 3.057 -8.430 3.786
7.523 12.538 27.545 7.002 15.057 -2.914 2.844 4.469 -1.180 -8.373 5.656 5.170 -7.312 2.411
7.484 12.741 26.759 8.349 15.347 -2.256 3.863 1.295 -2.689 -3.106 5.781 1.179 -6.337 3.134
7.519 12.969 26.426 7.192 15.862 -3.240 3.984 4.211 -1.743 -7.336 4.840 4.680 -5.978 1.739
7.538 13.044 26.226 7.561 15.053 -3.741 2.584 4.713 -0.085 -8.383 3.142 5.961 -4.736 0.593
7.611 12.999 27.727 7.625 15.432 -1.159 4.249 0.690 -3.401 -2.462 5.502 0.835 -4.819 2.064
7.554 12.793 26.666 8.030 15.693 -3.164 5.276 3.585 -4.621 -6.109 8.140 2.868 -7.722 2.996
7.573 13.063 27.466 7.947 15.793 -2.971 5.753 3.036 -5.685 -4.897 9.156 1.312 -7.950 3.672
7.507 12.578 26.099 7.869 15.664 -4.767 5.209 5.864 -4.655 -8.520 8.619 4.405 -8.800 3.265
7.511 12.985 26.937 7.615 15.872 -2.333 5.700 2.314 -5.960 -4.597 10.886 0.841 -10.263 5.115
7.538 12.954 26.560 8.555 15.634 -3.731 4.960 5.058 -4.584 -8.382 9.207 4.280 -9.284 3.444
7.507 12.624 26.871 6.697 15.733 -3.650 4.819 4.903 -3.489 -8.246 6.710 5.060 -6.979 1.899
7.421 12.793 26.426 7.355 15.694 -2.829 3.550 3.842 -0.925 -7.869 2.923 6.085 -4.175 0.149
7.525 12.890 26.628 7.324 15.253 -2.272 3.790 2.157 -2.232 -5.123 5.797 2.750 -6.629 2.758
7.581 12.469 26.579 8.959 15.652 -2.343 4.524 2.501 -2.570 -5.687 5.437 3.531 -6.030 2.039
7.478 12.855 27.113 5.807 15.330 -2.908 3.132 3.225 -0.379 -6.755 2.762 5.258 -4.326 0.567
7.509 12.580 27.122 6.717 15.228 -3.733 4.539 5.183 -5.234 -8.784 11.991 3.560 -12.165 5.339
7.614 12.816 26.320 8.934 15.553 -3.165 3.970 3.607 -3.087 -5.786 6.756 2.545 -6.752 2.738
7.512 12.750 27.570 8.280 15.937 -3.077 5.899 4.282 -5.897 -7.500 10.720 3.145 -10.419 4.518
7.509 12.264 27.065 8.091 15.583 -3.420 5.637 4.237 -6.895 -6.910 12.914 1.969 -12.032 5.660
7.543 13.000 26.347 8.790 15.865 -4.106 5.163 4.890 -4.323 -7.836 8.241 4.072 -8.323 3.015
7.512 12.891 27.291 7.132 15.423 -2.801 5.424 2.544 -5.694 -4.284 10.020 0.574 -9.375 4.851
7.480 12.716 27.074 7.587 15.373 -3.337 3.659 4.182 -1.489 -6.972 4.486 4.373 -5.913 1.980
7.531 12.788 26.366 7.435 15.379 -3.403 4.937 4.641 -5.969 -7.317 12.567 1.826 -12.436 6.276
7.487 12.767 26.157 7.940 15.386 -3.248 3.635 3.025 -1.606 -5.376 3.661 3.593 -4.301 1.029
7.573 13.063 27.466 7.947 15.793 -2.971 5.753 3.036 -5.685 -4.897 9.156 1.312 -7.950 3.672
7.535 12.997 26.474 8.854 16.165 -4.486 6.056 5.593 -6.139 -8.155 10.967 3.314 -10.552 4.531
7.553 13.096 25.984 8.599 15.901 -3.924 5.725 3.713 -6.088 -5.244 10.643 0.899 -9.652 4.825
7.496 12.696 27.239 7.220 15.976 -1.800 5.701 1.364 -4.570 -3.879 7.658 1.540 -7.505 3.484
7.521 12.116 27.068 5.939 16.024 -2.751 6.603 3.040 -7.287 -5.391 12.321 1.051 -11.280 5.576
7.524 13.342 26.371 7.439 16.289 -3.135 7.384 3.524 -9.096 -5.646 14.930 0.458 -13.117 6.636
7.776 12.883 26.867 7.373 15.634 -3.227 5.809 3.060 -5.128 -4.296 7.270 1.325 -5.768 2.316
7.454 13.236 26.488 6.980 15.987 -2.596 4.728 2.818 -2.713 -6.015 5.622 3.721 -6.281 2.098
7.604 12.808 27.187 6.171 15.022 -2.752 2.811 3.235 -0.115 -7.092 2.365 5.785 -3.884 0.020
7.503 12.751 27.165 7.700 15.491 -1.975 3.275 1.570 -0.109 -4.212 1.360 3.464 -2.512 0.200
7.540 12.329 25.868 8.195 15.393 -4.681 4.920 6.153 -5.785 -9.141 11.790 3.698 -11.642 5.042
7.502 13.086 26.955 7.384 15.608 -2.916 4.670 3.135 -4.712 -5.266 10.493 0.664 -10.589 5.824
7.508 12.828 27.418 7.413 16.252 -2.713 6.572 3.342 -6.454 -6.462 11.631 2.307 -11.372 5.250
7.520 12.948 26.556 7.403 16.021 -3.128 5.933 3.206 -4.298 -5.699 6.526 3.239 -6.248 2.056
7.537 12.888 26.522 7.644 15.530 -2.332 3.478 2.836 -1.176 -6.327 3.732 4.644 -5.024 1.138
7.475 12.745 26.526 7.466 15.699 -3.095 4.601 3.291 -2.785 -6.193 5.135 4.107 -5.511 1.387
7.476 12.687 26.204 7.943 15.435 -3.775 3.433 4.731 -1.420 -8.251 4.744 5.486 -6.092 1.517
7.474 13.019 26.886 7.010 16.115 -2.759 6.297 3.141 -6.773 -5.367 11.667 1.203 -10.825 5.324
7.510 12.848 26.758 7.997 15.512 -2.879 3.926 3.049 -2.516 -6.240 6.480 3.552 -7.337 2.805
7.580 12.218 26.705 6.157 15.642 -3.316 4.015 4.010 -2.081 -7.413 5.469 4.717 -6.476 1.881
7.520 13.304 26.256 7.897 16.207 -3.819 6.388 3.823 -6.460 -5.763 10.546 1.715 -9.535 4.360
7.606 12.899 26.705 8.642 15.583 -2.506 3.766 2.044 -1.174 -4.391 2.813 2.989 -3.469 0.829
7.534 12.537 27.187 6.988 15.590 -2.846 4.167 4.155 -3.242 -7.300 7.301 3.703 -7.797 3.106
7.609 12.863 26.134 8.136 15.621 -2.775 4.910 1.468 -3.197 -2.591 4.575 0.830 -3.988 1.774
7.438 12.914 26.646 7.218 15.723 -3.395 4.933 4.212 -4.847 -7.470 10.441 3.227 -11.109 5.114
7.472 12.609 26.956 7.742 15.530 -2.996 4.067 3.249 -2.806 -5.519 6.048 2.559 -6.501 2.806
7.548 13.034 27.007 8.101 15.668 -2.874 3.854 3.093 -1.775 -5.725 4.915 3.139 -5.924 2.359
7.461 12.637 26.446 7.749 15.190 -3.954 3.775 4.882 -2.887 -7.623 7.108 3.934 -7.625 2.805
7.516 12.866 27.873 7.819 15.535 -1.339 4.386 1.837 -3.350 -4.921 7.155 2.294 -7.705 3.499
7.526 12.550 27.271 7.206 15.806 -3.397 5.268 4.077 -4.531 -6.959 8.343 3.649 -8.451 3.200
7.510 12.848 26.758 7.997 15.512 -2.879 3.926 3.049 -2.516 -6.240 6.480 3.552 -7.337 2.805
7.479 13.323 26.120 8.055 14.961 -3.531 3.423 4.420 -2.907 -8.056 7.866 4.462 -8.868 3.378
7.485 13.348 26.356 7.691 15.523 -3.681 4.489 4.829 -4.563 -7.927 9.431 3.712 -9.404 3.751
7.521 12.116 27.068 5.939 16.024 -2.751 6.603 3.040 -7.287 -5.391 12.321 1.051 -11.280 5.576
7.495 12.998 26.390 8.234 15.579 -3.323 4.550 4.418 -3.874 -7.591 8.297 3.728 -8.651 3.471
7.511 12.719 27.111 7.703 15.500 -3.735 5.131 5.510 -5.794 -9.335 11.444 4.704 -11.235 4.189
7.904 12.777 27.701 7.648 15.410 -2.589 4.239 2.974 -3.156 -4.986 5.512 2.497 -4.936 1.551
7.517 12.896 27.044 7.361 15.590 -2.969 3.615 3.348 -1.283 -6.955 4.238 4.985 -5.634 1.394
7.581 12.469 26.579 8.959 15.652 -2.343 4.524 2.501 -2.570 -5.687 5.437 3.531 -6.030 2.039
7.606 12.899 26.705 8.642 15.583 -2.506 3.766 2.044 -1.174 -4.391 2.813 2.989 -3.469 0.829
7.519 12.587 27.049 7.338 15.561 -4.211 5.184 5.319 -5.496 -7.531 10.408 2.833 -10.083 4.501
7.519 12.837 27.325 7.798 15.040 -2.871 2.158 3.482 1.323 -7.010 0.074 6.021 -2.082 -0.796
7.786 12.558 27.251 7.872 15.039 -2.231 3.875 1.995 -2.524 -3.739 4.524 1.813 -4.430 1.746
7.563 13.241 27.009 7.265 15.453 -4.288 4.144 5.080 -2.748 -7.925 6.372 4.468 -6.870 2.202
7.540 13.205 27.501 7.744 15.406 -2.492 3.504 2.146 -1.538 -4.892 4.987 2.526 -6.170 2.712
7.499 12.690 26.333 7.904 16.081 -3.454 5.894 3.342 -5.551 -5.186 9.490 1.515 -9.087 4.345
7.509 12.800 27.191 7.612 15.120 -3.570 2.747 5.203 -1.193 -9.466 6.699 5.739 -8.885 3.206
7.523 13.127 25.866 8.159 15.863 -4.918 5.439 6.806 -5.968 -10.188 11.510 4.919 -11.223 4.194
7.501 13.140 26.034 8.150 15.797 -3.665 3.189 4.805 -0.188 -9.066 3.329 6.753 -5.385 0.742
7.564 12.578 27.322 7.206 15.241 -2.642 2.481 2.926 1.261 -6.420 0.948 5.099 -3.129 0.180
7.454 13.236 26.488 6.980 15.987 -2.596 4.728 2.818 -2.713 -6.015 5.622 3.721 -6.281 2.098
7.532 13.389 26.571 7.500 15.756 -2.786 4.820 2.424 -2.826 -4.664 4.941 2.830 -5.035 1.571
7.537 12.981 26.784 8.184 15.816 -3.900 4.917 3.904 -2.767 -5.882 4.038 3.843 -4.123 0.785
7.509 12.677 26.935 6.402 15.111 -3.742 4.385 4.690 -5.179 -6.941 10.328 2.596 -9.966 4.376
7.207 12.969 27.075 7.518 15.307 -2.295 3.497 2.237 -1.162 -5.717 4.629 3.900 -6.558 2.435
7.574 12.842 25.796 8.106 15.771 -3.846 4.845 4.926 -4.370 -7.821 9.394 3.183 -9.653 4.348
7.461 12.637 26.446 7.749 15.190 -3.954 3.775 4.882 -2.887 -7.623 7.108 3.934 -7.625 2.805
7.513 12.697 26.445 8.071 15.549 -4.057 4.719 4.738 -4.409 -7.471 8.839 3.517 -8.811 3.477
7.832 13.098 27.375 7.706 15.122 -1.344 2.605 1.334 -0.049 -3.480 1.821 2.404 -2.749 0.719
7.522 12.882 26.527 8.150 15.677 -2.339 4.967 2.302 -4.493 -4.980 9.390 1.357 -9.708 5.037
7.475 13.008 27.462 7.176 15.494 -1.027 3.238 0.563 0.248 -4.132 1.674 3.786 -3.516 0.711
7.495 12.957 26.505 8.155 15.978 -3.246 5.902 3.689 -5.426 -6.608 9.326 3.431 -9.119 3.485
7.480 12.765 26.647 7.969 16.142 -3.202 5.066 4.131 -4.184 -7.703 9.148 3.961 -9.724 3.881
7.562 12.680 26.951 7.593 15.309 -3.377 3.299 4.911 -1.865 -9.409 6.932 5.794 -8.531 2.765
7.513 12.960 27.059 7.272 15.980 -3.148 5.088 3.104 -3.563 -5.946 6.778 3.556 -7.206 2.530
7.548 13.182 26.820 6.052 16.079 -2.526 5.328 2.589 -3.712 -5.351 6.251 3.107 -6.115 2.040
7.472 12.922 26.084 6.844 14.962 -4.339 2.711 5.556 -1.012 -9.363 4.821 6.429 -6.420 1.330
7.498 12.545 26.315 7.903 15.292 -3.824 3.495 4.956 -1.627 -8.666 5.440 5.623 -7.004 2.023
7.473 12.553 26.579 8.258 15.821 -3.713 4.638 4.995 -4.047 -8.215 9.356 3.737 -9.884 4.219
7.432 12.823 27.133 6.978 15.925 -3.118 6.416 3.162 -6.943 -5.171 11.448 1.072 -10.264 5.002
7.466 12.668 26.829 7.236 16.098 -2.350 5.367 2.224 -3.894 -4.378 6.518 1.862 -6.437 2.873
7.527 13.540 26.224 7.675 16.051 -3.012 6.066 2.305 -5.734 -3.705 9.022 0.461 -8.069 4.124
7.484 13.009 27.099 7.931 16.052 -2.260 6.269 2.264 -6.817 -4.211 11.817 0.048 -10.926 5.859
7.543 12.961 27.361 6.847 15.139 -2.470 3.033 3.159 -2.220 -6.282 6.924 2.881 -7.580 3.261
7.571 12.446 26.555 8.218 15.336 -3.013 3.671 3.737 -2.517 -7.082 7.495 3.493 -8.554 3.643
7.507 12.817 27.123 8.436 16.079 -2.763 4.929 3.735 -3.071 -7.772 7.109 4.787 -8.043 2.672
7.488 13.300 27.217 6.833 15.239 -3.271 4.316 4.284 -4.244 -7.748 9.381 3.829 -9.846 4.014
7.490 13.145 26.433 7.335 15.998 -3.524 5.633 4.268 -5.488 -6.712 9.783 2.749 -9.405 4.011
7.522 12.740 26.722 7.822 15.482 -2.445 3.655 2.497 -0.994 -5.707 3.458 4.010 -4.762 1.372
7.564 12.902 26.591 7.352 15.740 -3.601 5.019 4.738 -4.822 -7.750 9.372 3.783 -9.292 3.584
7.524 12.929 26.429 8.755 15.487 -4.065 4.498 5.555 -5.140 -8.693 10.975 3.952 -11.107 4.557
7.517 12.533 27.197 6.813 15.572 -3.007 6.335 2.549 -7.464 -3.776 12.396 -0.738 -10.993 6.157
7.483 12.408 26.438 7.136 15.377 -4.201 3.389 6.520 -3.117 -10.773 9.536 6.038 -11.096 4.089
7.477 12.532 26.384 7.791 15.740 -2.556 4.949 1.784 -3.254 -3.861 5.310 2.094 -5.442 2.180
7.532 12.629 27.034 7.326 15.352 -2.708 3.216 2.711 -0.684 -5.825 3.010 4.310 -4.461 1.062
7.569 12.915 26.223 8.550 16.165 -4.411 6.543 5.300 -6.821 -7.697 11.699 2.752 -10.767 4.712
7.588 12.905 27.547 7.659 15.397 -2.760 3.721 2.720 -1.042 -5.371 2.386 3.953 -3.354 0.562
7.901 12.408 26.845 8.359 14.931 -3.070 3.002 3.814 -1.947 -6.149 5.329 3.160 -5.544 1.860
7.544 13.253 26.446 6.925 14.765 -2.854 0.558 3.265 4.511 -6.908 -4.019 7.008 0.661 -2.399
7.527 12.921 27.092 8.292 15.989 -2.132 4.908 2.093 -3.392 -4.945 6.557 2.787 -7.230 2.976
7.483 12.408 26.438 7.136 15.377 -4.201 3.389 6.520 -3.117 -10.773 9.536 6.038 -11.096 4.089
7.597 12.597 26.813 7.198 15.813 -3.424 6.513 3.694 -7.570 -5.858 12.965 0.977 -11.484 5.609
7.488 12.502 26.590 8.938 15.614 -3.410 3.576 3.990 -1.539 -7.697 5.197 5.051 -6.677 2.014
7.227 12.695 25.693 7.359 15.056 -4.323 1.518 5.748 1.098 -10.527 3.259 7.857 -6.448 1.192
7.451 12.671 26.379 7.194 15.532 -3.771 4.093 3.904 -2.442 -7.280 6.614 4.212 -7.750 2.870
7.524 12.515 27.543 6.571 15.553 -3.609 5.851 5.500 -7.061 -9.565 13.798 3.848 -13.459 5.956
7.761 12.453 27.065 7.135 15.367 -4.571 5.429 4.585 -5.461 -5.860 8.842 1.609 -7.416 3.292
7.401 12.997 27.076 7.863 16.331 -2.701 6.543 2.898 -6.878 -4.927 11.396 0.747 -10.308 5.263
7.564 12.961 27.796 7.769 15.634 -3.734 6.110 4.866 -7.684 -6.904 13.172 1.322 -11.520 5.621
7.597 13.042 26.730 8.144 16.109 -3.813 6.712 4.803 -8.038 -6.922 13.058 1.608 -11.147 5.217
7.490 13.015 26.782 7.771 15.957 -2.618 5.158 2.678 -4.172 -5.223 8.297 1.928 -8.412 3.963
7.444 12.795 26.846 7.783 15.499 -3.007 3.826 4.037 -2.539 -8.055 7.087 4.806 -8.141 2.798
7.619 13.111 26.719 6.951 16.041 -3.481 5.749 3.640 -5.166 -5.490 8.096 2.005 -7.019 2.918
7.538 12.954 26.560 8.555 15.634 -3.731 4.960 5.058 -4.584 -8.382 9.207 4.280 -9.284 3.444
7.535 12.968 26.737 8.127 15.231 -2.376 2.550 3.362 0.031 -7.854 3.764 5.881 -5.985 1.328
7.520 12.562 26.903 8.358 15.092 -3.231 2.563 4.639 -0.394 -8.470 4.090 5.748 -5.916 1.421
7.500 12.990 26.002 7.663 15.928 -4.193 5.929 4.481 -5.514 -6.674 9.459 2.812 -9.156 3.976
7.487 12.767 26.157 7.940 15.386 -3.248 3.635 3.025 -1.606 -5.376 3.661 3.593 -4.301 1.029
7.495 12.957 26.505 8.155 15.978 -3.246 5.902 3.689 -5.426 -6.608 9.326 3.431 -9.119 3.485
7.508 12.751 26.760 7.458 15.555 -4.647 5.517 6.613 -6.844 -10.085 13.695 4.153 -13.502 5.813
7.459 12.809 26.852 6.583 16.161 -2.312 5.388 2.496 -4.770 -4.929 8.874 1.606 -8.742 4.167
7.509 12.580 27.122 6.717 15.228 -3.733 4.539 5.183 -5.234 -8.784 11.991 3.560 -12.165 5.339
7.519 12.671 27.727 7.752 15.852 -0.836 4.741 -0.610 -1.808 -1.685 2.314 1.758 -2.682 0.676
7.535 12.943 26.327 6.951 15.886 -3.370 5.814 3.611 -5.649 -6.203 10.061 2.469 -9.642 4.204
7.524 12.515 27.543 6.571 15.553 -3.609 5.851 5.500 -7.061 -9.565 13.798 3.848 -13.459 5.956
7.500 13.185 26.646 7.716 16.120 -2.791 6.141 2.701 -5.868 -5.466 10.588 1.625 -10.264 4.986
7.483 12.190 27.142 7.058 14.994 -3.299 2.427 3.765 -0.599 -7.010 3.911 4.794 -5.332 1.305
7.630 12.826 27.419 7.004 15.519 -1.988 2.814 1.866 1.093 -4.842 -0.154 4.292 -1.380 -0.645
7.538 12.661 26.235 7.928 15.533 -3.476 3.735 4.072 -2.263 -7.031 5.545 4.126 -6.077 1.880
7.499 12.431 26.545 7.128 14.777 -4.144 2.585 5.348 -0.940 -8.583 4.211 5.842 -5.743 1.236
7.508 12.751 26.760 7.458 15.555 -4.647 5.517 6.613 -6.844 -10.085 13.695 4.153 -13.502 5.813
7.463 12.796 27.364 7.365 15.306 -2.224 3.700 2.483 -2.369 -5.301 6.228 2.602 -7.108 3.149
7.483 12.970 26.942 7.587 15.751 -3.633 5.105 4.047 -4.924 -6.591 10.065 2.417 -9.873 4.440
7.542 13.154 26.300 8.078 15.661 -5.055 4.758 6.663 -4.407 -9.795 8.791 5.266 -8.755 2.821
7.499 12.746 27.520 8.246 15.879 -1.845 5.428 1.703 -3.856 -4.232 5.937 2.481 -5.902 2.177
7.542 12.929 26.698 7.082 15.348 -4.678 4.528 5.919 -4.268 -8.823 8.697 4.691 -8.691 2.916
7.560 12.554 26.907 7.961 14.778 -2.936 1.845 2.957 0.622 -5.748 2.108 4.090 -3.841 0.896
7.532 12.939 26.202 7.230 15.999 -4.655 6.135 6.369 -7.206 -9.328 12.865 3.769 -11.776 4.783
7.501 12.857 26.613 8.285 15.163 -2.893 3.757 3.357 -2.775 -6.051 6.632 2.910 -7.262 3.071
7.495 12.747 26.734 7.091 15.353 -2.303 2.606 2.226 0.522 -5.364 1.629 4.117 -3.561 0.793
7.473 13.046 27.206 7.206 16.020 -1.633 4.597 1.081 -1.422 -4.208 2.619 3.722 -3.685 0.627
7.535 12.741 26.445 8.265 16.572 -3.828 9.348 3.373 -12.109 -3.883 17.476 -1.948 -13.940 7.700
7.519 12.691 26.955 7.726 14.919 -2.479 2.794 2.242 -0.707 -4.853 3.099 3.444 -4.182 1.068
7.526 13.126 27.002 7.630 15.987 -3.073 4.854 4.022 -2.938 -7.211 5.807 4.402 -6.280 1.875
7.474 12.765 26.032 7.593 16.177 -3.621 6.490 3.785 -7.280 -5.881 13.031 0.923 -12.244 6.290
7.513 12.919 27.237 7.404 15.253 -2.069 3.060 2.461 -0.493 -6.292 3.356 4.909 -4.952 0.938
7.573 13.063 27.466 7.947 15.793 -2.971 5.753 3.036 -5.685 -4.897 9.156 1.312 -7.950 3.672
7.627 12.666 26.417 7.199 15.470 -3.947 4.190 4.016 -3.831 -5.865 7.430 2.323 -6.970 2.876
7.524 13.002 26.529 7.106 15.477 -5.027 5.179 6.800 -5.926 -9.390 11.562 4.064 -11.329 4.620
7.586 12.688 27.073 9.249 15.647 -3.077 4.446 3.346 -3.513 -5.992 7.063 2.836 -7.085 2.849
7.556 13.065 26.943 7.405 15.459 -3.173 3.563 4.629 -2.898 -8.736 7.987 5.153 -8.870 2.916
7.535 12.773 26.931 7.787 15.738 -3.354 4.548 3.562 -2.302 -6.339 4.247 4.295 -4.765 1.025
7.576 12.730 26.887 8.890 16.079 -2.636 5.461 2.403 -4.242 -4.395 7.175 1.672 -7.020 3.172
7.577 13.002 27.158 7.792 15.832 -2.459 4.083 2.937 -2.071 -5.817 4.524 3.688 -5.076 1.468
7.637 12.578 26.872 7.469 15.635 -2.863 4.111 2.808 -1.995 -5.215 4.701 2.826 -5.081 1.802
7.896 12.741 27.815 7.458 15.483 -1.504 4.734 1.020 -4.067 -2.432 7.139 -0.249 -6.164 3.292
7.462 13.240 26.077 7.724 15.384 -3.491 4.744 3.776 -4.766 -5.872 8.688 2.220 -8.141 3.505
7.469 12.844 26.645 8.406 15.611 -1.700 3.336 1.463 0.143 -4.698 0.841 4.153 -2.208 -0.151
7.506 12.886 26.625 8.452 15.175 -2.929 3.815 3.024 -2.509 -6.057 6.110 3.378 -6.744 2.510
7.514 12.735 26.784 6.948 15.712 -2.424 5.088 2.366 -5.363 -4.196 9.693 0.602 -8.971 4.575
7.507 12.578 26.099 7.869 15.664 -4.767 5.209 5.864 -4.655 -8.520 8.619 4.405 -8.800 3.265
7.541 12.607 27.095 7.821 15.916 -2.800 6.140 3.537 -6.591 -6.523 12.079 2.121 -11.502 5.322
7.513 12.292 25.932 8.017 15.846 -4.552 6.629 5.420 -7.722 -7.830 13.137 2.513 -12.061 5.487
7.528 12.714 26.806 8.829 16.011 -2.864 5.614 2.859 -4.691 -5.094 7.403 2.262 -6.764 2.704
7.540 12.759 26.336 7.531 15.776 -4.112 5.448 5.054 -5.814 -7.936 11.124 3.423 -10.892 4.583
7.510 12.502 27.056 8.804 15.459 -2.462 4.359 2.686 -2.840 -5.505 5.934 3.006 -6.342 2.413
7.539 12.555 26.833 6.833 15.426 -3.156 3.737 3.992 -2.616 -7.721 7.402 4.362 -8.586 3.282
7.601 12.359 27.270 7.752 15.185 -2.718 3.146 3.138 -1.721 -5.821 5.250 3.017 -6.025 2.416
7.488 12.682 26.709 6.866 15.389 -3.814 4.226 5.079 -3.196 -9.124 7.283 5.691 -8.004 2.275
7.576 12.795 26.861 7.512 16.096 -3.414 7.004 3.035 -7.696 -4.243 11.466 -0.104 -9.352 4.846
7.517 13.071 27.453 8.105 15.723 -2.417 5.349 2.380 -4.927 -4.153 8.319 0.829 -7.645 3.906
7.457 12.194 26.764 7.562 15.582 -3.582 5.926 3.708 -5.910 -6.024 9.653 2.401 -8.966 3.865
7.545 13.029 26.907 8.104 16.055 -2.648 5.584 2.392 -4.304 -4.337 7.012 1.757 -6.988 3.254
7.547 12.827 26.714 8.862 15.584 -2.972 3.570 3.942 -1.139 -7.768 3.937 5.758 -5.276 0.837
7.499 13.132 26.625 6.495 15.420 -3.334 4.266 3.874 -3.632 -6.316 7.461 2.962 -7.461 2.965
7.542 13.060 26.830 6.301 16.275 -2.907 7.017 2.879 -7.354 -4.624 10.845 1.079 -9.358 4.366
7.240 12.301 25.690 7.949 15.883 -4.322 5.719 5.317 -5.777 -8.440 10.991 3.863 -11.266 4.864
7.528 13.251 26.796 7.669 15.398 -3.214 2.918 4.062 -1.735 -7.476 6.498 4.112 -7.675 2.874
7.544 13.253 26.446 6.925 14.765 -2.854 0.558 3.265 4.511 -6.908 -4.019 7.008 0.661 -2.399
7.100 12.528 26.815 8.242 15.692 -1.801 2.930 0.574 2.242 -4.221 -1.765 4.881 -0.923 -0.932
7.556 13.050 27.236 8.678 15.806 -2.740 4.440 3.960 -3.260 -7.035 7.018 3.530 -7.359 2.903
7.508 12.590 26.078 7.561 16.144 -2.970 5.806 2.967 -5.174 -5.556 9.467 2.076 -9.414 4.353
7.480 13.261 26.147 6.788 15.657 -4.510 5.502 5.641 -6.700 -8.037 13.057 2.234 -12.625 6.161
7.507 12.568 26.017 7.286 15.282 -5.136 5.583 6.252 -7.365 -8.488 14.244 2.287 -13.474 6.478
7.517 12.533 27.197 6.813 15.572 -3.007 6.335 2.549 -7.464 -3.776 12.396 -0.738 -10.993 6.157
7.526 12.550 27.271 7.206 15.806 -3.397 5.268 4.077 -4.531 -6.959 8.343 3.649 -8.451 3.200
7.523 12.812 26.414 7.280 15.919 -4.852 5.709 6.293 -5.846 -9.469 11.283 4.271 -11.172 4.573
7.519 12.691 26.955 7.726 14.919 -2.479 2.794 2.242 -0.707 -4.853 3.099 3.444 -4.182 1.068
7.466 12.979 26.726 7.298 15.139 -3.635 2.552 4.957 -0.542 -8.540 4.248 5.759 -6.150 1.553
7.510 12.848 26.758 7.997 15.512 -2.879 3.926 3.049 -2.516 -6.240 6.480 3.552 -7.337 2.805
7.537 12.825 27.700 6.218 15.722 -2.750 4.404 3.165 -2.451 -5.980 5.283 3.556 -5.963 2.053
7.507 12.624 26.871 6.697 15.733 -3.650 4.819 4.903 -3.489 -8.246 6.710 5.060 -6.979 1.899
7.522 12.740 26.722 7.822 15.482 -2.445 3.655 2.497 -0.994 -5.707 3.458 4.010 -4.762 1.372
7.545 13.029 26.907 8.104 16.055 -2.648 5.584 2.392 -4.304 -4.337 7.012 1.757 -6.988 3.254
7.467 12.744 26.801 6.970 15.940 -2.625 6.121 2.102 -6.258 -4.139 10.943 0.437 -10.564 5.621
7.538 12.805 27.302 7.642 15.491 -2.698 5.104 2.669 -4.381 -5.080 8.343 2.007 -8.361 3.800
7.493 12.251 26.762 8.215 15.630 -4.008 4.868 5.202 -4.388 -8.838 9.168 4.807 -9.584 3.469
7.522 13.456 27.154 8.209 15.626 -2.665 4.345 3.539 -3.764 -6.354 7.908 2.922 -8.098 3.396
7.562 12.836 26.767 8.329 15.472 -1.738 3.419 1.215 -1.185 -3.402 3.110 2.123 -3.794 1.396
7.514 12.597 27.886 7.966 15.458 -2.507 4.066 3.491 -2.385 -7.382 6.227 4.800 -7.410 2.385
7.521 12.918 26.521 8.008 15.798 -4.261 6.717 4.917 -8.204 -7.185 13.735 1.837 -12.280 5.804
7.549 13.219 26.159 8.183 15.839 -3.453 5.157 3.649 -5.600 -5.974 10.888 1.801 -10.392 4.840
7.572 12.631 27.222 6.642 15.670 -3.591 4.861 4.595 -4.417 -7.821 9.166 3.713 -8.973 3.461
7.532 12.800 26.627 7.264 15.356 -2.368 3.198 2.282 -0.813 -5.685 3.998 3.847 -5.643 1.934
7.571 12.901 27.806 7.644 15.775 -2.970 4.800 3.004 -2.432 -5.436 3.554 3.796 -3.569 0.442
7.578 12.702 26.803 8.120 15.759 -2.669 5.097 2.334 -4.091 -4.303 7.452 1.397 -7.191 3.391
7.537 13.136 27.002 7.228 16.255 -2.457 5.616 2.731 -4.617 -5.822 9.143 2.273 -9.361 4.369
7.523 12.761 26.168 7.503 16.022 -3.995 4.148 5.160 -2.097 -8.748 6.138 5.356 -7.456 2.365
7.471 12.620 25.596 8.034 15.858 -5.075 5.333 6.770 -6.420 -9.267 13.199 2.960 -12.885 6.064
7.507 12.578 26.099 7.869 15.664 -4.767 5.209 5.864 -4.655 -8.520 8.619 4.405 -8.800 3.265
7.502 12.364 26.880 9.063 15.573 -3.071 4.175 4.242 -3.618 -7.729 9.092 3.678 -9.945 4.268
7.592 12.726 27.277 7.028 15.343 -1.083 3.377 0.347 -1.265 -2.979 4.074 1.670 -4.902 2.091
7.524 12.898 26.781 6.978 16.149 -2.164 4.472 2.482 -2.534 -5.459 5.615 3.302 -6.384 2.320
7.528 12.955 27.061 6.830 15.384 -3.514 4.335 4.581 -3.897 -7.671 8.528 3.780 -8.734 3.368
7.523 13.127 25.866 8.159 15.863 -4.918 5.439 6.806 -5.968 -10.188 11.510 4.919 -11.223 4.194
7.524 12.952 26.835 7.567 15.841 -2.070 3.641 1.245 -0.351 -3.647 1.438 3.076 -2.793 0.600
7.514 13.041 26.513 7.877 15.535 -3.732 4.171 4.433 -3.249 -7.317 7.471 3.837 -8.185 3.179
7.518 12.569 27.644 7.860 15.643 -2.247 5.080 2.419 -4.476 -4.595 8.034 1.389 -7.576 3.614
7.512 12.938 26.355 8.729 16.132 -4.250 6.801 5.487 -7.179 -8.444 12.560 3.266 -11.855 5.143
7.527 12.921 27.092 8.292 15.989 -2.132 4.908 2.093 -3.392 -4.945 6.557 2.787 -7.230 2.976
7.476 12.649 27.216 6.799 15.841 -2.097 5.903 0.970 -4.860 -2.334 7.585 -0.164 -7.027 3.910
7.563 12.750 26.705 7.611 15.347 -3.553 3.937 4.502 -2.981 -7.771 7.070 4.226 -7.647 2.746
7.570 12.364 26.338 8.137 15.819 -3.669 5.196 4.112 -4.488 -6.883 8.627 3.214 -8.664 3.572
7.484 12.741 26.759 8.349 15.347 -2.256 3.863 1.295 -2.689 -3.106 5.781 1.179 -6.337 3.134
7.466 12.888 27.121 7.143 15.500 -2.606 4.992 2.108 -4.565 -3.984 8.285 0.942 -8.099 4.144
7.548 12.792 27.095 7.969 15.523 -2.700 3.301 3.728 -0.806 -7.776 3.812 5.737 -5.241 0.852
7.533 12.584 25.997 7.066 15.714 -4.669 5.610 5.253 -5.635 -7.463 9.940 2.907 -9.301 3.958
7.516 12.866 27.873 7.819 15.535 -1.339 4.386 1.837 -3.350 -4.921 7.155 2.294 -7.705 3.499
7.474 12.765 26.032 7.593 16.177 -3.621 6.490 3.785 -7.280 -5.881 13.031 0.923 -12.244 6.290
7.455 12.716 27.034 7.807 15.609 -2.823 4.484 3.037 -4.122 -5.693 8.907 2.140 -9.200 4.342
7.498 12.834 26.111 7.828 15.213 -3.888 2.833 6.165 -1.456 -10.964 6.541 7.391 -8.434 2.054
7.523 12.961 27.060 7.789 15.380 -1.925 3.422 2.074 -1.779 -5.424 5.761 3.011 -6.991 2.926
7.534 12.748 26.910 8.182 15.424 -2.506 3.200 2.461 -0.494 -5.723 3.258 3.987 -4.978 1.580
7.483 12.875 26.070 8.124 15.573 -3.569 4.288 4.184 -2.999 -7.077 6.584 4.120 -7.290 2.520
7.536 12.762 26.995 8.352 15.592 -2.408 4.708 1.931 -2.646 -4.361 4.608 2.744 -4.990 1.698
7.512 12.891 27.291 7.132 15.423 -2.801 5.424 2.544 -5.694 -4.284 10.020 0.574 -9.375 4.851
7.455 13.511 25.993 8.021 15.320 -3.790 3.819 4.313 -2.239 -7.208 5.565 4.412 -6.332 1.867
7.475 12.902 27.294 7.033 15.938 -3.524 6.145 3.992 -6.120 -6.513 10.856 2.147 -10.276 4.802
7.455 12.999 26.235 7.739 15.158 -4.341 2.919 5.247 -1.518 -8.514 5.716 5.186 -7.089 2.218
7.586 12.487 27.011 8.115 15.812 -3.560 4.753 4.821 -3.953 -8.454 7.987 4.930 -8.008 2.391
7.590 13.163 26.130 8.375 16.340 -3.531 6.109 4.295 -6.254 -6.676 10.746 2.279 -9.711 4.235
7.568 12.787 26.410 6.922 16.082 -2.546 5.657 2.468 -4.667 -4.813 8.176 1.709 -7.903 3.709
7.576 12.795 26.861 7.512 16.096 -3.414 7.004 3.035 -7.696 -4.243 11.466 -0.104 -9.352 4.846
7.543 13.000 26.347 8.790 15.865 -4.106 5.163 4.890 -4.323 -7.836 8.241 4.072 -8.323 3.015
7.591 12.494 27.421 7.054 15.055 -2.244 3.242 2.296 -1.307 -5.390 3.432 3.921 -3.942 0.605
7.552 12.682 27.156 7.828 14.944 -1.803 1.164 1.663 2.763 -4.539 -1.011 3.816 -1.671 0.140
7.500 12.903 26.332 8.201 15.908 -2.977 5.330 2.797 -4.040 -4.920 6.623 2.318 -6.285 2.511
7.488 12.305 26.510 6.549 15.289 -3.648 3.053 5.097 -0.952 -9.572 5.592 6.330 -7.804 2.356
7.455 13.167 26.956 6.600 15.349 -4.059 3.768 5.590 -1.826 -8.858 4.805 5.890 -5.731 1.045
7.496 12.696 27.239 7.220 15.976 -1.800 5.701 1.364 -4.570 -3.879 7.658 1.540 -7.505 3.484
7.487 12.776 26.673 7.927 15.362 -3.665 3.207 4.738 -1.805 -8.565 6.521 5.195 -8.176 2.874
7.544 12.498 26.444 7.177 16.094 -3.730 7.218 3.795 -6.884 -5.571 9.290 2.152 -7.558 2.946
7.505 12.495 26.447 7.374 15.847 -3.381 5.198 4.393 -5.242 -7.151 10.662 2.520 -10.734 5.035
7.481 12.980 27.967 7.254 15.533 -2.802 5.025 3.396 -4.816 -5.927 8.868 2.563 -8.675 3.694
7.447 13.694 26.978 7.919 16.184 -2.898 6.296 2.891 -7.040 -4.482 11.905 0.257 -10.789 5.624
7.495 13.047 27.335 7.713 14.986 -3.459 3.550 5.149 -3.643 -9.238 10.668 4.427 -11.962 5.129
7.495 12.560 27.415 7.451 15.595 -2.399 4.410 3.134 -3.023 -6.570 6.749 3.971 -7.562 2.719
7.221 12.833 26.678 7.776 15.658 -3.413 4.715 4.059 -3.530 -7.652 7.813 4.434 -8.668 3.149
7.214 12.868 26.591 7.957 16.033 -2.886 5.067 2.508 -3.457 -5.277 6.020 3.152 -6.297 2.238
7.507 12.701 26.466 7.909 16.141 -4.908 8.260 6.075 -11.295 -8.083 19.006 0.684 -16.702 8.570
7.487 12.824 26.564 7.874 15.578 -3.585 4.965 3.937 -5.180 -6.050 10.505 1.425 -10.306 5.249
7.484 12.741 26.759 8.349 15.347 -2.256 3.863 1.295 -2.689 -3.106 5.781 1.179 -6.337 3.134
7.551 13.054 27.099 7.241 15.759 -1.363 4.624 0.674 -2.455 -3.242 4.890 1.921 -5.501 2.282
7.534 12.537 27.187 6.988 15.590 -2.846 4.167 4.155 -3.242 -7.300 7.301 3.703 -7.797 3.106
7.814 12.758 26.899 7.822 15.512 -3.821 3.888 4.964 -1.611 -7.766 3.606 5.125 -3.808 0.197
7.527 13.540 26.224 7.675 16.051 -3.012 6.066 2.305 -5.734 -3.705 9.022 0.461 -8.069 4.124
7.472 12.338 25.605 7.340 15.538 -3.806 4.457 4.679 -4.018 -7.786 9.304 3.621 -10.071 4.339
7.470 12.682 26.630 8.110 15.754 -4.012 5.154 4.885 -5.198 -8.132 11.233 3.369 -11.606 5.206
7.455 13.167 26.956 6.600 15.349 -4.059 3.768 5.590 -1.826 -8.858 4.805 5.890 -5.731 1.045
7.515 13.087 27.277 7.616 15.787 -2.899 5.415 3.571 -5.210 -7.026 10.812 2.772 -10.873 4.885
7.512 12.640 26.863 7.814 15.662 -3.638 4.884 5.101 -4.469 -8.736 9.591 4.423 -9.839 3.740
7.530 12.687 26.744 8.145 16.057 -3.394 6.077 4.054 -6.471 -6.541 11.842 1.751 -11.081 5.326
7.535 12.943 26.327 6.951 15.886 -3.370 5.814 3.611 -5.649 -6.203 10.061 2.469 -9.642 4.204
7.495 12.957 26.505 8.155 15.978 -3.246 5.902 3.689 -5.426 -6.608 9.326 3.431 -9.119 3.485
7.564 12.902 26.591 7.352 15.740 -3.601 5.019 4.738 -4.822 -7.750 9.372 3.783 -9.292 3.584
7.472 12.609 26.956 7.742 15.530 -2.996 4.067 3.249 -2.806 -5.519 6.048 2.559 -6.501 2.806
7.527 12.699 27.288 7.535 15.604 -2.985 4.807 4.498 -4.454 -7.979 9.543 3.715 -10.013 4.326
7.506 12.915 26.339 8.189 15.589 -3.231 4.957 3.669 -4.484 -6.123 7.748 2.977 -7.342 2.808
7.600 12.893 26.524 7.535 16.074 -2.136 6.443 1.032 -6.820 -1.991 11.013 -1.824 -9.550 5.811
7.539 13.156 26.799 7.634 15.348 -2.551 3.773 1.955 -1.878 -4.223 4.372 2.355 -5.116 2.074
7.543 13.000 26.347 8.790 15.865 -4.106 5.163 4.890 -4.323 -7.836 8.241 4.072 -8.323 3.015
7.776 12.673 27.368 8.371 15.358 -1.599 3.231 1.510 -0.383 -4.820 2.105 4.055 -2.904 -0.021
7.483 13.048 26.348 7.525 15.263 -2.893 2.819 3.827 -0.962 -7.559 4.608 5.164 -6.256 1.693
7.530 12.447 26.531 8.451 15.439 -4.579 4.617 6.010 -4.764 -9.309 10.683 4.270 -11.063 4.562
7.495 12.560 27.415 7.451 15.595 -2.399 4.410 3.134 -3.023 -6.570 6.749 3.971 -7.562 2.719
7.528 12.955 27.061 6.830 15.384 -3.514 4.335 4.581 -3.897 -7.671 8.528 3.780 -8.734 3.368
7.543 12.892 26.807 7.649 15.575 -3.523 4.827 3.199 -3.805 -5.465 7.429 2.236 -7.571 3.434
7.550 12.737 26.441 7.545 15.436 -2.444 4.235 1.998 -2.762 -4.212 5.275 2.202 -5.480 2.197
7.490 12.984 26.648 7.559 15.650 -3.731 5.366 4.331 -4.529 -6.773 7.350 3.610 -6.983 2.379
7.533 12.754 26.440 8.418 15.309 -2.814 3.285 2.931 -0.948 -5.980 2.923 4.318 -4.024 0.808
7.531 12.393 26.978 8.551 15.741 -2.777 6.138 3.208 -6.442 -6.043 10.996 2.166 -10.313 4.627
7.584 12.889 26.716 7.110 15.287 -2.288 3.114 3.606 -1.000 -8.281 5.004 5.759 -6.594 1.620
7.476 12.649 27.216 6.799 15.841 -2.097 5.903 0.970 -4.860 -2.334 7.585 -0.164 -7.027 3.910
8.299 12.916 27.862 8.503 15.235 -2.057 2.911 3.147 -0.284 -6.345 2.703 4.494 -3.991 0.714
7.589 12.494 26.740 8.153 15.147 -2.308 2.605 1.907 0.097 -4.376 1.843 3.006 -3.099 0.852
7.480 12.730 26.871 7.002 15.294 -3.296 5.573 3.529 -6.539 -5.917 11.516 1.675 -10.648 5.015
7.553 13.008 26.617 8.017 15.262 -3.096 1.956 3.384 1.537 -6.235 0.208 5.087 -2.194 -0.395
7.521 12.832 26.679 7.848 15.337 -2.790 4.015 3.375 -3.080 -7.165 8.073 4.000 -9.237 3.711
7.489 13.063 26.819 7.277 15.320 -2.694 3.772 2.759 -2.446 -5.457 6.260 2.557 -6.960 3.053
7.521 12.655 26.594 7.097 15.858 -3.402 5.627 3.628 -5.725 -6.168 10.756 1.974 -10.543 5.049
7.543 13.121 26.632 8.729 16.338 -2.264 6.819 1.897 -7.292 -3.534 11.980 -0.604 -10.566 5.818
7.586 12.771 27.114 7.933 15.809 -2.220 5.245 2.184 -4.192 -4.434 7.700 1.649 -7.649 3.525
7.514 12.735 26.784 6.948 15.712 -2.424 5.088 2.366 -5.363 -4.196 9.693 0.602 -8.971 4.575
7.571 12.275 26.814 6.879 15.687 -4.306 6.329 5.238 -7.555 -7.181 13.027 1.639 -11.547 5.486
7.548 13.164 27.188 7.848 15.909 -2.405 5.157 3.691 -5.245 -6.775 10.361 2.794 -10.195 4.429
7.521 12.655 26.594 7.097 15.858 -3.402 5.627 3.628 -5.725 -6.168 10.756 1.974 -10.543 5.049
7.474 12.682 26.685 6.790 15.714 -3.364 4.728 3.815 -4.104 -6.398 7.655 3.093 -7.577 2.982
7.448 12.614 26.830 7.061 15.571 -3.644 5.441 4.058 -5.184 -6.273 9.150 2.435 -8.752 3.853
7.517 12.444 27.710 7.852 14.955 -3.211 2.313 5.017 -0.863 -9.064 5.734 5.614 -7.740 2.566
7.552 12.491 26.252 8.532 15.854 -3.324 4.412 3.045 -1.691 -5.764 3.859 3.948 -4.709 1.147
7.498 12.545 26.315 7.903 15.292 -3.824 3.495 4.956 -1.627 -8.666 5.440 5.623 -7.004 2.023
7.482 12.721 26.613 7.540 16.252 -3.097 5.385 2.780 -2.856 -5.170 4.693 3.236 -5.213 1.694
7.479 12.557 25.919 7.936 15.019 -3.563 1.761 4.261 1.136 -7.857 1.358 6.328 -3.586 -0.085
7.531 12.319 27.825 7.340 15.145 -2.990 3.012 4.301 -1.214 -7.855 4.312 5.505 -5.484 1.003
7.477 12.825 26.253 8.502 15.581 -3.594 4.937 4.872 -4.325 -8.589 8.690 5.022 -9.072 3.007
7.620 12.932 27.051 6.891 15.659 -2.108 3.987 1.746 -1.225 -4.473 2.647 3.338 -3.161 0.480
7.520 12.840 26.465 7.142 16.045 -3.646 7.145 3.771 -8.330 -5.373 13.264 0.353 -11.395 5.800
7.494 12.982 26.639 6.886 15.618 -2.568 4.669 2.545 -3.540 -5.143 6.892 2.610 -7.105 2.890
7.420 13.217 27.060 7.675 15.566 -2.497 3.898 3.211 -2.602 -6.588 6.389 3.727 -7.120 2.607
7.455 13.511 25.993 8.021 15.320 -3.790 3.819 4.313 -2.239 -7.208 5.565 4.412 -6.332 1.867
7.476 12.871 26.557 7.706 15.586 -2.933 3.525 3.366 -0.918 -6.533 3.547 4.568 -4.785 1.107
7.597 12.266 28.263 6.949 15.346 -2.128 3.708 1.890 -2.311 -4.227 5.835 1.489 -6.368 3.188
7.458 12.444 26.581 7.910 15.106 -3.498 2.103 4.872 0.281 -8.882 3.191 6.544 -5.359 0.800
7.597 13.042 26.730 8.144 16.109 -3.813 6.712 4.803 -8.038 -6.922 13.058 1.608 -11.147 5.217
7.503 12.621 26.396 7.386 15.767 -3.923 6.252 3.929 -7.294 -5.806 12.454 1.035 -11.136 5.499
7.447 12.741 26.957 7.543 14.221 -3.152 0.887 5.245 0.758 -10.165 4.370 7.105 -6.884 1.484
7.523 12.538 27.545 7.002 15.057 -2.914 2.844 4.469 -1.180 -8.373 5.656 5.170 -7.312 2.411
7.485 12.955 26.630 7.759 15.422 -2.238 4.302 2.050 -2.697 -4.760 6.057 2.262 -6.707 3.041
7.542 12.929 26.746 8.635 15.400 -5.083 5.351 6.468 -6.016 -8.959 11.691 3.556 -11.327 4.853
7.512 12.750 27.570 8.280 15.937 -3.077 5.899 4.282 -5.897 -7.500 10.720 3.145 -10.419 4.518
7.518 12.712 26.482 7.968 15.307 -2.572 2.889 2.632 0.097 -5.989 1.968 4.843 -3.710 0.429
7.445 13.022 27.063 7.821 15.365 -2.608 3.123 2.922 -0.652 -6.563 3.958 4.594 -5.791 1.781
7.489 12.662 26.931 8.671 15.001 -3.482 3.708 3.704 -2.306 -6.349 5.660 3.376 -6.295 2.366
7.509 12.664 26.889 7.392 14.821 -2.749 2.703 2.737 -1.406 -5.141 5.060 2.540 -6.148 2.727
7.469 13.045 26.696 8.194 16.037 -3.461 5.847 3.846 -5.193 -6.301 8.689 2.927 -8.523 3.531
7.475 12.902 27.294 7.033 15.938 -3.524 6.145 3.992 -6.120 -6.513 10.856 2.147 -10.276 4.802
7.635 12.614 27.322 7.446 15.924 -3.281 6.229 3.977 -5.821 -6.706 9.288 3.089 -8.167 2.953
7.586 12.487 27.011 8.115 15.812 -3.560 4.753 4.821 -3.953 -8.454 7.987 4.930 -8.008 2.391
7.533 12.997 26.688 7.345 15.432 -2.401 3.508 2.459 -1.504 -5.272 4.020 3.411 -4.974 1.646
7.526 12.646 26.109 8.627 15.787 -4.116 6.511 4.614 -8.137 -6.833 14.221 1.200 -12.739 6.329
7.509 13.285 25.825 8.911 15.102 -4.598 2.239 6.253 -0.345 -10.259 4.265 7.146 -6.248 1.094
7.891 12.799 27.511 8.216 15.238 -3.771 4.635 4.163 -3.603 -5.728 5.746 2.710 -4.869 1.460
7.528 12.714 26.806 8.829 16.011 -2.864 5.614 2.859 -4.691 -5.094 7.403 2.262 -6.764 2.704
7.523 12.927 26.788 7.332 15.708 -1.656 3.725 2.220 -1.576 -6.086 5.264 3.949 -6.695 2.400
7.476 13.181 26.340 7.785 15.535 -3.743 4.122 3.657 -1.897 -6.058 4.307 3.909 -5.247 1.560
7.528 12.851 26.885 7.065 15.914 -3.643 7.128 3.785 -8.318 -5.510 12.869 0.854 -11.193 5.520
7.495 12.998 26.390 8.234 15.579 -3.323 4.550 4.418 -3.874 -7.591 8.297 3.728 -8.651 3.471
7.459 12.988 26.147 8.061 15.408 -3.925 3.856 5.159 -1.962 -8.718 5.272 5.669 -6.305 1.485
7.508 12.410 27.426 7.313 15.071 -2.859 3.661 2.615 -1.759 -5.000 4.437 2.991 -5.485 2.137
7.588 12.883 27.414 7.039 16.530 -1.859 7.860 1.678 -8.137 -3.685 11.946 0.063 -10.234 5.185
7.552 12.491 26.252 8.532 15.854 -3.324 4.412 3.045 -1.691 -5.764 3.859 3.948 -4.709 1.147
7.499 12.521 27.140 7.993 15.425 -2.084 3.447 1.629 -0.795 -4.696 3.236 3.326 -4.456 1.339
7.221 12.833 26.678 7.776 15.658 -3.413 4.715 4.059 -3.530 -7.652 7.813 4.434 -8.668 3.149
7.472 12.338 25.605 7.340 15.538 -3.806 4.457 4.679 -4.018 -7.786 9.304 3.621 -10.071 4.339
7.492 12.900 26.933 8.201 15.734 -2.665 5.788 3.637 -6.634 -6.734 12.603 1.960 -12.035 5.747
7.477 12.502 27.009 7.835 15.524 -2.420 4.455 2.084 -3.156 -4.116 5.785 1.861 -5.898 2.556
7.480 13.261 26.147 6.788 15.657 -4.510 5.502 5.641 -6.700 -8.037 13.057 2.234 -12.625 6.161
7.576 12.795 26.861 7.512 16.096 -3.414 7.004 3.035 -7.696 -4.243 11.466 -0.104 -9.352 4.846
7.544 12.331 26.700 7.031 15.378 -3.391 3.890 4.332 -2.112 -8.323 6.175 5.635 -7.570 2.132
7.490 13.015 26.782 7.771 15.957 -2.618 5.158 2.678 -4.172 -5.223 8.297 1.928 -8.412 3.963
7.509 13.010 27.015 7.102 15.937 -2.014 5.360 1.916 -4.936 -3.740 8.563 0.426 -8.014 4.284
7.593 13.065 27.169 7.780 14.719 -3.033 1.500 3.653 1.545 -7.180 0.623 5.878 -2.772 -0.352
7.481 12.784 25.909 6.536 16.287 -3.837 6.861 4.126 -7.518 -6.146 12.306 1.613 -11.235 5.330
7.509 12.800 27.191 7.612 15.120 -3.570 2.747 5.203 -1.193 -9.466 6.699 5.739 -8.885 3.206
7.461 12.498 27.275 7.772 15.783 -3.440 4.396 4.181 -2.920 -6.896 6.504 3.486 -7.099 2.871
7.511 12.592 26.196 7.349 15.929 -4.223 6.938 4.819 -8.782 -6.721 14.805 0.938 -13.299 6.792
7.471 12.714 27.578 7.741 15.898 -2.380 4.920 3.079 -3.315 -6.418 6.563 3.949 -7.053 2.339
7.585 13.024 26.528 8.250 15.480 -2.702 3.245 3.462 -1.358 -7.014 5.037 4.274 -6.185 2.041
7.898 12.971 27.665 7.649 15.512 -1.922 3.874 0.934 -1.108 -2.584 2.267 1.394 -2.715 1.170
7.561 13.274 26.865 8.681 15.446 -3.613 4.634 5.971 -5.256 -10.573 12.538 4.879 -13.139 5.558
7.492 12.700 26.251 7.942 15.419 -3.605 3.326 3.879 -1.200 -6.787 4.205 4.384 -5.554 1.673
7.473 12.938 26.687 8.221 15.465 -2.927 3.850 4.475 -2.608 -8.262 6.726 5.134 -7.950 2.622
7.515 13.087 27.277 7.616 15.787 -2.899 5.415 3.571 -5.210 -7.026 10.812 2.772 -10.873 4.885
7.122 13.160 26.054 7.701 16.025 -4.222 5.938 5.702 -6.377 -9.192 12.292 4.109 -12.579 5.466
7.497 12.677 26.173 6.862 15.869 -2.821 4.368 2.998 -2.086 -5.891 3.523 4.538 -3.906 0.300
7.560 12.453 26.913 8.244 15.318 -3.518 3.803 4.290 -2.346 -7.500 6.585 4.053 -7.280 2.580
7.443 12.583 26.941 6.670 15.459 -4.021 4.472 5.571 -3.926 -8.655 8.311 4.604 -8.594 3.005
7.520 12.853 27.015 7.351 15.745 -1.445 4.617 0.500 -3.117 -2.774 5.920 1.075 -6.368 3.162
7.489 12.883 26.342 8.683 15.549 -3.955 5.270 5.181 -5.142 -8.807 10.752 4.218 -11.056 4.521
7.491 12.699 26.663 8.126 15.528 -3.095 3.901 3.953 -2.977 -6.895 7.105 3.564 -7.635 2.935
7.523 12.762 26.919 7.677 15.264 -3.992 4.009 4.959 -3.113 -8.147 6.623 5.196 -7.013 1.726
7.438 12.415 26.735 6.666 15.742 -2.803 4.376 3.142 -2.820 -6.202 5.952 3.562 -6.350 2.174
7.479 13.103 26.988 7.621 15.691 -3.441 4.499 4.394 -3.563 -7.736 8.463 4.002 -9.458 3.887
7.499 12.769 26.311 6.844 15.387 -3.319 3.331 3.851 -2.244 -6.582 6.079 3.601 -7.034 2.728
7.489 12.765 27.701 7.904 15.821 -2.809 6.125 3.756 -6.245 -6.804 11.080 2.742 -10.430 4.446
7.562 12.836 26.767 8.329 15.472 -1.738 3.419 1.215 -1.185 -3.402 3.110 2.123 -3.794 1.396
7.444 12.795 26.846 7.783 15.499 -3.007 3.826 4.037 -2.539 -8.055 7.087 4.806 -8.141 2.798
7.514 12.735 26.784 6.948 15.712 -2.424 5.088 2.366 -5.363 -4.196 9.693 0.602 -8.971 4.575
7.514 12.597 27.886 7.966 15.458 -2.507 4.066 3.491 -2.385 -7.382 6.227 4.800 -7.410 2.385
7.588 12.883 27.414 7.039 16.530 -1.859 7.860 1.678 -8.137 -3.685 11.946 0.063 -10.234 5.185
7.462 13.178 26.284 8.623 15.719 -2.942 5.099 3.316 -5.779 -4.714 10.388 0.373 -9.381 4.965
7.544 12.498 26.444 7.177 16.094 -3.730 7.218 3.795 -6.884 -5.571 9.290 2.152 -7.558 2.946
7.471 12.620 25.596 8.034 15.858 -5.075 5.333 6.770 -6.420 -9.267 13.199 2.960 -12.885 6.064
7.535 12.943 26.327 6.951 15.886 -3.370 5.814 3.611 -5.649 -6.203 10.061 2.469 -9.642 4.204
7.527 13.540 26.224 7.675 16.051 -3.012 6.066 2.305 -5.734 -3.705 9.022 0.461 -8.069 4.124
7.518 12.712 26.482 7.968 15.307 -2.572 2.889 2.632 0.097 -5.989 1.968 4.843 -3.710 0.429
7.503 12.983 26.945 7.661 15.362 -4.055 4.261 5.603 -4.178 -9.287 10.922 4.043 -11.838 5.251
7.527 12.988 26.706 7.242 15.502 -4.584 5.654 6.901 -7.734 -9.783 14.826 3.326 -13.934 6.246
7.122 13.160 26.054 7.701 16.025 -4.222 5.938 5.702 -6.377 -9.192 12.292 4.109 -12.579 5.466
7.478 12.915 26.515 8.853 15.778 -3.504 4.930 3.814 -3.604 -6.823 6.215 4.397 -6.275 1.642
7.563 12.893 26.932 8.214 15.611 -2.974 4.110 3.529 -2.761 -6.433 7.200 3.038 -8.202 3.649
7.524 12.952 26.835 7.567 15.841 -2.070 3.641 1.245 -0.351 -3.647 1.438 3.076 -2.793 0.600
7.463 12.963 26.508 7.520 16.118 -2.400 5.156 1.914 -3.189 -3.897 5.471 1.790 -5.867 2.699
7.542 12.545 27.349 7.918 15.593 -2.816 5.113 3.502 -4.873 -6.416 9.118 2.993 -8.783 3.465
7.476 12.954 26.333 7.687 15.083 -3.843 2.840 5.439 -1.287 -9.683 5.808 6.456 -7.502 1.922
7.483 12.970 26.942 7.587 15.751 -3.633 5.105 4.047 -4.924 -6.591 10.065 2.417 -9.873 4.440
7.479 12.209 26.302 7.172 15.428 -4.734 4.327 6.146 -4.481 -9.339 10.259 4.406 -10.783 4.418
7.601 12.710 27.473 7.115 15.644 -2.256 4.447 2.142 -2.900 -4.573 5.493 2.526 -5.520 1.969
7.534 13.043 25.865 8.603 16.725 -4.916 7.928 6.004 -8.343 -8.554 13.229 2.996 -11.816 5.181
7.497 13.292 26.643 7.806 15.521 -4.043 5.241 5.267 -5.183 -8.213 9.260 4.174 -8.801 3.105
7.654 12.822 26.979 7.840 15.807 -2.813 6.361 2.721 -6.846 -3.916 10.314 -0.067 -8.350 4.329
7.593 13.065 27.169 7.780 14.719 -3.033 1.500 3.653 1.545 -7.180 0.623 5.878 -2.772 -0.352
7.631 12.824 27.199 6.529 15.503 -2.580 4.288 3.012 -2.444 -6.141 5.423 3.610 -5.861 1.916
7.476 12.969 25.893 8.813 15.952 -3.004 4.996 3.778 -4.584 -7.569 9.841 3.717 -10.375 4.361
7.509 12.800 27.191 7.612 15.120 -3.570 2.747 5.203 -1.193 -9.466 6.699 5.739 -8.885 3.206
7.491 12.699 26.663 8.126 15.528 -3.095 3.901 3.953 -2.977 -6.895 7.105 3.564 -7.635 2.935
7.723 12.759 27.590 7.598 15.754 -2.053 3.967 1.774 -1.657 -3.660 3.012 2.095 -3.085 0.966
7.534 13.047 25.988 7.908 15.309 -4.342 3.342 5.917 -2.524 -9.040 7.204 4.923 -8.000 2.701
7.511 12.562 26.965 7.760 14.733 -4.540 2.622 7.158 -2.275 -11.634 8.285 6.880 -9.772 3.067
7.546 12.677 26.679 7.040 15.178 -2.904 2.099 3.591 0.539 -7.206 2.907 5.188 -4.866 0.972
7.509 12.847 26.605 7.527 15.606 -2.225 3.540 1.393 -0.456 -3.911 1.903 3.256 -3.213 0.661
7.495 12.957 26.505 8.155 15.978 -3.246 5.902 3.689 -5.426 -6.608 9.326 3.431 -9.119 3.485
7.535 12.198 26.712 7.236 15.815 -3.081 4.939 3.180 -3.458 -5.794 6.586 3.051 -6.958 2.758
7.479 12.209 26.302 7.172 15.428 -4.734 4.327 6.146 -4.481 -9.339 10.259 4.406 -10.783 4.418
7.497 12.862 26.126 8.183 15.602 -4.075 5.888 4.771 -6.919 -7.057 12.620 1.938 -11.957 5.796
7.548 13.210 25.907 7.985 16.214 -4.602 6.020 6.752 -5.925 -10.307 11.052 5.140 -10.665 3.792
7.495 12.999 26.560 6.719 16.518 -4.051 7.715 4.445 -8.028 -6.614 11.946 2.336 -10.502 4.533
7.463 12.649 27.271 6.861 15.604 -3.502 4.792 4.745 -4.971 -8.571 11.707 3.546 -12.469 5.745
7.544 12.498 26.444 7.177 16.094 -3.730 7.218 3.795 -6.884 -5.571 9.290 2.152 -7.558 2.946
7.438 12.914 26.646 7.218 15.723 -3.395 4.933 4.212 -4.847 -7.470 10.441 3.227 -11.109 5.114
7.452 12.813 26.541 7.656 15.630 -4.423 4.445 6.380 -4.743 -10.297 11.813 4.390 -12.715 5.782
7.489 12.662 26.931 8.671 15.001 -3.482 3.708 3.704 -2.306 -6.349 5.660 3.376 -6.295 2.366
7.488 13.300 27.217 6.833 15.239 -3.271 4.316 4.284 -4.244 -7.748 9.381 3.829 -9.846 4.014
7.565 12.523 26.865 8.183 15.566 -1.855 4.511 1.378 -3.409 -3.507 6.254 1.324 -6.124 2.777
7.615 13.348 26.988 7.694 15.714 -2.130 3.670 1.669 -0.870 -4.319 3.022 2.954 -4.066 1.243
7.554 12.633 25.458 8.201 15.542 -3.673 3.565 4.124 -1.265 -7.280 4.195 4.701 -5.406 1.442
7.524 12.898 26.781 6.978 16.149 -2.164 4.472 2.482 -2.534 -5.459 5.615 3.302 -6.384 2.320
7.476 12.649 27.216 6.799 15.841 -2.097 5.903 0.970 -4.860 -2.334 7.585 -0.164 -7.027 3.910
7.473 12.553 26.579 8.258 15.821 -3.713 4.638 4.995 -4.047 -8.215 9.356 3.737 -9.884 4.219
7.584 12.556 26.852 8.066 16.042 -2.087 5.777 1.952 -5.158 -4.420 8.551 1.605 -8.014 3.598
7.474 13.019 26.886 7.010 16.115 -2.759 6.297 3.141 -6.773 -5.367 11.667 1.203 -10.825 5.324
7.489 13.061 26.343 6.884 15.507 -3.429 4.205 4.271 -4.103 -6.973 8.755 3.017 -8.937 3.889
7.577 12.784 27.619 7.030 15.004 -2.763 2.624 3.573 -0.104 -6.933 2.925 4.841 -4.624 1.059
7.456 13.295 26.709 7.990 15.408 -2.638 2.881 3.521 -0.846 -7.542 5.044 4.913 -6.914 2.280
7.480 12.610 26.899 8.933 16.260 -2.315 7.128 1.887 -7.677 -3.490 12.302 -0.614 -11.050 6.101
7.561 12.713 27.205 7.389 14.950 -1.959 2.160 1.979 0.232 -4.735 1.969 3.386 -3.290 0.833
7.508 12.680 26.179 7.704 15.506 -2.999 4.457 3.246 -3.535 -6.121 7.106 3.314 -7.505 2.851
7.554 13.251 26.980 8.261 15.530 -2.790 3.808 2.382 -1.417 -4.505 3.257 2.642 -3.917 1.359
7.369 12.639 25.651 8.398 15.708 -3.248 3.252 2.836 -0.437 -5.526 2.908 3.820 -4.348 1.186
7.554 13.179 27.126 7.969 15.625 -1.954 4.519 1.316 -2.183 -3.225 3.358 2.119 -3.269 0.854
7.542 12.840 26.934 9.283 15.965 -2.750 4.803 3.644 -4.103 -6.339 8.216 2.681 -8.090 3.430
7.532 12.725 27.002 7.811 15.654 -2.874 4.249 3.211 -3.092 -5.777 6.584 2.787 -7.016 2.988
7.537 12.935 26.471 7.182 16.171 -2.926 6.703 2.625 -6.677 -3.856 9.829 0.370 -8.347 4.171
7.494 12.982 26.639 6.886 15.618 -2.568 4.669 2.545 -3.540 -5.143 6.892 2.610 -7.105 2.890
7.587 12.497 27.233 7.998 16.066 -2.975 6.466 3.805 -7.437 -5.911 12.190 1.177 -10.592 5.100
7.476 12.704 25.819 7.584 15.483 -3.593 4.014 4.346 -3.440 -7.298 8.513 3.317 -9.271 4.054
7.548 13.210 25.907 7.985 16.214 -4.602 6.020 6.752 -5.925 -10.307 11.052 5.140 -10.665 3.792
7.571 12.275 26.814 6.879 15.687 -4.306 6.329 5.238 -7.555 -7.181 13.027 1.639 -11.547 5.486
7.528 13.251 26.796 7.669 15.398 -3.214 2.918 4.062 -1.735 -7.476 6.498 4.112 -7.675 2.874
7.461 12.685 26.900 7.427 15.646 -3.802 5.548 4.807 -6.127 -8.081 11.961 3.303 -11.766 5.139
7.455 12.968 27.006 7.697 15.427 -2.419 4.202 2.064 -3.943 -3.957 7.844 1.033 -7.714 3.823
7.541 12.903 26.209 6.492 15.825 -3.857 4.300 5.005 -2.862 -8.798 7.281 5.363 -8.281 2.596
7.573 13.063 27.466 7.947 15.793 -2.971 5.753 3.036 -5.685 -4.897 9.156 1.312 -7.950 3.672
7.842 12.844 27.050 6.111 15.511 -2.606 4.679 2.974 -4.345 -5.340 8.455 1.803 -7.848 3.477
7.448 12.980 27.180 6.577 15.174 -2.756 1.467 3.115 3.017 -6.777 -1.936 6.496 -0.919 -1.514
7.526 12.646 26.109 8.627 15.787 -4.116 6.511 4.614 -8.137 -6.833 14.221 1.200 -12.739 6.329
7.534 13.047 25.988 7.908 15.309 -4.342 3.342 5.917 -2.524 -9.040 7.204 4.923 -8.000 2.701
7.592 13.264 27.176 7.491 15.531 -1.972 4.436 1.630 -3.680 -3.675 7.451 0.844 -7.384 3.753
7.527 13.018 26.326 7.705 15.531 -3.242 4.309 3.940 -4.008 -7.107 9.073 3.273 -9.544 4.054
7.524 12.506 27.079 8.141 15.001 -3.404 3.824 3.818 -3.924 -6.302 8.975 2.454 -9.260 4.187
7.552 12.491 26.252 8.532 15.854 -3.324 4.412 3.045 -1.691 -5.764 3.859 3.948 -4.709 1.147
7.443 12.956 26.900 6.424 15.382 -2.499 3.534 2.339 -1.258 -4.976 3.955 3.074 -5.118 1.914
7.569 12.915 26.223 8.550 16.165 -4.411 6.543 5.300 -6.821 -7.697 11.699 2.752 -10.767 4.712
7.622 12.732 27.146 6.605 15.537 -2.521 4.204 3.345 -2.794 -6.352 5.975 3.486 -6.075 2.021
7.530 13.130 27.248 5.932 14.878 -1.813 1.975 1.892 0.769 -5.320 1.914 4.060 -4.065 1.175
7.488 13.300 27.217 6.833 15.239 -3.271 4.316 4.284 -4.244 -7.748 9.381 3.829 -9.846 4.014
7.879 12.995 27.495 7.016 16.163 -1.995 6.703 1.550 -5.695 -3.212 7.540 0.876 -5.894 2.470
7.541 12.600 27.090 6.648 14.949 -2.826 2.482 3.008 -0.205 -5.776 3.351 3.733 -4.994 1.677
7.480 12.716 27.074 7.587 15.373 -3.337 3.659 4.182 -1.489 -6.972 4.486 4.373 -5.913 1.980
7.457 12.194 26.764 7.562 15.582 -3.582 5.926 3.708 -5.910 -6.024 9.653 2.401 -8.966 3.865
7.558 12.912 27.581 7.668 15.577 -1.904 3.908 1.555 -1.310 -4.319 3.269 3.165 -4.227 1.224
7.480 12.765 26.647 7.969 16.142 -3.202 5.066 4.131 -4.184 -7.703 9.148 3.961 -9.724 3.881
7.816 12.447 27.663 6.661 15.008 -1.354 2.695 0.890 0.635 -3.527 0.024 3.269 -1.168 -0.447
7.539 12.555 26.833 6.833 15.426 -3.156 3.737 3.992 -2.616 -7.721 7.402 4.362 -8.586 3.282
7.444 12.618 26.803 7.217 15.419 -2.119 2.180 2.476 1.058 -6.179 2.160 4.632 -4.733 1.429
7.539 13.300 26.728 7.522 15.175 -2.569 2.394 3.418 0.612 -7.397 2.089 5.863 -4.431 0.624
7.499 12.363 26.979 8.837 15.236 -2.691 3.575 2.711 -1.768 -5.917 5.200 3.817 -6.511 2.284
7.540 12.949 26.819 9.368 15.833 -3.387 4.824 4.832 -3.511 -8.409 7.008 5.379 -7.407 1.916
7.532 12.939 26.202 7.230 15.999 -4.655 6.135 6.369 -7.206 -9.328 12.865 3.769 -11.776 4.783
7.514 12.594 26.872 7.670 15.452 -3.121 4.857 4.113 -5.388 -7.135 10.933 2.730 -10.633 4.693
7.617 12.909 26.722 6.745 15.531 -4.087 5.006 4.795 -4.343 -7.017 7.240 3.807 -6.781 2.064
7.516 12.833 26.831 8.035 15.465 -2.675 4.151 3.344 -3.893 -6.905 8.591 3.621 -8.950 3.511
7.586 12.404 26.358 7.449 15.510 -3.458 4.582 3.517 -3.367 -6.232 7.337 2.956 -7.908 3.388
7.523 13.057 27.175 7.963 15.496 -2.345 4.989 2.509 -4.588 -5.204 8.839 1.808 -8.838 4.246
7.214 12.868 26.591 7.957 16.033 -2.886 5.067 2.508 -3.457 -5.277 6.020 3.152 -6.297 2.238
7.475 12.913 26.893 7.262 15.799 -1.565 3.845 1.217 -0.869 -4.973 3.488 3.855 -5.202 1.647
7.455 12.999 26.235 7.739 15.158 -4.341 2.919 5.247 -1.518 -8.514 5.716 5.186 -7.089 2.218
7.535 13.124 26.277 7.909 16.121 -3.600 5.248 3.964 -3.804 -6.372 6.770 3.297 -6.684 2.362
7.590 12.268 26.894 7.386 15.670 -2.415 4.858 1.634 -3.745 -3.411 6.869 0.805 -6.494 3.191
7.537 12.935 26.471 7.182 16.171 -2.926 6.703 2.625 -6.677 -3.856 9.829 0.370 -8.347 4.171
7.534 13.068 27.635 8.165 15.651 -2.310 3.821 2.087 -1.295 -4.370 3.166 2.889 -4.039 1.271
7.443 12.990 27.148 7.277 15.743 -1.891 4.839 1.353 -2.844 -4.286 5.411 2.723 -5.865 2.101
7.473 13.046 27.206 7.206 16.020 -1.633 4.597 1.081 -1.422 -4.208 2.619 3.722 -3.685 0.627
7.561 12.031 26.788 8.312 15.332 -4.661 5.115 6.890 -7.031 -10.283 14.305 3.735 -13.567 5.944
7.537 12.981 26.784 8.184 15.816 -3.900 4.917 3.904 -2.767 -5.882 4.038 3.843 -4.123 0.785
7.458 13.001 27.038 7.837 15.167 -2.418 1.597 2.964 2.046 -7.171 0.581 6.050 -3.423 0.108
7.539 12.886 26.628 7.209 15.905 -2.957 4.257 3.493 -2.329 -6.527 5.048 4.126 -5.879 1.854
7.521 12.655 26.594 7.097 15.858 -3.402 5.627 3.628 -5.725 -6.168 10.756 1.974 -10.543 5.049
7.542 12.840 26.934 9.283 15.965 -2.750 4.803 3.644 -4.103 -6.339 8.216 2.681 -8.090 3.430
7.515 12.739 26.245 8.081 14.484 -5.094 2.582 6.840 -2.570 -10.039 8.206 5.158 -9.225 3.443
7.531 12.393 26.978 8.551 15.741 -2.777 6.138 3.208 -6.442 -6.043 10.996 2.166 -10.313 4.627
7.484 13.009 27.099 7.931 16.052 -2.260 6.269 2.264 -6.817 -4.211 11.817 0.048 -10.926 5.859
7.411 12.537 26.301 6.978 15.409 -3.809 4.193 4.005 -2.998 -6.932 6.415 4.020 -6.972 2.370
7.509 12.677 26.935 6.402 15.111 -3.742 4.385 4.690 -5.179 -6.941 10.328 2.596 -9.966 4.376
7.584 12.517 26.575 8.827 15.618 -3.282 3.712 4.227 -1.500 -7.599 4.815 4.784 -6.084 1.809
7.455 12.968 27.006 7.697 15.427 -2.419 4.202 2.064 -3.943 -3.957 7.844 1.033 -7.714 3.823
7.526 13.126 27.002 7.630 15.987 -3.073 4.854 4.022 -2.938 -7.211 5.807 4.402 -6.280 1.875
7.550 12.865 27.063 9.052 15.458 -1.726 3.463 0.730 -0.113 -3.290 0.757 3.040 -1.784 -0.043
7.437 12.504 26.208 7.351 16.149 -1.924 5.749 1.285 -4.376 -3.582 7.317 1.238 -6.943 3.192
7.482 12.759 27.296 6.730 16.235 -1.837 5.482 1.453 -4.364 -3.445 7.613 0.788 -7.539 3.895
7.481 12.980 27.967 7.254 15.533 -2.802 5.025 3.396 -4.816 -5.927 8.868 2.563 -8.675 3.694
7.542 12.840 26.934 9.283 15.965 -2.750 4.803 3.644 -4.103 -6.339 8.216 2.681 -8.090 3.430
7.577 12.911 26.624 7.137 16.049 -3.527 5.999 3.598 -4.946 -5.591 7.000 2.906 -6.182 2.076
7.476 12.666 26.902 6.808 15.103 -1.854 2.303 1.392 0.697 -4.513 1.577 3.551 -3.529 1.031
7.565 13.013 26.425 8.414 15.772 -2.854 5.277 3.005 -5.156 -5.172 9.864 1.153 -9.504 4.778
7.514 12.804 26.272 8.658 16.141 -4.180 7.158 4.503 -8.437 -5.598 13.320 0.320 -11.520 5.992
7.444 13.244 26.876 8.740 15.754 -2.178 5.087 2.058 -4.708 -4.336 9.147 0.778 -8.943 4.701
7.544 12.728 26.453 7.078 15.791 -3.294 5.513 4.474 -5.839 -7.423 10.979 3.136 -10.707 4.571
7.516 12.866 27.873 7.819 15.535 -1.339 4.386 1.837 -3.350 -4.921 7.155 2.294 -7.705 3.499
7.554 12.661 26.707 8.246 16.139 -2.699 5.420 3.437 -4.393 -7.153 8.230 4.254 -8.273 2.681
7.503 12.650 26.776 7.558 15.636 -3.109 3.662 3.437 -2.072 -6.551 5.551 4.037 -6.556 2.225
7.552 12.491 26.252 8.532 15.854 -3.324 4.412 3.045 -1.691 -5.764 3.859 3.948 -4.709 1.147
7.479 13.104 27.160 7.518 15.806 -2.788 4.932 3.436 -4.100 -6.321 7.793 3.124 -7.854 3.128
7.420 13.217 27.060 7.675 15.566 -2.497 3.898 3.211 -2.602 -6.588 6.389 3.727 -7.120 2.607
7.489 12.765 27.701 7.904 15.821 -2.809 6.125 3.756 -6.245 -6.804 11.080 2.742 -10.430 4.446
7.479 13.103 26.988 7.621 15.691 -3.441 4.499 4.394 -3.563 -7.736 8.463 4.002 -9.458 3.887
7.531 12.393 26.978 8.551 15.741 -2.777 6.138 3.208 -6.442 -6.043 10.996 2.166 -10.313 4.627
7.565 12.523 26.865 8.183 15.566 -1.855 4.511 1.378 -3.409 -3.507 6.254 1.324 -6.124 2.777
7.532 12.839 26.647 6.687 15.316 -4.721 5.020 6.272 -5.708 -9.326 11.873 3.784 -11.885 5.192
7.451 13.127 26.274 8.746 15.970 -3.745 5.552 4.436 -5.245 -7.414 10.133 3.153 -10.173 4.483
7.597 12.266 28.263 6.949 15.346 -2.128 3.708 1.890 -2.311 -4.227 5.835 1.489 -6.368 3.188
7.562 12.836 26.767 8.329 15.472 -1.738 3.419 1.215 -1.185 -3.402 3.110 2.123 -3.794 1.396
7.639 12.849 26.741 8.219 15.680 -3.224 5.576 3.580 -4.688 -5.395 7.099 2.096 -6.132 2.494
7.489 12.765 27.701 7.904 15.821 -2.809 6.125 3.756 -6.245 -6.804 11.080 2.742 -10.430 4.446
7.462 12.332 25.620 10.281 16.151 -3.146 6.453 2.946 -6.718 -4.906 11.365 0.893 -10.321 5.063
7.525 12.802 26.693 7.599 15.551 -2.629 4.490 2.765 -2.812 -6.041 6.004 3.628 -6.698 2.417
7.547 12.827 26.714 8.862 15.584 -2.972 3.570 3.942 -1.139 -7.768 3.937 5.758 -5.276 0.837
7.497 12.862 26.126 8.183 15.602 -4.075 5.888 4.771 -6.919 -7.057 12.620 1.938 -11.957 5.796
7.484 12.692 26.735 7.950 15.611 -4.384 5.468 5.529 -6.183 -8.317 11.843 3.245 -11.478 5.039
7.543 12.590 26.888 7.943 15.194 -2.790 3.984 2.849 -2.856 -5.207 6.623 2.173 -6.945 3.137
7.565 12.523 26.865 8.183 15.566 -1.855 4.511 1.378 -3.409 -3.507 6.254 1.324 -6.124 2.777
7.534 13.131 26.425 7.671 15.765 -3.241 4.991 3.787 -4.413 -6.655 9.019 2.816 -9.223 4.082
7.614 12.816 26.320 8.934 15.553 -3.165 3.970 3.607 -3.087 -5.786 6.756 2.545 -6.752 2.738
7.480 13.261 26.147 6.788 15.657 -4.510 5.502 5.641 -6.700 -8.037 13.057 2.234 -12.625 6.161
7.519 12.866 26.382 8.152 15.888 -3.591 5.856 3.884 -5.646 -6.279 9.207 2.803 -8.311 3.165
7.539 12.643 26.429 7.324 15.105 -3.444 3.905 3.750 -3.575 -6.544 7.964 2.992 -8.189 3.417
7.475 12.913 26.893 7.262 15.799 -1.565 3.845 1.217 -0.869 -4.973 3.488 3.855 -5.202 1.647
7.482 12.837 25.779 8.573 16.195 -4.062 5.937 4.413 -5.892 -6.614 10.678 2.132 -10.392 4.945
7.516 12.833 26.831 8.035 15.465 -2.675 4.151 3.344 -3.893 -6.905 8.591 3.621 -8.950 3.511
7.531 12.393 26.978 8.551 15.741 -2.777 6.138 3.208 -6.442 -6.043 10.996 2.166 -10.313 4.627
7.528 12.277 26.172 6.726 15.338 -3.902 4.018 4.113 -2.212 -6.258 4.531 3.754 -4.926 1.338
7.462 12.332 25.620 10.281 16.151 -3.146 6.453 2.946 -6.718 -4.906 11.365 0.893 -10.321 5.063
7.397 13.039 27.421 7.382 15.753 -2.902 5.541 2.688 -5.729 -4.047 10.131 0.094 -9.272 4.988
7.460 12.716 27.205 7.639 15.608 -2.591 4.283 2.783 -3.208 -5.456 6.913 2.717 -7.408 3.091
7.542 12.406 27.190 7.719 15.500 -2.740 3.653 4.208 -2.272 -8.274 6.395 5.291 -7.588 2.317
7.497 12.867 26.823 7.427 15.194 -3.171 3.989 4.669 -4.166 -8.319 10.258 3.837 -11.129 4.883
7.563 12.892 26.583 7.657 15.436 -3.520 3.833 4.251 -1.353 -7.251 3.406 5.138 -4.217 0.448
7.477 13.088 26.754 8.253 15.873 -3.036 4.529 4.114 -3.915 -7.983 9.083 4.160 -9.629 3.737
7.497 12.474 25.960 8.646 15.333 -3.495 3.942 3.763 -3.134 -6.427 7.255 3.057 -7.792 3.323
7.525 12.706 26.842 8.227 15.376 -3.181 3.218 4.288 -1.610 -7.514 5.297 4.559 -6.234 1.847
7.481 12.697 26.994 8.271 15.976 -2.981 5.189 3.381 -4.180 -6.065 8.059 2.836 -8.095 3.311
7.498 12.834 26.111 7.828 15.213 -3.888 2.833 6.165 -1.456 -10.964 6.541 7.391 -8.434 2.054
7.523 13.057 27.175 7.963 15.496 -2.345 4.989 2.509 -4.588 -5.204 8.839 1.808 -8.838 4.246
7.584 12.939 26.785 8.166 15.925 -2.381 5.366 1.780 -4.413 -3.789 7.798 0.925 -7.513 3.767
7.543 12.590 26.888 7.943 15.194 -2.790 3.984 2.849 -2.856 -5.207 6.623 2.173 -6.945 3.137
7.528 12.786 27.109 7.153 15.648 -2.501 4.429 3.300 -3.670 -6.910 8.645 3.348 -9.077 3.702
7.470 13.088 26.422 7.405 16.153 -3.858 6.058 5.787 -5.973 -9.524 10.707 5.155 -10.423 3.540
7.528 13.157 26.186 7.464 16.008 -3.981 6.361 4.709 -7.484 -7.122 13.207 1.891 -12.240 5.873
7.579 12.666 26.766 8.926 16.059 -3.196 5.504 3.197 -4.127 -5.084 5.967 2.551 -5.309 1.794
7.499 12.746 27.520 8.246 15.879 -1.845 5.428 1.703 -3.856 -4.232 5.937 2.481 -5.902 2.177
7.480 12.610 26.899 8.933 16.260 -2.315 7.128 1.887 -7.677 -3.490 12.302 -0.614 -11.050 6.101
7.519 12.332 27.186 7.485 15.674 -2.315 4.811 3.402 -3.796 -7.270 7.758 4.303 -8.131 2.768
7.513 12.960 27.059 7.272 15.980 -3.148 5.088 3.104 -3.563 -5.946 6.778 3.556 -7.206 2.530
7.411 12.537 26.301 6.978 15.409 -3.809 4.193 4.005 -2.998 -6.932 6.415 4.020 -6.972 2.370
7.357 12.956 26.819 7.174 15.973 -3.685 6.402 4.675 -6.988 -7.077 11.412 2.489 -10.166 4.375
7.536 12.762 26.995 8.352 15.592 -2.408 4.708 1.931 -2.646 -4.361 4.608 2.744 -4.990 1.698
7.509 12.264 27.065 8.091 15.583 -3.420 5.637 4.237 -6.895 -6.910 12.914 1.969 -12.032 5.660
7.476 13.181 26.340 7.785 15.535 -3.743 4.122 3.657 -1.897 -6.058 4.307 3.909 -5.247 1.560
7.553 13.096 25.984 8.599 15.901 -3.924 5.725 3.713 -6.088 -5.244 10.643 0.899 -9.652 4.825
7.240 12.684 26.525 6.631 15.282 -4.456 2.892 6.188 -1.164 -10.936 6.289 7.232 -8.351 2.191
7.607 13.017 26.767 7.478 15.340 -3.147 3.593 3.629 -2.106 -6.965 5.985 4.211 -6.876 2.247
7.499 12.565 26.830 7.909 15.824 -4.033 6.702 3.953 -7.555 -5.374 12.543 0.502 -11.350 5.929
7.542 12.545 27.349 7.918 15.593 -2.816 5.113 3.502 -4.873 -6.416 9.118 2.993 -8.783 3.465
7.471 13.161 26.960 7.127 15.690 -2.191 4.207 1.497 -1.633 -4.025 3.745 2.823 -4.876 1.768
7.506 12.657 26.301 6.944 16.141 -3.941 5.028 5.217 -3.693 -9.530 8.784 5.585 -9.875 3.443
7.460 12.733 26.090 8.159 16.233 -3.561 5.389 4.210 -4.281 -7.434 8.597 3.762 -8.845 3.462
7.493 12.867 25.809 8.293 15.847 -4.137 4.145 4.812 -2.803 -8.016 7.035 4.498 -7.855 2.777
7.431 12.669 26.459 7.938 15.767 -3.336 6.481 3.671 -7.574 -6.178 13.496 1.316 -12.785 6.446
7.475 13.071 26.927 8.412 15.022 -2.263 2.268 2.926 -0.701 -6.719 5.498 3.927 -7.503 3.091
7.557 13.068 26.724 8.121 15.661 -2.669 4.131 3.241 -2.453 -6.375 5.138 4.152 -5.661 1.565
7.472 12.609 26.956 7.742 15.530 -2.996 4.067 3.249 -2.806 -5.519 6.048 2.559 -6.501 2.806
7.479 13.103 26.988 7.621 15.691 -3.441 4.499 4.394 -3.563 -7.736 8.463 4.002 -9.458 3.887
7.497 13.238 26.231 8.115 15.923 -3.976 4.768 4.884 -4.081 -7.987 8.405 4.175 -8.649 3.191
7.572 12.631 27.222 6.642 15.670 -3.591 4.861 4.595 -4.417 -7.821 9.166 3.713 -8.973 3.461
7.098 12.770 26.973 7.855 15.756 -2.184 3.021 1.215 1.097 -4.485 0.075 4.314 -2.243 -0.007
7.516 12.696 26.602 8.095 15.775 -3.983 5.977 5.102 -7.828 -7.663 14.461 1.867 -13.471 6.532
7.505 12.495 26.447 7.374 15.847 -3.381 5.198 4.393 -5.242 -7.151 10.662 2.520 -10.734 5.035
7.561 13.274 26.865 8.681 15.446 -3.613 4.634 5.971 -5.256 -10.573 12.538 4.879 -13.139 5.558
7.493 12.553 26.643 7.833 15.736 -3.257 5.443 3.174 -4.491 -6.018 8.011 2.925 -7.940 3.205
7.579 12.973 26.648 7.359 15.528 -4.265 4.326 5.722 -2.760 -9.409 6.447 5.783 -6.953 1.712
7.564 12.902 26.591 7.352 15.740 -3.601 5.019 4.738 -4.822 -7.750 9.372 3.783 -9.292 3.584
7.537 12.935 26.471 7.182 16.171 -2.926 6.703 2.625 -6.677 -3.856 9.829 0.370 -8.347 4.171
7.515 12.609 26.930 7.316 15.940 -3.580 5.867 4.162 -5.965 -6.783 10.486 2.693 -9.833 4.183
7.529 12.919 25.835 7.352 15.906 -3.626 6.066 3.193 -6.107 -4.599 9.814 0.807 -8.665 4.255
7.502 12.693 26.398 6.328 15.574 -4.817 4.925 5.873 -4.481 -8.662 8.831 4.610 -8.985 3.162
7.527 12.731 25.900 7.628 15.788 -4.336 5.118 5.091 -4.438 -7.327 8.217 3.458 -8.028 3.030
7.591 12.920 26.492 7.605 15.673 -3.341 5.915 3.496 -6.533 -4.904 10.930 0.380 -9.735 5.144
7.532 12.629 27.034 7.326 15.352 -2.708 3.216 2.711 -0.684 -5.825 3.010 4.310 -4.461 1.062
7.523 12.538 27.545 7.002 15.057 -2.914 2.844 4.469 -1.180 -8.373 5.656 5.170 -7.312 2.411
7.443 12.956 26.900 6.424 15.382 -2.499 3.534 2.339 -1.258 -4.976 3.955 3.074 -5.118 1.914
7.550 13.073 26.813 7.674 15.948 -2.933 6.030 2.731 -5.776 -4.971 9.270 1.586 -8.238 3.723
7.466 12.319 27.335 7.880 15.556 -2.680 3.807 2.829 -1.756 -6.185 5.398 3.958 -6.801 2.377
7.566 13.099 26.766 6.361 14.982 -3.211 2.420 4.035 -0.489 -7.436 3.986 4.981 -5.365 1.228
7.497 12.867 26.823 7.427 15.194 -3.171 3.989 4.669 -4.166 -8.319 10.258 3.837 -11.129 4.883
7.534 12.537 26.997 7.657 15.590 -2.675 4.390 2.408 -2.915 -4.932 6.181 2.621 -6.822 2.825
7.549 12.924 26.930 7.184 15.561 -2.790 4.310 2.874 -2.962 -5.558 6.527 2.864 -7.076 2.878
7.534 12.691 27.423 7.766 15.676 -1.573 4.250 1.459 -2.556 -4.132 5.778 1.846 -6.442 3.041
7.488 12.843 27.235 7.576 15.968 -2.229 5.320 1.890 -3.992 -4.355 7.291 1.733 -7.183 3.216
7.577 12.911 26.624 7.137 16.049 -3.527 5.999 3.598 -4.946 -5.591 7.000 2.906 -6.182 2.076
7.524 12.737 26.539 7.704 15.753 -2.397 4.707 1.908 -2.864 -4.304 4.995 2.703 -5.147 1.667
7.538 12.874 26.989 7.061 15.186 -3.028 4.823 2.775 -4.974 -4.175 8.842 0.708 -8.007 3.960
7.456 12.823 27.103 7.940 15.618 -2.180 3.791 1.903 -1.416 -4.552 3.810 3.026 -5.017 1.803
7.631 12.824 27.199 6.529 15.503 -2.580 4.288 3.012 -2.444 -6.141 5.423 3.610 -5.861 1.916
7.523 12.913 27.132 7.787 16.086 -3.726 6.969 4.659 -7.649 -7.523 13.053 2.639 -11.964 5.232
7.469 12.594 26.740 7.252 15.950 -1.986 5.693 1.590 -5.137 -3.717 8.430 0.943 -7.691 3.671
7.816 12.447 27.663 6.661 15.008 -1.354 2.695 0.890 0.635 -3.527 0.024 3.269 -1.168 -0.447
7.523 12.161 26.352 6.795 15.969 -3.396 5.656 4.243 -5.354 -7.328 10.411 3.010 -10.403 4.597
7.526 13.126 27.002 7.630 15.987 -3.073 4.854 4.022 -2.938 -7.211 5.807 4.402 -6.280 1.875
8.201 12.918 27.077 7.105 15.095 -4.041 3.308 4.973 -1.354 -6.761 3.393 3.694 -3.556 0.751
7.425 13.146 27.433 7.494 15.581 -1.753 4.206 1.405 -3.164 -3.720 6.898 1.154 -7.368 3.759
7.546 12.446 26.942 7.374 15.665 -3.043 4.513 2.728 -2.537 -5.304 5.024 3.274 -5.412 1.670
7.478 12.412 26.933 8.189 15.627 -2.740 5.317 2.834 -4.653 -5.446 8.254 2.397 -8.183 3.530
7.463 12.649 27.271 6.861 15.604 -3.502 4.792 4.745 -4.971 -8.571 11.707 3.546 -12.469 5.745
7.457 12.194 26.764 7.562 15.582 -3.582 5.926 3.708 -5.910 -6.024 9.653 2.401 -8.966 3.865
7.545 12.922 26.244 6.456 15.834 -3.332 6.299 3.149 -6.486 -5.216 10.856 1.178 -9.838 4.788
7.508 13.161 26.219 6.499 15.225 -3.197 2.082 3.205 1.568 -6.394 0.113 5.535 -2.562 -0.250
7.520 12.761 26.416 7.985 15.473 -3.084 3.363 3.571 -1.537 -6.657 5.533 3.817 -7.018 2.744
7.576 12.795 26.861 7.512 16.096 -3.414 7.004 3.035 -7.696 -4.243 11.466 -0.104 -9.352 4.846
7.534 12.537 26.997 7.657 15.590 -2.675 4.390 2.408 -2.915 -4.932 6.181 2.621 -6.822 2.825
7.537 12.275 27.100 8.280 15.149 -3.075 3.524 3.993 -2.798 -6.922 7.117 3.599 -7.872 3.114
7.479 13.103 26.988 7.621 15.691 -3.441 4.499 4.394 -3.563 -7.736 8.463 4.002 -9.458 3.887
7.455 12.968 27.006 7.697 15.427 -2.419 4.202 2.064 -3.943 -3.957 7.844 1.033 -7.714 3.823
7.393 12.845 25.752 8.841 15.814 -3.890 3.156 4.165 1.166 -7.851 -0.251 6.880 -1.796 -1.314
7.460 12.576 26.839 7.742 15.229 -3.039 4.565 3.062 -3.819 -5.966 8.261 2.754 -8.922 3.999
7.587 12.280 27.012 6.993 15.801 -3.687 5.163 4.807 -4.785 -7.573 9.030 3.636 -8.912 3.453
7.554 12.633 25.458 8.201 15.542 -3.673 3.565 4.124 -1.265 -7.280 4.195 4.701 -5.406 1.442
7.455 12.835 26.403 7.400 15.693 -3.255 4.388 3.857 -3.566 -6.896 8.091 3.432 -8.593 3.493
7.509 12.264 27.065 8.091 15.583 -3.420 5.637 4.237 -6.895 -6.910 12.914 1.969 -12.032 5.660
7.454 13.236 26.488 6.980 15.987 -2.596 4.728 2.818 -2.713 -6.015 5.622 3.721 -6.281 2.098
7.446 13.165 26.521 6.901 16.025 -3.176 5.167 3.671 -4.118 -6.402 7.566 3.123 -7.451 2.845
7.401 12.997 27.076 7.863 16.331 -2.701 6.543 2.898 -6.878 -4.927 11.396 0.747 -10.308 5.263
7.501 12.406 26.773 6.888 15.808 -3.978 6.555 3.923 -7.606 -5.250 12.635 0.341 -11.211 5.827
7.548 12.792 27.095 7.969 15.523 -2.700 3.301 3.728 -0.806 -7.776 3.812 5.737 -5.241 0.852
7.552 12.491 26.252 8.532 15.854 -3.324 4.412 3.045 -1.691 -5.764 3.859 3.948 -4.709 1.147
7.566 12.637 27.359 7.736 15.413 -1.846 2.891 2.249 -0.138 -6.158 3.312 4.430 -5.269 1.575
7.523 12.961 27.060 7.789 15.380 -1.925 3.422 2.074 -1.779 -5.424 5.761 3.011 -6.991 2.926
7.529 13.090 26.180 6.607 15.513 -3.872 3.702 4.303 -2.304 -6.797 5.560 3.899 -6.092 1.939
7.563 12.892 26.583 7.657 15.436 -3.520 3.833 4.251 -1.353 -7.251 3.406 5.138 -4.217 0.448
7.507 12.834 26.357 6.974 15.069 -3.641 2.591 3.877 -0.631 -6.230 3.732 3.583 -4.925 1.684
7.848 13.332 27.060 7.651 15.536 -2.757 4.527 3.385 -3.082 -5.995 5.566 3.162 -5.155 1.562
7.598 12.867 26.557 7.520 16.151 -2.902 6.609 2.867 -6.300 -4.784 9.293 1.431 -7.858 3.492
7.499 13.132 26.625 6.495 15.420 -3.334 4.266 3.874 -3.632 -6.316 7.461 2.962 -7.461 2.965
7.502 13.086 26.955 7.384 15.608 -2.916 4.670 3.135 -4.712 -5.266 10.493 0.664 -10.589 5.824
7.542 13.154 26.300 8.078 15.661 -5.055 4.758 6.663 -4.407 -9.795 8.791 5.266 -8.755 2.821
7.480 12.674 26.877 6.967 15.851 -2.799 4.174 3.005 -2.104 -5.809 4.948 3.461 -5.946 2.246
7.761 12.453 27.065 7.135 15.367 -4.571 5.429 4.585 -5.461 -5.860 8.842 1.609 -7.416 3.292
7.514 12.594 26.872 7.670 15.452 -3.121 4.857 4.113 -5.388 -7.135 10.933 2.730 -10.633 4.693
7.579 12.666 26.766 8.926 16.059 -3.196 5.504 3.197 -4.127 -5.084 5.967 2.551 -5.309 1.794
7.633 12.416 27.665 9.344 15.555 -1.458 3.869 0.607 -0.739 -3.173 1.809 2.557 -2.465 0.429
7.571 12.666 27.102 6.860 15.610 -1.929 4.282 1.498 -2.359 -3.409 5.009 1.099 -5.536 2.927
7.540 13.205 27.501 7.744 15.406 -2.492 3.504 2.146 -1.538 -4.892 4.987 2.526 -6.170 2.712
7.466 12.319 27.335 7.880 15.556 -2.680 3.807 2.829 -1.756 -6.185 5.398 3.958 -6.801 2.377
7.535 12.761 26.607 7.922 15.641 -2.838 4.657 2.230 -3.408 -4.227 6.605 1.587 -6.760 3.222
7.588 12.905 27.547 7.659 15.397 -2.760 3.721 2.720 -1.042 -5.371 2.386 3.953 -3.354 0.562
7.548 13.164 27.188 7.848 15.909 -2.405 5.157 3.691 -5.245 -6.775 10.361 2.794 -10.195 4.429
7.541 12.607 27.095 7.821 15.916 -2.800 6.140 3.537 -6.591 -6.523 12.079 2.121 -11.502 5.322
7.524 12.495 26.543 7.039 15.521 -2.458 4.811 2.125 -3.848 -4.478 7.707 1.494 -7.755 3.723
7.557 12.853 27.003 7.877 15.662 -3.019 4.522 3.689 -3.093 -6.615 6.541 3.664 -7.121 2.646
7.551 13.054 27.099 7.241 15.759 -1.363 4.624 0.674 -2.455 -3.242 4.890 1.921 -5.501 2.282
7.560 12.554 26.907 7.961 14.778 -2.936 1.845 2.957 0.622 -5.748 2.108 4.090 -3.841 0.896
7.532 13.389 26.571 7.500 15.756 -2.786 4.820 2.424 -2.826 -4.664 4.941 2.830 -5.035 1.571
7.538 13.044 26.226 7.561 15.053 -3.741 2.584 4.713 -0.085 -8.383 3.142 5.961 -4.736 0.593
7.586 12.704 27.296 7.918 15.042 -1.997 3.146 1.545 -2.321 -3.567 6.117 1.096 -6.399 3.138
7.503 12.621 26.396 7.386 15.767 -3.923 6.252 3.929 -7.294 -5.806 12.454 1.035 -11.136 5.499
7.458 13.001 27.038 7.837 15.167 -2.418 1.597 2.964 2.046 -7.171 0.581 6.050 -3.423 0.108
7.512 12.891 27.291 7.132 15.423 -2.801 5.424 2.544 -5.694 -4.284 10.020 0.574 -9.375 4.851
7.532 12.673 27.373 7.358 16.402 -1.337 5.241 0.940 -2.413 -4.104 4.625 2.800 -5.445 1.989
7.544 12.412 26.207 8.104 15.606 -3.232 4.596 3.623 -3.836 -6.736 8.550 3.159 -9.056 3.881
7.506 12.886 26.625 8.452 15.175 -2.929 3.815 3.024 -2.509 -6.057 6.110 3.378 -6.744 2.510
7.458 13.177 26.593 6.833 15.755 -2.278 3.631 1.733 -0.570 -4.819 2.651 3.692 -4.148 1.112
7.629 12.393 27.246 7.618 16.099 -2.530 6.642 2.604 -6.730 -4.547 10.445 0.824 -8.814 4.142
7.580 12.492 27.469 6.970 15.532 -2.152 4.817 1.722 -3.144 -4.263 5.851 2.251 -6.091 2.470
7.579 12.641 27.239 7.343 16.150 -2.302 6.601 2.228 -6.833 -4.334 11.377 0.275 -10.219 5.342
7.587 12.497 27.233 7.998 16.066 -2.975 6.466 3.805 -7.437 -5.911 12.190 1.177 -10.592 5.100
7.495 12.560 27.415 7.451 15.595 -2.399 4.410 3.134 -3.023 -6.570 6.749 3.971 -7.562 2.719
7.505 13.194 26.527 7.109 16.301 -3.380 6.072 4.596 -6.125 -7.928 11.784 2.959 -11.629 5.336
7.488 13.012 25.867 8.357 15.512 -4.782 4.659 6.214 -4.683 -9.529 9.905 4.984 -10.134 3.639
7.095 13.373 25.578 7.982 16.318 -2.837 5.457 2.194 -3.437 -5.107 6.540 2.830 -7.009 2.796
7.561 12.031 26.788 8.312 15.332 -4.661 5.115 6.890 -7.031 -10.283 14.305 3.735 -13.567 5.944
7.496 12.509 26.120 7.740 16.016 -3.759 5.600 3.738 -4.582 -5.671 8.020 2.318 -7.903 3.473
7.482 12.901 26.964 8.072 15.760 -2.468 4.729 2.729 -3.407 -5.506 6.879 2.676 -7.230 3.047
7.438 12.865 26.666 7.360 15.624 -2.727 3.897 3.045 -1.747 -5.680 4.422 3.461 -5.357 1.834
7.534 13.047 25.988 7.908 15.309 -4.342 3.342 5.917 -2.524 -9.040 7.204 4.923 -8.000 2.701
7.527 12.767 25.929 8.335 15.444 -3.786 3.360 5.108 -2.236 -9.482 7.962 5.581 -9.623 3.406
7.456 13.295 26.709 7.990 15.408 -2.638 2.881 3.521 -0.846 -7.542 5.044 4.913 -6.914 2.280
7.488 12.955 26.549 7.951 15.459 -3.202 3.751 3.171 -1.515 -6.011 4.131 3.866 -5.052 1.476
7.507 12.818 26.598 7.782 15.951 -3.488 6.493 3.680 -7.444 -5.565 12.125 1.090 -10.580 5.080
7.538 12.954 26.560 8.555 15.634 -3.731 4.960 5.058 -4.584 -8.382 9.207 4.280 -9.284 3.444
7.509 12.800 27.191 7.612 15.120 -3.570 2.747 5.203 -1.193 -9.466 6.699 5.739 -8.885 3.206
7.776 12.673 27.368 8.371 15.358 -1.599 3.231 1.510 -0.383 -4.820 2.105 4.055 -2.904 -0.021
7.516 13.025 26.862 7.412 15.342 -2.680 3.611 2.921 -2.236 -5.513 5.815 2.728 -6.562 2.779
7.512 12.750 27.570 8.280 15.937 -3.077 5.899 4.282 -5.897 -7.500 10.720 3.145 -10.419 4.518
7.494 12.955 27.491 7.515 16.004 -2.502 6.720 2.793 -6.072 -5.612 8.818 2.988 -7.860 2.741
7.592 12.726 27.277 7.028 15.343 -1.083 3.377 0.347 -1.265 -2.979 4.074 1.670 -4.902 2.091
7.519 12.837 27.325 7.798 15.040 -2.871 2.158 3.482 1.323 -7.010 0.074 6.021 -2.082 -0.796
7.503 12.704 26.006 8.355 15.912 -4.581 5.793 5.926 -6.281 -8.689 11.478 3.639 -11.036 4.622
7.542 12.840 26.934 9.283 15.965 -2.750 4.803 3.644 -4.103 -6.339 8.216 2.681 -8.090 3.430
7.530 12.687 26.744 8.145 16.057 -3.394 6.077 4.054 -6.471 -6.541 11.842 1.751 -11.081 5.326
7.597 13.042 26.730 8.144 16.109 -3.813 6.712 4.803 -8.038 -6.922 13.058 1.608 -11.147 5.217
7.532 12.629 27.034 7.326 15.352 -2.708 3.216 2.711 -0.684 -5.825 3.010 4.310 -4.461 1.062
7.471 12.620 25.596 8.034 15.858 -5.075 5.333 6.770 -6.420 -9.267 13.199 2.960 -12.885 6.064
7.812 12.376 27.487 7.360 15.884 -3.562 6.733 3.521 -7.611 -4.434 11.776 -0.404 -9.399 4.955
7.525 12.820 27.817 7.656 15.428 -3.020 4.581 3.634 -4.509 -6.340 9.614 2.313 -10.008 4.804
7.547 12.827 26.714 8.862 15.584 -2.972 3.570 3.942 -1.139 -7.768 3.937 5.758 -5.276 0.837
7.550 12.737 26.441 7.545 15.436 -2.444 4.235 1.998 -2.762 -4.212 5.275 2.202 -5.480 2.197
7.508 12.563 26.543 7.242 15.470 -4.649 4.158 6.218 -3.678 -9.962 9.181 5.285 -9.759 3.471
7.533 12.698 26.107 8.034 16.079 -3.716 6.834 4.273 -7.425 -6.450 12.646 1.483 -11.663 5.751
7.466 12.888 27.121 7.143 15.500 -2.606 4.992 2.108 -4.565 -3.984 8.285 0.942 -8.099 4.144
7.493 12.867 25.809 8.293 15.847 -4.137 4.145 4.812 -2.803 -8.016 7.035 4.498 -7.855 2.777
7.496 12.760 26.175 8.182 16.044 -3.343 5.835 3.918 -6.425 -6.789 11.835 2.223 -11.279 5.269
7.654 12.822 26.979 7.840 15.807 -2.813 6.361 2.721 -6.846 -3.916 10.314 -0.067 -8.350 4.329
7.491 12.868 26.351 6.687 16.252 -5.481 8.134 7.115 -10.921 -9.142 17.681 2.005 -15.290 7.215
7.473 12.719 25.885 7.649 15.720 -4.659 5.401 6.512 -6.448 -9.809 13.309 3.752 -13.128 5.856
7.478 12.855 27.113 5.807 15.330 -2.908 3.132 3.225 -0.379 -6.755 2.762 5.258 -4.326 0.567
7.570 13.318 26.635 8.447 15.693 -3.045 3.864 3.381 -1.235 -6.035 3.327 4.138 -4.093 0.721
8.299 12.916 27.862 8.503 15.235 -2.057 2.911 3.147 -0.284 -6.345 2.703 4.494 -3.991 0.714
7.510 12.335 26.535 8.302 15.882 -3.625 6.648 4.695 -8.885 -7.409 15.800 1.522 -14.307 6.946
7.456 12.823 27.103 7.940 15.618 -2.180 3.791 1.903 -1.416 -4.552 3.810 3.026 -5.017 1.803
7.509 13.121 27.099 7.310 15.409 -3.979 5.112 5.599 -5.848 -9.010 11.411 4.144 -11.164 4.454
7.516 12.866 27.873 7.819 15.535 -1.339 4.386 1.837 -3.350 -4.921 7.155 2.294 -7.705 3.499
7.537 12.981 26.784 8.184 15.816 -3.900 4.917 3.904 -2.767 -5.882 4.038 3.843 -4.123 0.785
7.558 12.912 27.581 7.668 15.577 -1.904 3.908 1.555 -1.310 -4.319 3.269 3.165 -4.227 1.224
7.506 12.886 26.625 8.452 15.175 -2.929 3.815 3.024 -2.509 -6.057 6.110 3.378 -6.744 2.510
7.546 12.988 26.308 8.329 15.962 -3.954 5.590 4.722 -5.139 -7.871 9.843 3.672 -9.634 3.867
7.456 13.295 26.709 7.990 15.408 -2.638 2.881 3.521 -0.846 -7.542 5.044 4.913 -6.914 2.280
7.569 13.316 26.676 8.135 16.148 -2.670 5.899 3.333 -6.045 -6.084 11.321 1.666 -10.701 5.123
7.554 13.251 26.980 8.261 15.530 -2.790 3.808 2.382 -1.417 -4.505 3.257 2.642 -3.917 1.359
7.542 12.929 26.698 7.082 15.348 -4.678 4.528 5.919 -4.268 -8.823 8.697 4.691 -8.691 2.916
7.505 12.162 26.491 8.984 15.893 -3.418 6.087 3.586 -6.752 -5.813 11.888 1.279 -10.793 5.244
7.528 12.866 26.392 8.648 15.707 -3.020 4.759 3.115 -3.445 -6.026 6.645 3.562 -6.796 2.197
7.509 13.285 25.825 8.911 15.102 -4.598 2.239 6.253 -0.345 -10.259 4.265 7.146 -6.248 1.094
7.550 13.073 26.813 7.674 15.948 -2.933 6.030 2.731 -5.776 -4.971 9.270 1.586 -8.238 3.723
7.487 12.824 26.564 7.874 15.578 -3.585 4.965 3.937 -5.180 -6.050 10.505 1.425 -10.306 5.249
7.524 12.506 27.079 8.141 15.001 -3.404 3.824 3.818 -3.924 -6.302 8.975 2.454 -9.260 4.187
7.493 13.195 26.343 7.929 16.341 -3.229 7.293 3.620 -8.114 -5.861 13.118 1.082 -11.697 5.734
7.513 12.814 26.185 8.408 16.379 -3.064 6.706 2.690 -5.274 -5.227 8.184 2.414 -7.809 3.269
7.238 13.345 26.559 8.164 16.779 -3.382 8.337 2.560 -8.832 -3.296 11.696 -0.496 -9.241 4.801
7.483 12.970 26.942 7.587 15.751 -3.633 5.105 4.047 -4.924 -6.591 10.065 2.417 -9.873 4.440
7.608 12.756 26.550 7.594 15.420 -3.893 4.301 4.783 -4.050 -7.675 8.999 3.452 -8.933 3.531
7.476 12.666 26.902 6.808 15.103 -1.854 2.303 1.392 0.697 -4.513 1.577 3.551 -3.529 1.031
7.548 12.792 27.095 7.969 15.523 -2.700 3.301 3.728 -0.806 -7.776 3.812 5.737 -5.241 0.852
7.528 13.251 26.796 7.669 15.398 -3.214 2.918 4.062 -1.735 -7.476 6.498 4.112 -7.675 2.874
7.566 12.983 26.929 6.516 15.555 -3.448 4.306 4.787 -3.861 -7.952 8.855 3.603 -9.158 3.790
7.519 12.332 27.186 7.485 15.674 -2.315 4.811 3.402 -3.796 -7.270 7.758 4.303 -8.131 2.768
7.539 13.310 27.004 6.555 15.450 -1.311 2.611 0.736 -0.180 -3.726 3.149 2.590 -4.644 1.759
7.466 12.888 27.121 7.143 15.500 -2.606 4.992 2.108 -4.565 -3.984 8.285 0.942 -8.099 4.144
7.500 13.185 26.646 7.716 16.120 -2.791 6.141 2.701 -5.868 -5.466 10.588 1.625 -10.264 4.986
7.393 12.845 25.752 8.841 15.814 -3.890 3.156 4.165 1.166 -7.851 -0.251 6.880 -1.796 -1.314
7.491 12.868 26.351 6.687 16.252 -5.481 8.134 7.115 -10.921 -9.142 17.681 2.005 -15.290 7.215
7.477 12.502 27.009 7.835 15.524 -2.420 4.455 2.084 -3.156 -4.116 5.785 1.861 -5.898 2.556
7.569 13.316 26.676 8.135 16.148 -2.670 5.899 3.333 -6.045 -6.084 11.321 1.666 -10.701 5.123
7.530 12.182 26.468 7.982 15.843 -3.695 4.904 4.156 -3.244 -7.044 6.334 4.147 -6.786 2.197
7.513 12.738 27.202 8.130 15.399 -3.977 4.535 5.268 -3.975 -8.530 9.044 4.071 -9.389 3.749
7.463 12.649 27.271 6.861 15.604 -3.502 4.792 4.745 -4.971 -8.571 11.707 3.546 -12.469 5.745
7.844 12.686 27.054 6.630 15.152 -1.961 3.400 2.683 -1.816 -5.831 4.206 3.916 -4.219 0.598
7.521 12.768 26.704 8.419 15.362 -2.099 3.389 2.351 -1.727 -5.985 5.894 3.632 -7.180 2.671
7.554 12.759 26.631 7.361 15.483 -3.164 4.704 4.213 -5.222 -7.383 11.240 2.566 -11.221 5.269
7.443 12.954 27.676 6.950 15.611 -2.590 5.375 3.098 -5.371 -5.909 9.966 2.090 -9.500 4.309
7.517 12.896 27.044 7.361 15.590 -2.969 3.615 3.348 -1.283 -6.955 4.238 4.985 -5.634 1.394
7.238 13.345 26.559 8.164 16.779 -3.382 8.337 2.560 -8.832 -3.296 11.696 -0.496 -9.241 4.801
7.570 13.318 26.635 8.447 15.693 -3.045 3.864 3.381 -1.235 -6.035 3.327 4.138 -4.093 0.721
7.508 12.590 26.078 7.561 16.144 -2.970 5.806 2.967 -5.174 -5.556 9.467 2.076 -9.414 4.353
7.369 12.639 25.651 8.398 15.708 -3.248 3.252 2.836 -0.437 -5.526 2.908 3.820 -4.348 1.186
7.497 12.862 26.126 8.183 15.602 -4.075 5.888 4.771 -6.919 -7.057 12.620 1.938 -11.957 5.796
7.487 12.759 27.322 7.696 16.075 -1.252 6.145 0.769 -5.410 -2.778 8.079 0.324 -7.207 3.710
7.517 12.998 27.845 7.825 15.345 -1.930 3.675 2.116 -2.672 -5.049 6.950 2.608 -7.956 3.497
7.460 12.576 26.839 7.742 15.229 -3.039 4.565 3.062 -3.819 -5.966 8.261 2.754 -8.922 3.999
7.621 12.818 26.819 7.925 15.731 -3.419 4.983 3.851 -4.440 -6.040 8.419 2.256 -7.979 3.469
7.565 12.667 26.966 6.704 15.832 -3.230 5.885 3.175 -5.194 -4.979 7.612 2.144 -6.571 2.492
7.563 12.750 26.705 7.611 15.347 -3.553 3.937 4.502 -2.981 -7.771 7.070 4.226 -7.647 2.746
7.454 13.203 27.210 7.771 15.698 -2.364 4.045 2.486 -1.882 -6.561 5.520 4.637 -7.030 2.172
7.537 12.733 26.015 7.388 16.444 -2.940 6.590 2.513 -5.728 -4.907 9.491 1.575 -8.711 3.956
7.537 12.935 26.471 7.182 16.171 -2.926 6.703 2.625 -6.677 -3.856 9.829 0.370 -8.347 4.171
7.415 12.643 27.496 7.118 15.335 -2.174 4.573 1.646 -3.030 -3.993 5.441 2.205 -5.880 2.480
7.465 12.557 27.217 7.357 15.463 -2.964 4.201 3.174 -2.373 -6.336 5.555 3.719 -6.459 2.393
7.509 12.943 26.080 8.038 15.843 -4.184 6.313 4.378 -6.444 -6.437 10.308 2.300 -9.314 4.076
7.475 12.991 26.913 7.768 15.757 -2.630 4.403 2.505 -2.238 -5.256 4.900 3.243 -5.682 2.000
7.459 12.836 26.077 8.882 16.117 -4.372 6.004 5.694 -6.116 -8.968 11.082 4.435 -10.698 4.001
7.484 12.692 26.735 7.950 15.611 -4.384 5.468 5.529 -6.183 -8.317 11.843 3.245 -11.478 5.039
7.521 12.832 26.679 7.848 15.337 -2.790 4.015 3.375 -3.080 -7.165 8.073 4.000 -9.237 3.711
7.561 12.713 27.205 7.389 14.950 -1.959 2.160 1.979 0.232 -4.735 1.969 3.386 -3.290 0.833
7.411 12.537 26.301 6.978 15.409 -3.809 4.193 4.005 -2.998 -6.932 6.415 4.020 -6.972 2.370
7.512 12.665 26.852 8.626 15.447 -4.097 3.637 6.123 -2.701 -9.946 8.458 5.206 -9.917 3.918
7.483 12.380 26.510 8.039 15.541 -3.739 4.217 4.363 -2.477 -7.298 5.318 4.632 -5.875 1.508
7.529 13.090 26.180 6.607 15.513 -3.872 3.702 4.303 -2.304 -6.797 5.560 3.899 -6.092 1.939
7.465 12.939 27.121 7.380 15.591 -2.743 4.158 4.144 -3.108 -7.979 7.982 4.080 -8.863 3.610
7.476 13.148 26.164 7.759 15.916 -2.905 5.545 2.234 -5.411 -4.097 9.997 0.520 -9.903 5.349
7.595 12.845 26.973 8.395 15.350 -2.686 2.805 3.588 0.313 -7.535 1.740 6.100 -3.399 -0.269
7.519 12.586 26.328 6.965 15.574 -4.120 5.186 5.220 -4.557 -8.229 8.446 4.277 -8.548 3.168
7.516 12.833 26.831 8.035 15.465 -2.675 4.151 3.344 -3.893 -6.905 8.591 3.621 -8.950 3.511
7.459 12.809 26.852 6.583 16.161 -2.312 5.388 2.496 -4.770 -4.929 8.874 1.606 -8.742 4.167
7.476 12.871 26.557 7.706 15.586 -2.933 3.525 3.366 -0.918 -6.533 3.547 4.568 -4.785 1.107
7.583 13.059 27.108 7.288 15.662 -2.213 3.833 2.810 -1.619 -6.435 5.101 3.953 -6.222 2.113
7.497 12.867 26.823 7.427 15.194 -3.171 3.989 4.669 -4.166 -8.319 10.258 3.837 -11.129 4.883
7.539 13.156 26.799 7.634 15.348 -2.551 3.773 1.955 -1.878 -4.223 4.372 2.355 -5.116 2.074
7.465 12.592 26.518 7.630 15.596 -3.848 5.552 3.762 -5.094 -5.544 8.035 2.356 -7.379 3.005
7.504 12.658 27.687 7.403 15.354 -2.880 3.620 3.353 -2.007 -6.012 5.510 3.304 -6.304 2.331
7.551 13.054 27.099 7.241 15.759 -1.363 4.624 0.674 -2.455 -3.242 4.890 1.921 -5.501 2.282
7.521 13.065 27.555 8.448 15.578 -2.526 3.810 3.402 -1.936 -6.857 5.571 4.304 -6.772 2.218
7.542 13.154 26.300 8.078 15.661 -5.055 4.758 6.663 -4.407 -9.795 8.791 5.266 -8.755 2.821
7.493 12.553 26.643 7.833 15.736 -3.257 5.443 3.174 -4.491 -6.018 8.011 2.925 -7.940 3.205
7.528 12.955 27.061 6.830 15.384 -3.514 4.335 4.581 -3.897 -7.671 8.528 3.780 -8.734 3.368
7.593 12.844 26.378 7.948 16.194 -3.019 5.922 2.621 -5.274 -3.965 8.191 0.701 -7.005 3.380
7.456 12.823 27.103 7.940 15.618 -2.180 3.791 1.903 -1.416 -4.552 3.810 3.026 -5.017 1.803
7.542 12.406 27.190 7.719 15.500 -2.740 3.653 4.208 -2.272 -8.274 6.395 5.291 -7.588 2.317
7.541 12.477 26.852 7.951 15.599 -2.893 3.910 4.513 -2.809 -8.481 7.323 5.086 -8.228 2.648
7.451 12.671 26.379 7.194 15.532 -3.771 4.093 3.904 -2.442 -7.280 6.614 4.212 -7.750 2.870
7.577 12.784 27.619 7.030 15.004 -2.763 2.624 3.573 -0.104 -6.933 2.925 4.841 -4.624 1.059
7.521 12.832 26.679 7.848 15.337 -2.790 4.015 3.375 -3.080 -7.165 8.073 4.000 -9.237 3.711
7.477 12.657 26.862 8.197 15.393 -3.088 4.021 3.639 -3.196 -7.330 8.112 3.976 -9.129 3.673
7.569 12.681 26.175 7.857 15.184 -3.428 4.472 4.143 -5.185 -6.856 10.991 2.290 -10.557 4.784
7.564 12.902 26.591 7.352 15.740 -3.601 5.019 4.738 -4.822 -7.750 9.372 3.783 -9.292 3.584
7.538 12.722 26.817 7.130 15.508 -3.017 3.844 3.381 -2.284 -6.350 5.568 3.669 -6.227 2.132
7.509 12.847 26.605 7.527 15.606 -2.225 3.540 1.393 -0.456 -3.911 1.903 3.256 -3.213 0.661
7.560 12.554 26.907 7.961 14.778 -2.936 1.845 2.957 0.622 -5.748 2.108 4.090 -3.841 0.896
7.515 13.087 27.277 7.616 15.787 -2.899 5.415 3.571 -5.210 -7.026 10.812 2.772 -10.873 4.885
7.535 12.773 26.931 7.787 15.738 -3.354 4.548 3.562 -2.302 -6.339 4.247 4.295 -4.765 1.025
7.507 12.995 27.301 7.141 15.730 -1.847 3.892 1.289 -0.823 -4.353 3.125 3.225 -4.484 1.433
7.550 12.865 27.063 9.052 15.458 -1.726 3.463 0.730 -0.113 -3.290 0.757 3.040 -1.784 -0.043
7.512 12.750 27.570 8.280 15.937 -3.077 5.899 4.282 -5.897 -7.500 10.720 3.145 -10.419 4.518
7.579 12.973 26.648 7.359 15.528 -4.265 4.326 5.722 -2.760 -9.409 6.447 5.783 -6.953 1.712
7.499 13.002 26.147 7.709 16.057 -4.216 6.060 5.529 -6.560 -8.702 12.385 3.447 -12.069 5.342
7.572 12.902 27.155 9.084 15.711 -2.553 4.017 3.007 -1.516 -5.727 3.446 3.646 -4.196 1.153
7.580 12.377 27.138 8.742 15.751 -2.821 4.993 3.626 -3.977 -6.678 7.777 3.298 -7.866 3.095
7.571 12.688 26.539 8.642 15.819 -3.351 5.271 3.725 -4.949 -6.394 9.742 2.530 -9.672 4.310
7.491 12.868 26.351 6.687 16.252 -5.481 8.134 7.115 -10.921 -9.142 17.681 2.005 -15.290 7.215
7.531 12.788 26.366 7.435 15.379 -3.403 4.937 4.641 -5.969 -7.317 12.567 1.826 -12.436 6.276
7.523 12.674 26.251 7.654 15.402 -4.259 4.102 6.518 -3.636 -11.006 9.832 6.060 -11.177 4.155
7.563 12.750 26.705 7.611 15.347 -3.553 3.937 4.502 -2.981 -7.771 7.070 4.226 -7.647 2.746
7.585 13.024 26.528 8.250 15.480 -2.702 3.245 3.462 -1.358 -7.014 5.037 4.274 -6.185 2.041
7.552 12.682 27.156 7.828 14.944 -1.803 1.164 1.663 2.763 -4.539 -1.011 3.816 -1.671 0.140
7.540 12.759 26.336 7.531 15.776 -4.112 5.448 5.054 -5.814 -7.936 11.124 3.423 -10.892 4.583
7.525 12.706 26.842 8.227 15.376 -3.181 3.218 4.288 -1.610 -7.514 5.297 4.559 -6.234 1.847
7.532 12.800 26.627 7.264 15.356 -2.368 3.198 2.282 -0.813 -5.685 3.998 3.847 -5.643 1.934
7.469 12.594 26.740 7.252 15.950 -1.986 5.693 1.590 -5.137 -3.717 8.430 0.943 -7.691 3.671
7.542 12.929 26.746 8.635 15.400 -5.083 5.351 6.468 -6.016 -8.959 11.691 3.556 -11.327 4.853
7.495 12.861 27.212 6.791 15.722 -2.483 6.326 2.166 -6.811 -4.035 11.291 0.115 -10.291 5.499
7.506 12.551 25.732 7.856 15.578 -4.642 4.444 6.582 -4.210 -10.494 9.813 5.604 -10.380 3.712
7.513 12.889 26.931 7.121 15.864 -3.211 6.415 3.754 -7.422 -5.666 12.201 0.942 -10.692 5.293
7.526 12.557 26.739 8.090 15.049 -2.205 1.842 2.899 1.450 -7.208 0.959 6.076 -3.415 -0.013
7.577 12.784 27.619 7.030 15.004 -2.763 2.624 3.573 -0.104 -6.933 2.925 4.841 -4.624 1.059
7.514 12.735 26.784 6.948 15.712 -2.424 5.088 2.366 -5.363 -4.196 9.693 0.602 -8.971 4.575
7.514 12.597 27.886 7.966 15.458 -2.507 4.066 3.491 -2.385 -7.382 6.227 4.800 -7.410 2.385
7.608 12.756 26.550 7.594 15.420 -3.893 4.301 4.783 -4.050 -7.675 8.999 3.452 -8.933 3.531
7.529 13.090 26.180 6.607 15.513 -3.872 3.702 4.303 -2.304 -6.797 5.560 3.899 -6.092 1.939
7.558 12.912 27.581 7.668 15.577 -1.904 3.908 1.555 -1.310 -4.319 3.269 3.165 -4.227 1.224
7.515 13.087 27.277 7.616 15.787 -2.899 5.415 3.571 -5.210 -7.026 10.812 2.772 -10.873 4.885
7.571 12.446 26.555 8.218 15.336 -3.013 3.671 3.737 -2.517 -7.082 7.495 3.493 -8.554 3.643
7.614 12.816 26.320 8.934 15.553 -3.165 3.970 3.607 -3.087 -5.786 6.756 2.545 -6.752 2.738
7.514 12.832 25.826 8.504 16.194 -4.444 7.207 4.460 -8.557 -5.791 14.022 0.337 -12.445 6.512
7.556 13.050 27.236 8.678 15.806 -2.740 4.440 3.960 -3.260 -7.035 7.018 3.530 -7.359 2.903
7.554 13.179 27.126 7.969 15.625 -1.954 4.519 1.316 -2.183 -3.225 3.358 2.119 -3.269 0.854
7.565 13.304 26.962 8.169 16.035 -2.320 6.342 2.614 -5.897 -5.120 8.994 2.137 -8.153 3.403
7.546 12.550 26.925 8.496 15.463 -2.717 3.526 3.923 -1.062 -8.104 4.138 5.786 -5.521 1.037
7.532 13.096 26.138 7.722 15.671 -3.058 3.024 3.006 0.322 -6.558 2.073 5.261 -4.085 0.508
8.077 13.061 27.159 6.751 15.842 -2.377 4.721 2.061 -2.169 -3.878 3.350 2.350 -3.406 0.982
7.207 12.969 27.075 7.518 15.307 -2.295 3.497 2.237 -1.162 -5.717 4.629 3.900 -6.558 2.435
