7.461914 117.292751
7.573036 114.823683
7.524742 120.552389
7.901230 117.970529
7.542480 120.416394
7.481277 116.205708
7.536163 118.258703
7.478531 116.699154
7.621010 119.889758
7.485077 117.166092
7.618103 117.758876
7.462990 116.449493
7.578644 122.396639
7.809036 119.085311
7.519547 113.483669
7.532204 115.361657
7.449829 113.433675
7.480316 120.745839
7.542297 116.154500
7.560791 115.924795
7.552643 118.259422
7.469261 119.136663
7.508629 114.280457
7.563858 119.057299
7.579308 112.043244
7.489014 112.340742
7.457703 112.652405
7.479286 117.869601
7.491119 112.948375
7.526230 118.958149
7.498123 114.067708
7.499245 118.665005
7.542480 120.416394
7.446785 115.990425
7.450745 115.722464
7.542297 116.154500
7.534836 117.188459
7.452438 116.484481
7.452026 115.591370
7.498833 110.807915
7.505653 113.575428
7.535454 117.861006
7.194832 112.103262
7.552643 119.407822
7.472466 116.713697
7.520554 115.717084
7.543808 116.010981
7.596542 120.120521
7.524307 118.531746
7.619751 119.313879
7.482513 121.102953
7.526299 113.264989
7.832291 118.441930
7.498901 115.669445
7.552528 115.265442
7.600983 118.908582
7.475876 116.522314
7.513138 119.488627
7.548019 121.361498
8.077377 127.961365
7.454636 114.423595
7.509041 116.239470
7.525864 124.161097
7.221382 113.075777
7.452003 117.856780
7.536781 119.205187
7.514511 108.836896
7.456055 124.433540
7.585693 119.922135
7.571297 119.440914
7.528175 117.801512
7.432709 116.839664
7.831673 121.853578
7.499268 115.626927
7.563194 116.745526
7.634148 119.587108
7.576149 121.947187
7.538704 120.022509
7.510712 110.655639
7.452438 116.484481
7.496452 120.060314
7.494804 119.752294
7.534836 117.188459
7.526527 120.338194
7.504463 115.226893
7.580292 119.397255
7.540627 119.329637
7.500366 118.827382
7.535500 121.476457
7.580956 118.658387
7.534676 119.728360
7.540260 116.797819
7.588875 114.951595
7.475258 115.818467
7.482880 116.528990
7.472397 116.044601
7.518677 112.169141
7.518494 117.414035
7.558891 112.964092
7.523323 113.281145
7.484230 114.861137
7.519226 119.272617
7.537880 113.469441
7.610893 117.449408
7.553833 118.541845
7.572830 119.595833
7.506546 117.585306
7.510506 119.203670
7.538109 117.847842
7.507416 118.117888
7.420555 116.456121
7.524879 114.777944
7.580956 118.658387
7.477730 114.631550
7.509201 114.347572
7.614281 118.427514
7.512062 119.718394
7.508514 117.003721
7.542595 119.663789
7.511673 115.854895
7.480476 114.994798
7.530647 115.816826
7.486725 115.189735
7.572830 119.595833
7.534561 121.795547
7.552643 120.095231
7.495583 119.748783
7.521286 120.517686
7.524399 122.566778
7.776260 121.573730
7.454430 119.174993
7.603775 114.226373
7.503250 116.233478
7.540123 116.062914
7.501625 117.085124
7.508423 122.026343
7.519958 120.475886
7.537239 117.050460
7.475052 117.349282
7.476265 115.399355
7.473907 120.438754
7.509865 116.495709
7.579926 118.562779
7.519936 121.874881
7.605675 118.515889
7.534081 117.453930
7.609337 118.869059
7.438110 116.948458
7.472397 116.044601
7.548203 118.266851
7.461319 113.334760
7.516045 116.762978
7.526230 118.958149
7.509865 116.495709
7.479378 111.895584
7.485031 116.190565
7.521286 120.517686
7.494576 116.754664
7.510803 116.413829
7.903976 121.800796
7.517006 117.190317
7.580956 118.658387
7.605675 118.515889
7.519341 117.005697
7.518974 113.082248
7.785553 117.090676
7.563469 116.878085
7.539940 116.157023
7.499062 120.590974
7.508972 113.532619
7.522842 119.336704
7.500572 118.489291
7.564110 115.281916
7.454430 119.174993
7.531883 118.670968
7.536781 119.205187
7.509407 113.473530
7.207031 110.321615
7.574387 119.455520
7.461319 113.334760
7.512955 116.818310
7.832291 118.441930
7.521744 117.919163
7.475258 115.818467
7.494804 119.752294
7.480316 120.745839
7.561592 115.758296
7.512886 120.058433
7.548019 121.361498
7.471504 111.787473
7.498123 114.662404
7.473015 118.227215
7.432159 118.355371
7.466263 120.194598
7.527489 120.822473
7.483795 120.129646
7.543144 114.196153
7.570633 116.104914
7.507050 120.706697
7.487549 114.105274
7.490387 119.829749
7.522362 116.460399
7.563858 119.057299
7.524078 116.528968
7.516731 117.053484
7.483337 115.068712
7.477089 117.693019
7.532043 115.633713
7.569305 122.356656
7.587753 116.828097
7.901230 117.970529
7.544128 111.390403
7.526527 120.338194
7.483337 115.068712
7.596542 120.120521
7.487869 116.918164
7.227058 108.811112
7.450745 115.722464
7.523712 117.018438
7.760880 119.264083
7.400528 120.860780
7.564293 118.262807
7.597137 122.378619
7.489815 119.516420
7.444244 115.378470
7.618973 122.217819
7.538109 117.847842
7.535110 114.768703
7.519547 113.483669
7.499519 119.451632
7.486725 115.189735
7.494804 119.752294
7.507805 116.783256
7.458801 120.538707
7.509201 114.347572
7.518837 119.188178
7.535477 119.710987
7.523712 117.018438
7.499771 120.895755
7.482651 112.191261
7.630280 118.412630
7.538361 117.089766
7.498833 110.807915
7.507805 116.783256
7.463173 114.230757
7.483223 117.865408
7.542229 118.115802
7.499313 119.078162
7.542435 115.762490
7.559967 111.719969
7.531975 120.501377
7.500961 113.736884
7.495262 115.077287
7.472557 119.709109
7.535454 124.878428
7.518677 112.169141
7.526413 120.325049
7.474091 120.905933
7.513115 114.595432
7.572830 119.595833
7.627029 117.991053
7.523621 116.446040
7.585556 118.692190
7.556053 116.805948
7.535500 118.592401
7.576218 121.817984
7.576561 119.955051
7.636894 119.400917
7.896011 122.250980
7.461548 114.790533
7.468781 116.595409
7.506042 113.903233
7.514076 118.057418
7.506546 117.585306
7.541473 120.033768
7.513023 119.052208
7.527786 120.530865
7.540398 118.957208
7.510185 116.097022
7.538635 116.291269
7.601486 115.428375
7.487892 115.234784
7.576149 121.947187
7.516571 118.179971
7.456718 116.191426
7.545319 121.140727
7.547173 117.613700
7.498695 115.633236
7.541519 122.736901
7.239899 114.992173
7.528313 115.921316
7.544128 111.390403
7.100143 111.418964
7.556374 119.434777
7.508492 121.218499
7.479881 117.108816
7.507004 114.720092
7.516731 117.053484
7.526230 118.958149
7.522957 119.759864
7.518677 112.169141
7.466263 113.034323
7.509865 116.495709
7.537170 118.500297
7.507416 118.117888
7.522362 116.460399
7.545319 121.140727
7.467453 119.034535
7.538292 116.778841
7.492859 117.114243
7.522385 117.548448
7.561523 116.988900
7.513779 116.151293
7.521103 118.816411
7.548637 119.561993
7.571960 118.655879
7.532455 115.668232
7.571297 119.440914
7.578392 119.427621
7.537445 122.519799
7.522591 120.525602
7.471115 118.473504
7.506546 117.585306
7.502426 116.838322
7.591690 116.477884
7.523552 121.499204
7.527557 115.802992
7.522842 119.336704
7.523964 119.184236
7.514305 116.733963
7.517921 117.605854
7.511650 121.178697
7.526527 120.338194
7.475510 118.422684
7.562897 116.066853
7.570038 119.748302
7.484230 114.861137
7.466423 115.731439
7.548340 117.175165
7.533096 118.376223
7.516045 116.762978
7.474091 120.905933
7.455048 116.365781
7.498123 114.067708
7.522888 115.704725
7.534012 116.203212
7.482880 116.528990
7.535728 117.498973
7.511673 115.854895
7.454910 114.210295
7.474915 119.133139
7.455116 113.005723
7.585808 119.947765
7.590317 124.028762
7.567749 121.706991
7.576149 121.947187
7.542595 119.663789
7.590569 114.275689
7.552322 112.864513
7.500114 119.315344
7.487892 114.486050
7.454636 114.423595
7.495583 119.748783
7.487206 115.021948
7.543510 121.408643
7.504692 118.926522
7.481277 116.205708
7.446762 120.519779
7.495079 112.320777
7.494896 116.884498
7.221382 113.075777
7.213783 115.658440
7.507416 121.173560
7.487434 116.638752
7.484230 114.861137
7.551453 119.000925
7.534081 117.453930
7.813866 121.204928
7.527489 120.822473
7.472466 116.103766
7.469925 117.682979
7.454636 114.423595
7.515198 118.642754
7.511879 117.652016
7.530487 120.919973
7.535477 119.710987
7.494804 119.752294
7.563858 119.057299
7.472397 116.044601
7.526894 117.446867
7.506226 117.014527
7.599792 122.156771
7.538795 115.703330
7.542595 119.663789
7.776192 119.426001
7.482536 114.204897
7.529709 116.247914
7.494896 116.884498
7.527557 115.802992
7.543098 117.487014
7.550217 116.542768
7.489632 117.213817
7.533394 115.328704
7.530693 118.539865
7.584023 115.934045
7.475510 118.422684
8.298912 126.433348
7.588875 114.951595
7.480293 114.405546
7.552528 115.265442
7.520622 115.343694
7.489243 114.737011
7.520828 119.265730
7.542732 123.234544
7.585693 119.922135
7.514076 118.057418
7.570610 118.763264
7.548271 120.086716
7.520828 119.265730
7.474274 117.454075
7.448296 115.975846
7.516891 112.418091
7.551819 119.724595
7.498123 114.662404
7.482216 121.600414
7.478737 112.326685
7.530968 114.057678
7.476608 116.489764
7.619751 119.313879
7.520096 120.658843
7.494209 117.046486
7.420029 115.497871
7.454910 114.210295
7.475876 116.522314
7.597435 116.588978
7.457703 112.652405
7.597137 122.378619
7.503227 118.299894
7.446945 105.901799
7.523323 113.281145
7.485146 115.435749
7.542297 116.154500
7.512062 119.718394
7.518356 115.086221
7.445045 114.396845
7.489014 112.340742
7.509384 111.297030
7.468781 119.774825
7.474915 119.133139
7.634834 121.576542
7.585808 119.947765
7.532867 116.246992
7.526321 118.818691
7.508720 113.397935
7.891296 120.244670
7.527786 120.530865
7.523438 118.177560
7.475807 116.133694
7.528107 119.800547
7.494576 116.754664
7.459007 114.925589
7.507690 113.145553
7.588165 125.429221
7.551819 119.724595
7.498901 115.669445
7.221382 113.075777
7.472466 116.103766
7.491966 117.875135
7.476768 116.068913
7.479881 117.108816
7.576149 121.947187
7.543808 116.010981
7.489815 119.516420
7.508766 119.663671
7.593315 111.763076
7.481049 121.844325
7.508972 113.532619
7.460907 117.757276
7.511421 119.650058
7.470932 118.771524
7.585167 117.422068
7.897568 122.510992
7.560768 116.783827
7.491600 115.513310
7.473335 115.575385
7.515198 118.642754
7.121727 114.124647
7.497047 118.967166
7.560219 115.806436
7.443306 115.068028
7.519958 118.403511
7.489037 116.446197
7.491417 116.326751
7.522705 114.825767
7.438019 117.087613
7.479080 117.354799
7.498833 115.383337
7.488533 118.475870
7.561523 116.988900
7.444244 115.378470
7.514076 118.057418
7.513779 116.151293
7.588165 125.429221
7.461914 117.292751
7.543510 121.408643
7.471115 118.473504
7.535477 119.710987
7.527489 120.822473
7.518356 115.086221
7.503479 115.265327
7.526848 116.681541
7.121727 114.124647
7.478416 117.996975
7.563011 118.068946
7.523964 119.184236
7.463264 120.292289
7.542160 117.608234
7.475716 112.756944
7.483223 117.865408
7.479401 115.392704
7.600983 118.908582
7.533531 125.994854
7.496887 116.356402
7.653923 120.984072
7.593315 111.763076
7.631149 118.307322
7.476128 119.261159
7.508972 113.532619
7.491417 116.326751
7.723045 121.668321
7.533829 115.336597
7.510712 110.655639
7.545525 114.522752
7.509453 117.195133
7.494804 119.752294
7.535225 119.168745
7.479401 115.392704
7.496933 116.964356
7.548317 122.387569
7.494804 123.801012
7.462990 116.449493
7.543510 121.408643
7.438110 116.948458
7.452438 116.484481
7.489014 112.340742
7.487549 114.105274
7.564568 117.751705
7.614807 119.661597
7.553856 117.398624
7.523552 121.499204
7.475510 118.422684
7.473015 118.227215
7.584297 121.666181
7.473907 120.438754
7.489265 116.137420
7.576973 113.685356
7.456467 114.892523
7.479904 121.625699
7.560631 113.028427
7.507713 116.417413
7.554359 117.321846
7.369286 115.755379
7.553627 118.025986
7.542480 120.416394
7.532112 117.905974
7.537354 121.887356
7.494209 117.046486
7.586838 121.889327
7.475967 115.752941
7.548317 122.387569
7.570610 118.763264
7.528313 115.921316
7.461159 116.735994
7.454659 115.001266
7.540627 119.329637
7.572830 119.595833
7.841812 121.637758
7.448364 113.020834
7.526321 118.818691
7.533829 115.336597
7.591850 117.911828
7.526825 116.896392
7.523849 112.868628
7.551819 119.724595
7.443443 114.497759
7.569305 122.356656
7.621719 118.420237
7.529961 112.030780
7.487549 114.105274
7.878525 127.338468
7.541199 112.732362
7.480476 114.994798
7.456718 116.191426
7.557861 117.731650
7.480316 120.745839
7.816177 117.304483
7.538635 116.291269
7.444176 114.780899
7.538567 114.396771
7.498535 114.244451
7.539940 119.376488
7.531975 120.501377
7.514168 116.106819
7.616661 118.293782
7.515907 116.232757
7.586311 117.663130
7.522774 116.572856
7.213783 115.658440
7.475487 118.101941
7.455116 113.005723
7.535500 121.476457
7.590294 118.941299
7.537354 121.887356
7.533920 117.913912
7.443031 117.173608
7.472557 119.709109
7.560791 115.924795
7.536781 119.205187
7.457954 113.114359
7.539047 119.908294
7.520828 119.265730
7.542480 120.416394
7.514511 108.836896
7.530693 118.539865
7.483795 120.129646
7.410713 114.190072
7.509407 113.473530
7.583862 118.443322
7.454659 115.001266
7.526413 120.325049
7.550171 116.713859
7.436691 120.094240
7.481644 121.467862
7.481277 116.205708
7.542480 120.416394
7.576927 121.604566
7.476425 112.919770
7.564796 119.310113
7.514259 121.287177
7.444244 117.277850
7.544151 119.127403
7.516045 116.762978
7.554291 121.919836
7.502838 117.316228
7.551819 119.724595
7.478531 118.209032
7.420029 115.497871
7.488533 118.475870
7.479080 117.354799
7.530693 118.539865
7.564568 117.751705
7.532204 115.361657
7.450722 118.988957
7.597435 116.588978
7.561523 116.988900
7.639160 119.784499
7.488533 118.475870
7.462143 120.520173
7.524765 117.015440
7.547173 117.613700
7.496933 116.964356
7.484459 116.840131
7.543030 114.608546
7.564568 117.751705
7.533852 118.772651
7.614281 118.427514
7.479881 117.108816
7.519157 119.463727
7.539047 113.873641
7.475487 118.101941
7.482170 121.176702
7.515907 116.232757
7.530693 118.539865
7.528267 115.471887
7.462143 120.520173
7.397049 116.528395
7.460060 116.437613
7.541702 116.893038
7.497093 113.907679
7.563194 116.745526
7.476562 118.676870
7.497002 114.954313
7.524719 115.701245
7.480911 119.513830
7.498123 114.067708
7.522774 116.572856
7.583725 120.770114
7.543030 114.608546
7.528175 117.801512
7.469948 120.665085
7.527557 120.501238
7.578850 121.709569
7.499313 119.078162
7.479904 121.625699
7.518814 117.853058
7.512886 120.058433
7.410713 114.190072
7.357040 117.510802
7.535728 117.498973
7.508514 117.003721
7.475807 116.133694
7.552643 120.095231
7.240356 110.648735
7.606705 116.685689
7.499245 118.665005
7.542160 117.608234
7.471092 117.219314
7.505791 121.149687
7.460335 121.106791
7.492882 118.741864
7.431129 117.163817
7.474594 112.286992
7.556602 118.344441
7.472397 116.044601
7.479080 117.354799
7.497368 119.377360
7.571960 118.655879
7.098106 111.834460
7.516411 118.568325
7.504692 118.926522
7.560768 116.783827
7.493477 117.914408
7.578667 117.683992
7.563858 119.057299
7.537354 121.887356
7.515060 119.787287
7.529045 119.759395
7.502289 116.839241
7.527214 118.838295
7.591347 118.977705
7.532043 115.633713
7.523323 113.281145
7.443443 114.497759
7.550034 120.410342
7.466492 116.145130
7.566055 113.350960
7.497093 113.907679
7.533829 117.455157
7.549370 117.475060
7.534035 118.106236
7.488029 119.568512
7.576927 121.604566
7.524307 118.531746
7.538361 114.478070
7.456306 116.451277
7.631149 118.307322
7.522797 121.012209
7.469261 119.136663
7.816177 117.304483
7.522797 120.132775
7.526413 120.325049
8.201134 123.796444
7.425087 115.688374
7.545593 118.203188
7.477501 116.848542
7.462990 116.449493
7.456718 116.191426
7.545181 119.472727
7.507622 114.306917
7.520119 116.356088
7.576149 121.947187
7.533829 117.455157
7.536804 114.174037
7.479080 117.354799
7.454659 115.001266
7.392632 116.905033
7.459877 113.606088
7.586632 119.875091
7.553856 117.398624
7.455048 116.990321
7.508514 117.003721
7.454430 119.174993
7.445618 119.313873
7.400528 120.860780
7.500984 118.574584
7.548340 117.175165
7.551819 119.724595
7.566376 116.623209
7.522888 115.704725
7.528679 116.795308
7.563194 116.745526
7.507050 113.125362
7.848335 121.931401
7.597801 122.715849
7.498695 115.633236
7.501625 117.085124
7.542229 118.115802
7.480087 118.566283
7.760880 119.264083
7.514168 116.106819
7.578850 121.709569
7.633415 118.741380
7.571480 118.187276
7.539940 116.157023
7.466492 116.145130
7.535454 117.861006
7.587753 116.828097
7.548271 120.086716
7.541473 120.033768
7.523575 116.776637
7.557426 118.367434
7.551453 119.000925
7.559967 111.719969
7.531883 118.670968
7.537880 113.469441
7.585739 114.107560
7.503227 118.299894
7.457954 113.114359
7.511673 115.854895
7.531837 123.537135
7.544106 117.734507
7.506042 113.903233
7.458069 117.501834
7.628517 122.808461
7.580063 117.734973
7.578644 122.396639
7.586838 121.889327
7.494896 116.884498
7.505058 122.338769
7.487846 116.151496
7.095383 115.783981
7.560791 115.924795
7.496452 120.060314
7.481689 117.912826
7.437881 116.212024
7.533829 115.336597
7.527351 116.255813
7.456467 114.892523
7.487503 115.749843
7.506615 119.736095
7.538109 117.847842
7.508972 113.532619
7.776192 119.426001
7.515610 115.301734
7.512062 119.718394
7.493912 119.931146
7.591690 116.477884
7.518974 113.082248
7.502930 119.384010
7.542480 120.416394
7.530487 120.919973
7.597137 122.378619
7.532043 115.633713
7.471115 118.473504
7.812469 124.096123
7.524811 116.094571
7.547173 117.613700
7.550217 116.542768
7.508080 116.149373
7.533211 121.124151
7.466423 115.731439
7.492882 118.741864
7.496498 120.273781
7.653923 120.984072
7.491211 121.747945
7.472969 117.475231
7.477730 114.631550
7.569855 118.791412
8.298912 126.433348
7.509544 119.266047
7.456306 116.451277
7.508812 115.705000
7.516045 116.762978
7.536781 119.205187
7.557861 117.731650
7.506042 113.903233
7.546165 120.451158
7.456467 114.892523
7.569237 122.226074
7.554359 117.321846
7.542435 115.762490
7.505173 119.277411
7.527924 118.243879
7.508720 113.397935
7.550034 120.410342
7.487434 116.638752
7.523849 112.868628
7.492767 122.436058
7.513229 123.059174
7.237587 121.440906
7.483223 117.865408
7.608170 117.315127
7.476425 112.919770
7.548340 117.175165
7.528313 115.921316
7.566216 117.693426
7.518814 117.853058
7.539162 116.480702
7.466423 115.731439
7.499771 120.895755
7.392632 116.905033
7.491211 121.747945
7.476768 116.068913
7.569237 122.226074
7.530373 119.303764
7.513206 115.695363
7.462990 116.449493
7.844078 118.856142
7.520691 115.532718
7.553856 116.953639
7.443466 116.199227
7.517006 117.190317
7.237587 121.440906
7.569855 118.791412
7.508492 121.218499
7.369286 115.755379
7.496933 116.964356
7.486702 120.347876
7.517006 115.350983
7.459877 113.606088
7.621010 119.889758
7.565392 119.777122
7.562897 116.066853
7.454201 117.016087
7.537376 123.942938
7.537354 121.887356
7.415359 113.717086
7.464523 115.423533
7.508743 118.961918
7.474617 117.776421
7.458778 120.214734
7.484459 116.840131
7.520622 115.343694
7.560631 113.028427
7.410713 114.190072
7.511765 116.035351
7.482536 116.286910
7.528679 116.795308
7.464912 116.382268
7.476402 118.990956
7.594711 116.579293
7.519272 117.105543
7.515907 116.232757
7.458801 120.538707
7.475876 116.522314
7.582535 118.756075
7.497093 113.907679
7.538795 115.703330
7.465393 116.433918
7.504463 115.226893
7.551453 119.000925
7.521355 117.169773
7.542229 118.115802
7.493477 117.914408
7.527557 115.802992
7.593224 122.962082
7.456306 116.451277
7.541702 116.893038
7.541290 117.635802
7.450745 115.722464
7.576973 113.685356
7.520622 115.343694
7.477409 115.097439
7.568504 114.919760
7.563858 119.057299
7.537674 116.892238
7.509453 117.195133
7.559967 111.719969
7.515198 118.642754
7.535500 118.592401
7.506729 118.082594
7.550171 116.713859
7.512062 119.718394
7.578667 117.683992
7.498764 120.409226
7.571709 118.959906
7.580292 119.397255
7.571320 119.774161
7.491211 121.747945
7.530647 115.816826
7.522842 115.863199
7.562897 116.066853
7.585167 117.422068
7.552322 112.864513
7.540398 118.957208
7.524719 115.701245
7.532455 115.668232
7.469261 119.136663
7.542297 116.154500
7.494690 117.830572
7.506477 116.934435
7.512726 119.180186
7.526299 113.264989
7.576973 113.685356
7.514076 118.057418
7.513779 116.151293
7.608170 117.315127
7.528679 116.795308
7.557861 117.731650
7.515198 118.642754
7.570633 116.104914
7.614281 118.427514
7.514236 121.688822
7.556374 119.434777
7.553627 118.025986
7.565369 121.313719
7.545799 116.682462
7.531563 118.028875
8.077377 127.961365
7.207031 110.321615
