2.000000 51.439461 65.121395 37.757528
2.100000 61.834838 74.239197 49.430480
2.200000 72.045537 83.258120 60.832954
2.300000 81.969264 92.081798 71.856729
2.400000 91.526643 100.633068 82.420218
2.500000 100.658184 108.851508 92.464861
2.600000 109.321531 116.691298 101.951763
2.700000 117.488967 124.119376 110.858557
2.800000 125.145177 131.113851 119.176503
2.900000 132.285230 137.662630 126.907831
3.000000 138.912776 143.762207 134.063345
3.100000 145.038439 149.416577 140.660301
3.200000 150.678396 154.636208 146.720584
3.300000 155.853119 159.437053 152.269185
3.400000 160.586277 163.839574 157.332981
3.500000 164.903777 167.867744 161.939810
3.600000 168.832938 171.548022 166.117853
3.700000 172.401782 174.908260 169.895303
3.800000 175.638437 177.976554 173.300320
3.900000 178.570640 180.780084 176.361195
4.000000 181.225319 183.344078 179.106560
4.100000 183.628273 185.691108 181.565439
4.200000 185.803909 187.840887 183.766932
4.300000 187.775051 189.810534 185.739567
4.400000 189.562802 191.615119 187.510486
4.500000 191.186466 193.268224 189.104708
4.600000 192.663498 194.782346 190.544651
4.700000 194.009507 196.169111 191.849904
4.800000 195.238285 197.439335 193.037236
4.900000 196.361863 198.603000 194.120725
5.000000 197.390590 199.669205 195.111976
5.100000 198.333238 200.646114 196.020362
5.200000 199.197110 201.540933 196.853288
5.300000 199.988167 202.359896 197.616439
5.400000 200.711163 203.108289 198.314037
5.500000 201.369780 203.790482 198.949078
5.600000 201.966770 204.409985 199.523555
5.700000 202.504097 204.969518 200.038676
5.800000 202.983073 205.471095 200.495051
5.900000 203.404495 205.916115 200.892875
6.000000 203.768773 206.305468 201.232078
6.100000 204.076054 206.639645 201.512463
6.200000 204.326334 206.918849 201.733820
6.300000 204.519569 207.143114 201.896023
6.400000 204.655765 207.312418 201.999112
6.500000 204.735070 207.426782 202.043358
6.600000 204.757847 207.486374 202.029320
6.700000 204.724738 207.491589 201.957888
6.800000 204.636721 207.443118 201.830324
6.900000 204.495150 207.342008 201.648291
7.000000 204.301790 207.189701 201.413878
7.100000 204.058837 206.988060 201.129614
7.200000 203.768931 206.739381 200.798480
7.300000 203.435157 206.446402 200.423912
7.400000 203.061039 206.112287 200.009790
7.500000 202.650521 205.740611 199.560431
7.600000 202.207948 205.335341 199.080556
7.700000 201.738030 204.900796 198.575265
7.800000 201.245806 204.441621 198.049992
7.900000 200.736601 203.962744 197.510457
8.000000 200.215973 203.469334 196.962612
8.100000 199.689666 202.966756 196.412576
8.200000 199.163548 202.460526 195.866570
8.300000 198.643555 201.956261 195.330849
8.400000 198.135627 201.459629 194.811625
8.500000 197.645648 200.976297 194.315000
8.600000 197.179384 200.511879 193.846888
8.700000 196.742418 200.071884 193.412951
8.800000 196.340092 199.661658 193.018526
8.900000 195.977450 199.286335 192.668565
9.000000 195.659178 198.950779 192.367577
9.100000 195.389558 198.659537 192.119578
9.200000 195.172411 198.416779 191.928042
9.300000 195.011063 198.226257 191.795869
9.400000 194.908299 198.091251 191.725347
9.500000 194.866336 198.014531 191.718140
9.600000 194.886789 197.998316 191.775262
9.700000 194.970658 198.044239 191.897077
9.800000 195.118308 198.153324 192.083293
9.900000 195.329468 198.325969 192.332966
10.000000 195.603222 198.561933 192.644512
10.100000 195.938027 198.860343 193.015712
10.200000 196.331718 199.219705 193.443731
10.300000 196.781535 199.637934 193.925135
10.400000 197.284149 200.112390 194.455907
10.500000 197.835698 200.639928 195.031468
10.600000 198.431830 201.216958 195.646703
10.700000 199.067752 201.839509 196.295995
10.800000 199.738281 202.503300 196.973262
10.900000 200.437907 203.203803 197.672012
11.000000 201.160861 203.936305 198.385418
11.100000 201.901180 204.695959 199.106402
11.200000 202.652784 205.477818 199.827749
11.300000 203.409551 206.276867 200.542236
11.400000 204.165403 207.088035 201.242772
11.500000 204.914381 207.906211 201.922551
11.600000 205.650734 208.726269 202.575199
11.700000 206.368998 209.543092 203.194904
11.800000 207.064084 210.351635 203.776533
11.900000 207.731357 211.146995 204.315718
12.000000 208.366715 211.924512 204.808918
12.100000 208.966668 212.679885 205.253451
12.200000 209.528407 213.409302 205.647512
12.300000 210.049873 214.109581 205.990165
12.400000 210.529815 214.778302 206.281328
12.500000 210.967848 215.413951 206.521744
12.600000 211.364492 216.016043 206.712941
12.700000 211.721215 216.585243 206.857187
12.800000 212.040452 217.123469 206.957435
12.900000 212.325627 217.633985 207.017269
13.000000 212.581152 218.121464 207.040841
13.100000 212.812420 218.592028 207.032812
13.200000 213.025779 219.053258 206.998301
13.300000 213.228501 219.514158 206.942844
13.400000 213.428725 219.985076 206.872375
13.500000 213.635394 220.477570 206.793218
13.600000 213.858170 221.004224 206.712116
13.700000 214.107336 221.578401 206.636272
13.800000 214.393683 222.213957 206.573410
13.900000 214.728377 222.924915 206.531839
14.000000 215.122809 223.725119 206.520499
14.100000 215.588434 224.627888 206.548980
14.200000 216.136591 225.645689 206.627493
14.300000 216.778304 226.789840 206.766768
14.400000 217.524073 228.070264 206.977882
14.500000 218.383650 229.495289 207.272011
14.600000 219.365800 231.071513 207.660087
14.700000 220.478053 232.803720 208.152385
14.800000 221.726441 234.694855 208.758027
14.900000 223.115237 236.746064 209.484409
