8.192530 -421.606706
8.142385 -439.528777
9.443028 -374.010172
10.585514 -2121.934253
12.161827 -639.407292
11.034733 -1341.349403
10.870189 -1199.889766
8.058829 -649.281998
8.484854 -882.481493
9.551707 -1095.987126
11.165024 -524.663618
10.929259 5115.369174
9.109755 -495.859680
7.877794 -266.538304
7.955244 -334.356249
7.988100 -320.067941
7.640119 -266.239608
7.227658 -222.580041
7.412346 -344.708294
7.440551 -282.769920
7.156088 -277.276356
7.115207 -340.289734
6.979878 -251.247735
6.541907 -411.402573
6.447769 -252.110961
6.589090 -310.879071
8.906573 -434.277218
6.461008 -553.382644
6.638677 -285.823268
5.260470 -182.607091
7.597564 -504.422821
6.394776 -246.109793
5.570261 -224.172226
8.714038 -448.358109
7.610334 -281.135569
3.576275 -558.665672
5.598476 -440.600349
6.053897 6986.644924
6.094153 -364.170846
5.997831 -206.442603
2.176424 -176.733869
5.434512 -254.060232
7.374189 -254.803385
6.173683 -238.496112
1.217974 632.033403
3.365489 -2220.070036
6.860675 -204.108789
6.401051 -177.787859
6.386469 -262.410301
7.255827 -197.513181
7.457069 -200.675665
7.213093 -173.767921
1.269945 -24920.713259
1.309173 35954.542373
6.690894 -169.532385
7.028297 -187.074067
8.007940 -237.390903
7.008804 -195.174004
8.973233 -304.450967
7.011330 -172.979154
5.778364 -266.416341
8.828706 -240.031397
8.767731 -251.437461
8.923142 -248.077224
3.584928 312.249884
4.570356 -121.418958
6.158428 -213.444143
6.566431 -138.792315
3.951584 -126.560545
3.829699 -168.833436
3.861074 246.298525
4.742764 -134.346221
6.145091 -237.554173
6.381440 -146.606462
7.586554 -253.906142
10.925071 -497.866784
7.809132 -345.272776
10.039288 -294.499379
8.511318 -311.204397
8.976752 1738.534141
8.654789 -616.565304
8.927641 -1141.911733
6.957456 -230.085779
6.445126 -211.761851
4.897288 -499.693645
6.011065 -1551.998438
3.350972 -222.712770
7.328482 -184.147993
7.593188 -188.685652
3.352949 -93.392422
7.608834 -169.063262
4.165387 -86.013313
6.473957 -107.652005
5.797827 -104.221097
6.597296 -113.040239
7.437365 -203.701475
8.393827 -325.320793
7.877041 -223.550025
