2.000000 35787580.785241
2.100000 35503934.622778
2.200000 35222739.950451
2.300000 34947590.453504
2.400000 34676379.718978
2.500000 34404913.957169
2.600000 34152819.220240
2.700000 33897137.741776
2.800000 33649480.526546
2.900000 33419038.545142
3.000000 33191604.787681
3.100000 32975851.693345
3.200000 32774254.485850
3.300000 32584104.661765
3.400000 32406345.505586
3.500000 32241251.036749
3.600000 32087297.519099
3.700000 31945060.520310
3.800000 31812401.775604
3.900000 31688131.484264
4.000000 31564890.388085
4.100000 31460768.049089
4.200000 31352859.008349
4.300000 31256154.113733
4.400000 31169251.743097
4.500000 31098372.934159
4.600000 31023313.206717
4.700000 30952702.688984
4.800000 30893908.086136
4.900000 30836433.251403
5.000000 30779672.880027
5.100000 30727156.326203
5.200000 30678260.381976
5.300000 30630056.024700
5.400000 30582458.309671
5.500000 30553661.350115
5.600000 30508767.707032
5.700000 30478986.397899
5.800000 30460589.545279
5.900000 30443350.458584
6.000000 30426703.461290
6.100000 30415466.095180
6.200000 30402763.551507
6.300000 30391594.254147
6.400000 30378129.499166
6.500000 30366311.195867
6.600000 30359110.714755
6.700000 30350759.454677
6.800000 30326689.860075
6.900000 30315293.123540
7.000000 30321309.890585
7.100000 30323926.479332
7.200000 30313576.849404
7.300000 30320610.162416
7.400000 30313865.639475
7.500000 30303795.741681
7.600000 30309007.559560
7.700000 30320301.519112
7.800000 30307613.343476
7.900000 30305892.419496
8.000000 30305914.983886
8.100000 30306778.110819
8.200000 30308646.153946
8.300000 30312103.877143
8.400000 30318225.067693
8.500000 30327032.595751
8.600000 30335193.588537
8.700000 30340692.719877
8.800000 30344812.177242
8.900000 30348617.005116
9.000000 30352144.982028
9.100000 30356746.905112
9.200000 30361802.790069
9.300000 30366325.173774
9.400000 30371287.352873
9.500000 30376486.341640
9.600000 30381845.635023
9.700000 30387333.650412
9.800000 30392931.371731
9.900000 30398624.452190
10.000000 30404400.598421
10.100000 30410248.245413
10.200000 30416155.807208
10.300000 30422111.469388
10.400000 30428103.490380
10.500000 30434120.796223
10.600000 30440153.553109
10.700000 30446193.484005
10.800000 30452233.876788
10.900000 30458269.372891
11.000000 30464295.666860
11.100000 30470309.216144
11.200000 30476307.009452
11.300000 30482286.403128
11.400000 30488245.015306
11.500000 30494180.661923
11.600000 30500091.320075
11.700000 30505975.107788
11.800000 30511830.272969
11.900000 30517655.187030
12.000000 30523448.340605
12.100000 30529208.339985
12.200000 30534933.903581
12.300000 30540623.858139
12.400000 30546277.134651
12.500000 30551892.763969
12.600000 30557469.872224
12.700000 30563007.676104
12.800000 30568505.478094
12.900000 30573962.661729
13.000000 30579378.686917
13.100000 30584753.085379
13.200000 30590085.456222
13.300000 30595375.461687
13.400000 30600622.823061
13.500000 30605827.316782
13.600000 30610988.770732
13.700000 30616107.060715
13.800000 30621182.107122
13.900000 30626213.871781
14.000000 30631202.354978
14.100000 30636147.592653
14.200000 30641049.653760
14.300000 30645908.637777
14.400000 30650724.672370
14.500000 30655497.911200
14.600000 30660228.531857
14.700000 30664916.733926
14.800000 30669562.737176
14.900000 30674166.779855
15.000000 30678729.117097
