2.000000 15847683.499273
2.100000 15787232.701148
2.200000 15720536.162509
2.300000 15649208.857981
2.400000 15583535.720100
2.500000 15511930.074695
2.600000 15452157.136701
2.700000 15399603.531794
2.800000 15357380.179741
2.900000 15317384.094575
3.000000 15283122.676897
3.100000 15253099.897882
3.200000 15228063.396495
3.300000 15203429.388580
3.400000 15179649.506603
3.500000 15157053.191128
3.600000 15136303.938965
3.700000 15116222.577732
3.800000 15096303.682675
3.900000 15075901.700162
4.000000 15056988.894644
4.100000 15041680.170618
4.200000 15027809.032698
4.300000 15014382.635249
4.400000 15000965.857237
4.500000 14988272.554450
4.600000 14976900.523655
4.700000 14967128.757226
4.800000 14957932.543934
4.900000 14949149.250454
5.000000 14940736.581487
5.100000 14932690.909719
5.200000 14925069.356734
5.300000 14917964.670525
5.400000 14911360.748590
5.500000 14905172.788368
5.600000 14899353.178899
5.700000 14893950.797131
5.800000 14888488.687032
5.900000 14884091.747332
6.000000 14880063.948745
6.100000 14876359.178869
6.200000 14872861.604486
6.300000 14869765.939463
6.400000 14866926.150464
6.500000 14864360.327642
6.600000 14862100.614512
6.700000 14860001.764398
6.800000 14858282.018124
6.900000 14856551.002600
7.000000 14854754.803680
7.100000 14853530.237265
7.200000 14852262.269081
7.300000 14851046.090802
7.400000 14849956.879160
7.500000 14849047.460707
7.600000 14848250.216137
7.700000 14847184.866551
7.800000 14846580.834252
7.900000 14846076.161679
8.000000 14845628.792169
8.100000 14845229.784058
8.200000 14844884.432232
8.300000 14844597.635548
8.400000 14844372.222285
8.500000 14844209.942027
8.600000 14844112.400305
8.700000 14844081.887618
8.800000 14844122.576160
8.900000 14844242.807290
9.000000 14844470.181965
9.100000 14845627.628590
9.200000 14847887.601404
9.300000 14849034.399419
9.400000 14849660.105443
9.500000 14850142.513888
9.600000 14850588.588813
9.700000 14851031.599764
9.800000 14851483.473055
9.900000 14851948.794836
10.000000 14852429.239490
10.100000 14852925.195858
10.200000 14853436.439283
10.300000 14853962.436575
10.400000 14854502.495623
10.500000 14855055.844036
10.600000 14855621.673219
10.700000 14856199.164573
10.800000 14856787.505857
10.900000 14857385.901759
11.000000 14857993.580820
11.100000 14858609.799920
11.200000 14859233.847045
11.300000 14859865.042820
11.400000 14860502.741124
11.500000 14861146.329047
11.600000 14861795.226360
11.700000 14862448.884646
11.800000 14863106.786198
11.900000 14863768.442772
12.000000 14864433.394252
12.100000 14865101.207279
12.200000 14865771.473874
12.300000 14866443.810081
12.400000 14867117.854655
12.500000 14867793.267783
12.600000 14868469.729878
12.700000 14869146.940419
12.800000 14869824.616858
12.900000 14870502.493586
13.000000 14871180.320958
13.100000 14871857.864375
13.200000 14872534.903420
13.300000 14873211.231052
13.400000 14873886.652837
13.500000 14874560.986240
13.600000 14875234.059949
13.700000 14875905.713248
13.800000 14876575.795419
13.900000 14877244.165190
14.000000 14877910.690212
14.100000 14878575.246563
14.200000 14879237.718288
14.300000 14879897.996960
14.400000 14880555.981275
14.500000 14881211.576661
14.600000 14881864.694914
14.700000 14882515.253855
14.800000 14883163.177008
14.900000 14883808.393292
15.000000 14884450.836731
