8.653885 129.004201
8.878761 126.715129
9.198853 136.430270
8.411041 122.867937
8.460526 122.740426
8.969879 132.395816
8.866127 129.049712
9.071663 131.780724
8.464211 121.941532
9.044884 130.774347
8.889885 126.093831
9.156784 130.628329
8.776360 123.057351
8.919113 124.841790
8.895790 129.793718
9.034218 129.434808
8.944839 128.440368
8.919113 124.841790
8.335945 124.717466
8.380005 116.515556
8.991440 131.410028
8.945160 124.831650
9.003571 128.183124
8.696571 126.509851
8.816414 126.317478
8.486275 121.525769
8.222992 120.954639
8.841042 126.010922
8.771828 124.406590
8.575905 124.451207
8.650452 122.424749
8.771828 124.406590
8.497421 122.112865
9.069557 130.132619
8.983749 127.810966
8.574165 121.512626
8.275360 121.614240
8.206261 120.912493
8.915726 129.585735
8.640862 124.004090
8.066917 121.168741
8.402344 123.462125
9.002609 123.781702
8.253410 116.554676
8.887550 130.221120
8.174309 118.645544
9.070381 133.996729
8.392319 122.210796
8.980980 128.467089
8.550613 121.459779
9.027740 130.617254
9.026024 124.468314
9.005722 130.766600
9.069855 130.736446
8.434502 118.571150
8.525093 120.807895
8.900734 122.528110
8.365471 118.536280
8.794098 123.870515
8.921471 125.342288
8.310905 121.060621
9.047813 129.951846
8.653931 131.430691
8.926598 127.252075
8.924652 129.371966
8.433243 122.036250
8.483757 125.858787
8.453957 125.816218
9.082970 129.404822
8.536674 118.881947
8.654388 122.624246
8.653885 129.004201
8.653931 131.430691
8.878761 126.715129
8.496552 117.565006
7.964813 117.101771
8.887024 130.090005
8.819481 128.772089
8.854134 132.121773
8.876381 128.247687
8.255035 119.797723
8.556107 127.206160
9.113937 126.853249
8.310905 121.060621
8.730995 127.186039
8.138901 122.741918
8.946716 132.145877
9.039871 131.028335
9.022888 132.362900
8.742554 128.094519
8.878510 127.592086
8.766838 124.613124
8.453957 125.816218
7.642593 107.697987
8.719208 126.552249
8.275360 121.614240
8.743149 126.098896
7.882027 112.705171
7.648590 110.042637
8.568604 123.193847
8.568604 123.193847
7.643669 113.647048
8.590393 119.824945
8.554802 125.733009
8.995148 130.521315
8.776360 123.057351
8.439835 117.969799
8.613281 122.453432
8.444801 126.751404
9.037216 128.703835
7.721146 114.944510
8.807556 123.902131
8.536674 118.881947
8.380005 116.515556
8.891762 131.376571
9.108559 135.106502
9.039116 135.430965
8.914833 128.844131
9.136574 129.694755
8.958023 124.057153
8.519623 124.814070
8.601608 126.059214
7.910156 114.449219
8.413788 117.543204
7.911736 117.379752
8.009674 120.363393
8.371124 118.552403
8.719208 126.552249
8.486229 119.503237
8.512482 125.557373
8.917854 128.300991
8.723053 131.185680
8.709846 123.978456
8.958023 124.057153
8.969879 132.395816
8.833076 126.634036
8.607239 121.906524
8.526993 127.774918
8.136749 119.138569
8.598587 122.797471
8.980980 128.467089
8.758987 126.284949
8.642601 121.146723
8.238167 122.310679
8.518776 125.457841
9.009132 126.957800
8.170006 120.322235
9.025085 133.588075
8.856812 132.319369
9.278687 130.952263
7.692352 109.187172
8.303375 122.743131
8.275360 121.614240
9.069855 130.736446
8.737083 121.375580
8.397629 121.284925
9.132362 129.681696
8.907852 125.999361
8.510468 131.113202
8.440910 121.681067
8.420128 118.572023
8.528320 122.206245
8.892906 125.822500
8.870659 129.742291
8.261971 119.677463
9.156784 130.628329
8.725044 127.206473
8.570412 120.059050
9.032181 133.970032
8.980980 128.467089
8.930328 127.052721
8.949394 125.274355
8.397354 120.279418
8.917488 126.071406
8.725044 127.206473
9.079536 131.150154
8.841499 126.699661
8.725044 127.206473
8.747818 125.911090
8.812019 127.738863
8.477097 120.529984
9.026024 124.468314
8.895538 131.340109
8.906273 126.951671
9.070381 133.996729
8.903000 128.106164
8.540886 121.587652
8.766838 124.613124
8.140228 116.457950
8.547523 121.422551
8.646767 124.208014
8.431961 121.595201
8.888008 126.064612
8.903000 128.106164
8.630997 125.533223
8.429970 117.562308
8.920898 130.958332
8.526558 121.326561
8.657799 124.747290
8.525436 125.530870
8.187469 119.098401
8.926598 127.252075
8.425232 124.375740
8.991417 127.321727
9.085075 132.631552
8.907852 125.999361
8.322166 122.116608
7.677269 109.871570
8.663017 129.112009
9.105469 136.428476
8.371124 118.552403
8.517586 123.308237
9.077751 130.077100
8.807487 131.391012
8.305115 119.088009
8.758987 126.284949
8.758987 126.284949
8.683456 123.874260
8.449608 126.180532
8.610420 122.110264
8.102760 114.114574
9.045914 133.892976
8.922455 131.376210
9.137146 127.008379
8.861526 128.106224
8.571167 122.536677
9.016228 125.482831
8.449654 121.969061
8.389687 121.155415
8.703049 125.820756
9.038475 131.010540
8.338623 116.847324
8.297127 120.813122
8.711060 121.232305
8.985489 125.648121
9.004440 133.563849
8.956421 126.827744
8.944839 128.440368
8.607788 124.337820
9.078873 129.537338
8.575195 121.440037
8.869263 126.420314
8.238945 118.581999
8.761894 126.068755
8.969696 129.638510
7.975525 114.545562
9.067703 123.729471
9.061913 128.792166
8.949303 130.639544
9.003662 126.943080
8.275360 121.614240
9.056305 128.745003
7.692352 109.187172
9.003662 126.943080
8.745644 133.118027
8.714470 125.944454
8.274399 114.768905
8.917854 128.300991
8.724358 123.992519
8.909592 127.965604
9.278687 130.952263
8.009674 120.363393
9.022888 132.362900
8.998901 127.958570
8.456749 125.772297
8.885445 122.730157
8.642601 121.146723
8.914444 128.255399
8.236061 120.087606
8.752556 124.063741
9.043373 129.473831
8.497421 122.112865
8.402344 123.462125
8.810028 125.287502
8.930649 130.834128
8.413788 117.543204
8.493942 124.849277
8.174309 118.645544
8.918953 131.535022
9.112175 130.700459
8.527130 118.832653
8.891762 131.376571
8.431366 120.224452
8.735939 126.957009
8.491402 121.944394
8.264168 122.569396
9.113937 126.853249
9.159714 129.571373
8.370392 124.619416
8.869263 126.420314
8.942390 131.407497
9.071205 132.036178
8.878395 128.994202
8.253410 116.554676
8.931656 128.457817
8.941177 131.309692
8.499985 120.667057
8.941086 134.927530
8.965576 132.206045
8.643906 121.377340
8.642601 121.146723
8.870796 124.948963
8.066048 119.421886
8.025696 122.694891
8.529305 121.333947
8.958023 124.057153
8.415504 125.088080
7.592445 112.939848
8.170006 120.322235
8.421661 115.403176
8.104935 111.554338
8.134483 115.228705
9.056030 134.533400
8.487213 121.161552
8.715317 128.688135
8.338257 125.017802
9.067703 123.729471
8.397423 123.705238
8.098961 122.760676
8.388657 126.877403
8.280396 121.597835
8.429970 117.562308
8.054604 110.896585
8.551758 122.000099
8.932983 132.428336
8.261215 120.788002
8.711403 128.565349
8.402275 124.877871
8.771828 124.406590
8.949028 133.061199
8.291771 119.473554
8.582520 125.630785
8.931656 128.457817
8.554665 125.461465
9.034218 129.434808
7.669647 112.768402
9.021217 128.413889
8.956055 133.183037
8.812019 127.738863
9.067703 123.729471
8.098961 122.760676
8.654663 119.664447
8.956238 127.021240
8.622551 122.998172
9.077637 130.799135
8.878510 127.592086
8.761894 126.068755
8.973450 129.699357
8.742554 128.094519
8.019814 115.867369
8.609825 132.461234
8.733788 125.565835
8.977341 126.199916
8.538071 124.886498
8.803551 122.232803
8.989174 132.294420
8.283875 123.095153
8.656311 125.917739
8.918953 131.535022
8.857956 123.406947
9.001556 129.571977
8.446564 126.342665
8.238167 122.310679
9.014946 130.255873
8.604286 120.255725
8.658302 126.545801
8.467850 126.325859
8.914833 128.844131
8.828522 121.310425
8.425232 124.375740
7.986237 114.801432
9.278687 130.952263
9.061089 128.652262
8.875694 127.299849
8.595039 120.084609
9.007690 131.902038
8.783363 123.400854
8.635460 125.651397
8.857956 123.406947
8.440910 121.681067
8.717262 124.000449
8.779427 127.043415
8.814972 126.630832
8.313515 115.510309
8.533630 118.968281
8.310905 121.060621
9.006592 128.607469
8.982033 125.894878
8.851685 124.723224
8.499985 120.667057
8.294586 121.358675
8.866837 128.178713
8.981735 127.945816
8.977341 126.199916
7.648590 110.042637
8.926918 128.268544
8.202850 120.242111
8.250938 118.808705
8.875580 127.806439
8.446564 126.342665
8.433243 122.036250
8.780800 126.877482
8.365471 118.536280
8.993500 133.198876
8.703827 131.447578
8.683456 123.874260
8.858116 128.986570
8.816483 127.947237
9.057495 132.883570
8.333107 119.024936
8.687943 125.460682
9.080933 133.071694
8.597305 125.602195
8.402344 123.462125
9.028267 133.226665
8.704399 128.449132
8.986130 129.285129
8.910072 131.211494
9.004440 133.563849
7.677269 109.871570
9.026779 124.703679
8.686684 130.076966
8.397354 120.279418
9.048294 131.814580
8.601608 126.059214
8.429970 117.562308
8.552902 120.293157
8.453957 125.816218
7.642593 107.697987
8.918953 131.535022
8.483299 125.081646
8.556999 124.615624
8.342560 118.350217
8.884575 129.134813
8.815865 129.710215
8.979767 130.361083
8.563248 121.839496
8.894440 130.297594
9.200386 125.947698
8.776360 127.662897
8.921471 125.342288
8.656311 125.917739
8.613281 122.453432
8.971802 126.134345
9.155777 134.290256
8.340889 122.091619
8.993637 130.723189
8.455696 120.791124
8.206421 118.774729
8.547523 125.570301
9.027740 130.617254
8.554802 125.733009
8.919273 131.038767
8.515892 126.881420
8.515892 126.881420
8.727539 124.417610
8.233727 119.109180
8.838570 130.971896
8.424385 120.345282
8.210243 123.600017
8.680550 125.183213
9.236320 128.193447
8.234482 121.976032
9.056717 124.961217
8.854134 132.121773
8.598289 123.767670
8.390327 121.331535
8.909592 127.965604
8.776360 127.662897
7.721146 114.944510
8.909592 127.965604
8.042175 112.732705
9.025406 130.544599
8.944290 125.535470
8.415504 125.088080
8.515091 117.057135
9.112175 130.700459
8.496552 117.565006
8.415504 125.088080
8.258080 119.000056
8.658302 126.545801
8.099304 118.370690
8.889885 126.093831
8.854454 129.570906
8.897690 129.453896
8.579521 129.938374
8.821083 122.013481
8.409027 122.993195
8.603142 121.611355
7.758133 116.508158
8.258606 118.995807
8.338326 121.023642
9.083382 132.085746
8.445763 121.281631
8.291771 119.473554
8.893982 130.377720
9.091301 136.468625
8.491402 121.944394
8.946716 132.145877
8.682312 128.197758
8.892906 125.822500
8.183167 120.013302
8.683456 123.874260
8.652786 127.992693
8.430954 124.580682
9.046257 129.359002
8.344368 122.311932
8.338257 125.017802
7.911736 117.379752
8.771004 124.246499
8.639465 122.736166
7.917480 115.928497
8.917946 132.017377
8.879311 125.653484
8.941933 134.344186
8.702911 119.251283
9.021767 128.049732
8.941177 131.309692
8.807419 125.642509
9.056305 128.745003
8.455994 123.682139
8.517014 121.584830
8.875580 127.806439
8.993866 130.030547
8.420929 117.705957
9.093613 129.894622
8.443153 119.954148
8.851685 124.723224
8.335716 118.096660
8.431961 121.595201
8.856148 127.340737
8.019814 115.867369
8.747818 125.911090
8.446564 126.342665
9.039116 135.430965
8.253410 116.554676
8.740860 130.770498
8.487900 121.334481
7.692352 109.187172
8.430954 124.580682
8.206421 118.774729
8.397331 121.798601
8.646767 124.208014
8.537018 124.198534
8.303101 115.886084
9.037216 128.703835
8.003586 117.933216
8.238167 122.310679
8.342560 118.350217
7.689011 112.886614
8.875694 127.299849
8.859993 126.850130
8.972809 126.153715
8.959465 128.705690
8.259750 114.891702
9.008537 124.679163
8.743149 126.098896
9.137146 127.008379
8.838730 125.532410
8.342560 118.350217
8.895538 131.340109
8.366890 119.124507
8.631889 126.564731
8.915039 127.580653
8.537018 124.198534
7.922699 115.328915
8.307152 116.453353
8.517014 121.584830
8.003586 117.933216
8.731018 129.274644
8.903023 125.693276
8.687943 125.460682
8.430725 125.108168
8.995399 137.803911
8.479065 124.028954
8.453728 118.120667
8.104935 111.554338
8.319992 118.494950
8.258766 117.335611
8.983749 127.810966
8.525093 120.807895
8.573799 126.358549
9.021217 128.413889
7.642593 107.697987
7.732841 112.679056
8.725044 127.206473
8.574165 121.512626
8.764183 120.794069
9.043373 129.473831
8.140228 116.457950
8.403900 118.519468
8.477097 120.529984
8.390327 121.331535
8.609825 132.461234
8.098961 122.760676
8.517586 123.308237
8.927124 121.549988
8.715614 120.307160
8.517586 123.308237
8.961662 131.874850
8.566452 127.732784
8.651115 126.357192
8.342834 122.071788
8.396484 126.498310
8.924057 128.565993
8.715317 128.688135
8.204109 120.874891
8.581924 120.663292
9.067703 123.729471
8.963425 128.377167
8.766609 124.702868
9.022888 132.362900
8.453728 118.120667
8.480415 123.493179
8.597305 125.602195
8.963425 128.377167
8.547523 121.422551
8.296555 119.993034
9.205193 130.672408
8.464600 124.659348
8.766838 124.613124
8.420128 118.572023
8.895538 131.340109
8.847153 126.944993
8.365471 118.536280
8.434502 118.571150
8.370392 124.619416
8.866127 132.243968
8.829254 132.726090
8.766838 124.613124
8.454506 126.646469
9.037056 133.948654
8.388680 122.321809
8.887550 130.221120
8.594307 127.811334
8.293671 121.756468
8.935410 131.386489
7.937302 114.754736
8.771004 124.246499
7.669647 112.768402
8.734795 125.219095
8.459747 124.409694
8.943947 129.535425
8.265404 118.880004
9.034836 133.243718
7.911736 117.379752
9.069855 130.736446
8.856468 126.724462
8.143112 118.851627
8.170006 120.322235
8.275360 121.614240
8.567207 124.016342
8.565010 123.739343
8.816483 127.947237
9.050446 128.056537
8.388657 126.877403
8.807556 123.902131
8.582520 125.630785
8.682999 126.500907
7.975525 114.545562
8.372498 127.391162
8.847153 126.944993
9.082329 130.279623
8.296555 119.993034
8.897690 129.453896
8.170006 120.322235
8.907875 125.689642
8.603142 121.611355
8.875694 127.299849
8.571442 127.881046
8.421661 115.403176
9.144424 134.347863
8.577873 123.668363
8.897690 129.453896
8.937767 126.763322
8.388680 122.321809
8.859993 126.850130
8.983749 127.810966
9.320366 130.854510
8.721611 121.442292
9.112839 132.674549
8.720512 127.568436
8.537773 122.747797
9.090134 132.194074
8.571831 127.631696
8.931267 125.362888
8.821083 122.013481
9.061913 128.792166
8.522736 123.821888
8.635437 119.661076
8.994232 126.429225
8.380005 116.515556
8.937767 126.763322
8.613281 122.453432
9.005722 130.766600
8.577873 123.668363
8.911102 123.736063
8.986130 129.285129
8.454506 126.646469
8.889084 128.663445
8.682312 128.197758
9.059372 129.576562
8.477097 120.529984
8.554802 125.733009
8.379753 122.587794
8.236061 120.087606
8.411041 122.867937
8.372452 122.630689
9.137146 127.008379
7.975525 114.545562
9.050743 128.011121
8.429970 117.562308
8.160095 121.140897
8.856148 127.340737
8.820511 128.164639
8.654549 126.857816
8.183167 120.013302
9.070999 135.105268
8.816093 126.235750
9.132362 129.681696
8.917488 126.071406
8.847565 126.754306
9.056030 134.533400
8.598289 123.767670
9.091301 136.468625
8.621796 123.818371
8.486275 121.525769
8.945160 124.831650
8.993271 127.381043
8.828522 121.310425
8.903275 128.438641
8.019814 115.867369
8.652786 127.992693
8.474281 125.982906
8.362839 121.928010
8.117088 117.324806
8.617149 120.579006
8.467850 126.325859
8.687943 125.460682
8.894440 130.297594
9.037651 125.553278
8.682999 126.500907
8.565010 123.739343
8.337433 119.285234
8.646767 124.208014
8.517014 121.584830
8.291771 119.473554
8.833076 126.634036
9.047813 129.951846
8.009674 120.363393
8.923347 128.138755
8.571167 122.536677
8.633743 125.954684
8.305115 119.088009
9.020096 136.320419
8.812019 127.738863
8.875580 127.806439
8.707672 125.680046
8.771004 124.246499
8.866837 128.178713
8.986015 125.773068
8.991440 131.410028
9.022705 134.259806
8.697533 122.585863
7.995003 117.645868
8.865234 129.863865
8.358376 118.974439
9.061089 128.652262
9.063721 133.144860
8.989700 126.246699
8.900734 122.528110
7.937302 114.754736
8.816093 126.235750
8.598289 123.767670
8.066917 121.168741
8.810326 125.599645
8.980980 128.467089
9.037056 133.948654
8.630997 125.533223
8.722389 126.875041
8.854454 129.570906
8.561005 121.349932
8.895538 131.340109
8.725044 127.206473
8.999199 133.637278
8.480415 123.493179
8.993500 133.198876
8.745644 133.118027
9.071297 131.829586
8.998901 127.958570
8.653931 131.430691
8.573799 126.358549
8.510468 131.113202
9.108559 135.106502
8.903000 128.106164
8.810326 125.599645
8.575195 121.440037
8.612640 125.501855
9.070816 132.473152
8.571167 122.536677
9.056717 124.961217
8.547523 121.422551
8.910530 132.042537
8.713440 124.298798
8.891670 128.430017
8.561005 121.349932
8.971687 127.831984
8.895790 129.793718
9.022133 131.599312
8.344368 122.311932
8.911102 123.736063
8.414635 120.906841
9.047813 129.951846
7.641037 113.802139
8.917648 129.213015
8.870087 130.130195
7.950073 114.940418
8.372498 127.391162
9.029228 130.293123
9.652428 138.571555
8.551758 122.000099
8.917076 130.352344
8.983749 127.810966
8.231163 119.862038
8.600372 121.487795
8.103790 117.710012
9.091393 126.229911
8.261971 119.677463
8.887024 130.090005
8.280396 121.597835
9.033966 132.477069
8.993271 127.381043
8.554802 125.733009
9.083382 132.085746
8.879311 125.653484
8.951500 128.751379
8.949028 133.061199
8.828522 121.310425
8.723053 131.185680
9.764351 137.037497
8.480415 123.493179
8.335945 124.717466
8.866127 132.243968
8.915039 127.580653
8.911400 127.052609
8.571602 124.482799
8.491402 125.595651
8.989174 132.294420
8.956009 127.294213
7.625336 108.117571
7.910156 114.449219
8.340889 122.091619
8.009674 120.363393
8.663017 129.112009
8.970978 127.784970
9.038475 131.010540
9.099197 129.652710
9.006615 132.850782
8.993637 130.723189
8.622551 122.998172
8.379753 122.587794
8.924652 129.371966
8.538071 124.886498
8.977020 128.995338
9.034218 129.434808
9.050446 128.056537
8.230316 117.557922
8.258766 117.335611
8.643173 122.088126
8.959007 132.102244
9.008881 132.779332
8.904922 128.662413
8.420677 117.464962
9.009567 127.452240
8.946877 127.464790
8.297127 120.813122
9.061913 128.792166
8.923096 130.124588
8.646767 124.208014
8.847153 126.944993
8.175911 124.116856
8.816093 126.235750
9.082214 131.394554
9.278687 130.952263
8.663017 129.112009
8.185822 117.018338
8.966515 126.480651
8.515892 126.881420
8.048653 115.523414
8.259750 114.891702
9.128723 125.874168
8.869263 126.420314
8.656311 125.917739
8.865234 129.863865
8.726578 126.024536
9.110344 129.540648
8.888512 130.248168
9.162231 134.881706
8.261215 120.788002
9.008881 132.779332
8.410744 121.741110
8.851685 124.723224
8.906113 128.445947
8.758987 126.284949
8.731018 129.274644
8.510468 131.113202
8.919273 131.038767
8.233727 119.109180
8.994919 134.516074
8.221069 116.726527
8.554665 125.461465
9.070816 132.473152
9.091438 125.647036
8.487213 121.161552
8.499985 120.667057
7.692352 109.187172
8.950104 128.055426
7.719246 112.955473
8.732918 124.720829
8.833076 126.634036
8.887550 130.221120
8.607788 124.337820
8.842712 120.966308
8.823990 129.577803
8.538071 124.886498
8.522736 123.821888
9.006615 132.850782
8.585289 123.934050
8.726578 126.024536
8.914215 132.062872
8.969604 132.129798
8.430954 124.580682
9.356850 134.943745
8.402275 124.877871
8.543152 126.855473
8.914833 128.844131
8.983635 133.568628
8.682312 128.197758
8.446564 126.342665
8.870659 129.742291
8.887550 130.221120
9.144424 134.347863
8.783363 123.400854
8.993500 133.198876
9.059372 129.576562
8.575905 124.451207
9.091301 136.468625
8.545876 126.375518
8.887024 130.090005
9.091438 125.647036
8.847153 126.944993
8.238167 122.310679
8.496552 117.565006
9.055458 130.166875
8.708542 121.610976
8.661598 125.003438
8.477097 120.529984
8.585037 125.300090
8.648666 123.647240
8.785675 126.175590
8.989174 132.294420
8.099304 118.370690
9.105469 136.428476
8.396873 119.250528
8.771828 124.406590
9.070381 133.996729
8.750175 126.909105
8.942780 129.915351
8.434090 123.213534
8.929298 122.558264
8.611679 125.737590
8.869263 126.420314
8.841499 126.699661
8.785583 126.854506
8.485405 124.120452
8.856766 127.994336
8.683456 123.874260
8.917076 130.352344
8.946259 135.457277
8.483757 125.858787
8.421661 115.403176
8.704399 128.449132
8.608841 125.790525
8.905884 130.923573
8.160095 121.140897
8.570412 120.059050
8.396873 119.250528
9.026779 124.703679
8.624130 127.616826
8.981735 127.945816
9.016228 125.482831
8.377922 122.030688
8.745644 133.118027
7.937302 114.754736
8.226517 117.360618
9.206955 131.451482
8.487900 121.334481
8.612640 125.501855
9.129135 139.638485
8.422531 127.359828
