2.000000 37.214705 68.074304 6.355107
2.100000 46.023000 75.493574 16.552427
2.200000 54.569130 82.693458 26.444802
2.300000 62.858188 89.678087 36.038289
2.400000 70.895216 96.451573 45.338860
2.500000 78.685203 103.018003 54.352403
2.600000 86.233085 109.381450 63.084720
2.700000 93.543744 115.545968 71.541521
2.800000 100.622012 121.515600 79.728423
2.900000 107.472665 127.294381 87.650950
3.000000 114.100430 132.886338 95.314522
3.100000 120.509977 138.295499 102.724455
3.200000 126.705927 143.525900 109.885953
3.300000 132.692846 148.581587 116.804104
3.400000 138.475248 153.466630 123.483866
3.500000 144.057595 158.185128 129.930062
3.600000 149.444294 162.741224 136.147365
3.700000 154.639703 167.139121 142.140285
3.800000 159.648124 171.383095 147.913152
3.900000 164.473806 175.477519 153.470094
4.000000 169.120949 179.426882 158.815016
4.100000 173.593696 183.235825 163.951568
4.200000 177.896140 186.909160 168.883120
4.300000 182.032320 190.451912 173.612729
4.400000 186.006223 193.869343 178.143104
4.500000 189.821783 197.166981 182.476585
4.600000 193.482880 200.350628 186.615133
4.700000 196.993344 203.426345 190.560343
4.800000 200.356950 206.400388 194.313512
4.900000 203.577421 209.279076 197.875765
5.000000 206.658427 212.068588 201.248266
5.100000 209.603585 214.774655 204.432516
5.200000 212.416462 217.402205 207.430718
5.300000 215.100567 219.954999 210.246136
5.400000 217.659361 222.435356 212.883367
5.500000 220.096251 224.844065 215.348437
5.600000 222.414590 227.180518 217.648662
5.700000 224.617679 229.443033 219.792324
5.800000 226.708766 231.629297 221.788235
5.900000 228.691048 233.736797 223.645298
6.000000 230.567666 235.763181 225.372151
6.100000 232.341712 237.706491 226.976932
6.200000 234.016222 239.565298 228.467145
6.300000 235.594181 241.338735 229.849627
6.400000 237.078521 243.026477 231.130565
6.500000 238.472122 244.628691 232.315553
6.600000 239.777809 246.145965 233.409653
6.700000 240.998357 247.579242 234.417472
6.800000 242.136486 248.929753 235.343220
6.900000 243.194865 250.198958 236.190772
7.000000 244.176109 251.388502 236.963716
7.100000 245.082781 252.500167 237.665395
7.200000 245.917391 253.535842 238.298940
7.300000 246.682396 254.497493 238.867299
7.400000 247.380201 255.387140 239.373262
7.500000 248.013158 256.206839 239.819476
7.600000 248.583565 256.958666 240.208464
7.700000 249.093670 257.644705 240.542634
7.800000 249.545665 258.267037 240.824292
7.900000 249.941692 258.827734 241.055649
8.000000 250.283838 259.328848 241.238828
8.100000 250.574140 259.772411 241.375869
8.200000 250.814580 260.160425 241.468734
8.300000 251.007087 260.494864 241.519310
8.400000 251.153539 260.777664 241.529414
8.500000 251.255761 261.010727 241.500794
8.600000 251.315524 261.195916 241.435131
8.700000 251.334547 261.335053 241.334040
8.800000 251.314496 261.429918 241.199074
8.900000 251.256986 261.482248 241.031723
9.000000 251.163576 261.493735 240.833416
9.100000 251.035775 261.466029 240.605521
9.200000 250.875037 261.400729 240.349346
9.300000 250.682767 261.299394 240.066140
9.400000 250.460313 261.163531 239.757095
9.500000 250.208973 260.994603 239.423343
9.600000 249.929991 260.794024 239.065957
9.700000 249.624558 260.563161 238.685955
9.800000 249.293814 260.303331 238.284297
9.900000 248.938844 260.015804 237.861885
10.000000 248.560683 259.701801 237.419565
10.100000 248.160310 259.362493 236.958127
10.200000 247.738654 258.999005 236.478304
10.300000 247.296591 258.612408 235.980774
10.400000 246.834941 258.203726 235.466156
10.500000 246.354476 257.773933 234.935018
10.600000 245.855912 257.323954 234.387869
10.700000 245.339913 256.854662 233.825164
10.800000 244.807091 256.366882 233.247301
10.900000 244.258006 255.861387 232.654624
11.000000 243.693162 255.338900 232.047423
11.100000 243.113013 254.800096 231.425930
11.200000 242.517960 254.245595 230.790325
11.300000 241.908351 253.675972 230.140729
11.400000 241.284480 253.091748 229.477212
11.500000 240.646591 252.493396 228.799785
11.600000 239.994872 251.881339 228.108405
11.700000 239.329461 251.255950 227.402972
11.800000 238.650442 250.617553 226.683331
11.900000 237.957846 249.966424 225.949269
12.000000 237.251653 249.302789 225.200517
12.100000 236.531787 248.626829 224.436745
12.200000 235.798123 247.938678 223.657568
12.300000 235.050480 247.238422 222.862538
12.400000 234.288627 246.526106 222.051148
12.500000 233.512278 245.801727 221.222830
12.600000 232.721096 245.065243 220.376950
12.700000 231.914691 244.316570 219.512812
12.800000 231.092619 243.555584 218.629654
12.900000 230.254384 242.782124 217.726644
13.000000 229.399437 241.995992 216.802883
13.100000 228.527178 241.196957 215.857399
13.200000 227.636952 240.384754 214.889150
13.300000 226.728052 239.559090 213.897014
13.400000 225.799719 238.719641 212.879797
13.500000 224.851140 237.866059 211.836220
13.600000 223.881450 236.997972 210.764928
13.700000 222.889732 236.114984 209.664479
13.800000 221.875014 235.216682 208.533346
13.900000 220.836274 234.302633 207.369916
14.000000 219.772436 233.372387 206.172485
14.100000 218.682370 232.425481 204.939260
14.200000 217.564896 231.461438 203.668354
14.300000 216.418779 230.479768 202.357790
14.400000 215.242732 229.479971 201.005493
14.500000 214.035415 228.461534 199.609297
14.600000 212.795437 227.423933 198.166940
14.700000 211.521351 226.366633 196.676069
14.800000 210.211661 225.289086 195.134235
14.900000 208.864814 224.190730 193.538899
