2.000000 21769301.560553
2.100000 21726835.535420
2.200000 21681968.027607
2.300000 21634149.441326
2.400000 21585872.167837
2.500000 21536039.173920
2.600000 21497989.230706
2.700000 21466386.680421
2.800000 21435814.669858
2.900000 21408627.905141
3.000000 21383105.240787
3.100000 21361045.007306
3.200000 21341240.897769
3.300000 21321882.397027
3.400000 21304102.236206
3.500000 21287902.872303
3.600000 21272887.626472
3.700000 21258133.201511
3.800000 21244547.619332
3.900000 21232604.289809
4.000000 21221853.541050
4.100000 21210452.558923
4.200000 21200763.710900
4.300000 21192333.057304
4.400000 21186088.933547
4.500000 21179579.817941
4.600000 21172299.114154
4.700000 21164996.670199
4.800000 21157976.680236
4.900000 21151827.230969
5.000000 21146178.327986
5.100000 21140601.418064
5.200000 21135472.792425
5.300000 21131155.256763
5.400000 21127469.602835
5.500000 21123910.417080
5.600000 21120556.646908
5.700000 21117912.751136
5.800000 21118822.322457
5.900000 21117049.333115
6.000000 21115297.886500
6.100000 21113505.306807
6.200000 21111484.745996
6.300000 21110696.573439
6.400000 21109530.214424
6.500000 21108320.805416
6.600000 21107181.133788
6.700000 21105990.399925
6.800000 21105078.869529
6.900000 21103473.390363
7.000000 21102325.058689
7.100000 21102346.199306
7.200000 21101820.072309
7.300000 21101328.349716
7.400000 21101175.910508
7.500000 21101029.343881
7.600000 21100821.704248
7.700000 21096541.013137
7.800000 21095037.908225
7.900000 21094519.138236
8.000000 21094249.063226
8.100000 21094097.586640
8.200000 21094025.989628
8.300000 21094029.530416
8.400000 21094110.743833
8.500000 21094271.975309
8.600000 21094512.267458
8.700000 21094823.510180
8.800000 21095180.170884
8.900000 21095493.959826
9.000000 21095329.051491
9.100000 21096000.106480
9.200000 21098714.061777
9.300000 21099416.058416
9.400000 21099794.626593
9.500000 21100108.508536
9.600000 21100409.262537
9.700000 21100711.779328
9.800000 21101021.394172
9.900000 21101340.262275
10.000000 21101669.282920
10.100000 21102008.781331
10.200000 21102358.778307
10.300000 21102719.107359
10.400000 21103089.472082
10.500000 21103469.479703
10.600000 21103858.665007
10.700000 21104256.510055
10.800000 21104662.461446
10.900000 21105075.945455
11.000000 21105496.380988
11.100000 21105923.190249
11.200000 21106355.807171
11.300000 21106793.683732
11.400000 21107236.294433
11.500000 21107683.139210
11.600000 21108133.745077
11.700000 21108587.666792
11.800000 21109044.486774
11.900000 21109503.814498
12.000000 21109965.285516
12.100000 21110428.560249
12.200000 21110893.322641
12.300000 21111359.278754
12.400000 21111826.155354
12.500000 21112293.698524
12.600000 21112761.672326
12.700000 21113229.857537
12.800000 21113698.050455
12.900000 21114166.061784
13.000000 21114633.715597
13.100000 21115100.848376
13.200000 21115567.308131
13.300000 21116032.953576
13.400000 21116497.653381
13.500000 21116961.285478
13.600000 21117423.736422
13.700000 21117884.900803
13.800000 21118344.680707
13.900000 21118802.985214
14.000000 21119259.729938
14.100000 21119714.836603
14.200000 21120168.232646
14.300000 21120619.850854
14.400000 21121069.629027
14.500000 21121517.509661
14.600000 21121963.439663
14.700000 21122407.370074
14.800000 21122849.255819
14.900000 21123289.055471
15.000000 21123726.731035
