8.303879 105.991279
8.882378 112.684606
7.909378 104.616569
8.637703 97.560047
8.461212 99.309809
7.919357 90.592650
8.362473 104.896986
8.396187 103.330351
7.996422 104.522040
7.909561 101.708105
9.164543 118.049900
9.057541 105.207230
8.839485 112.064898
7.988960 109.605849
7.803108 93.675996
8.605408 103.519450
9.083015 114.690708
8.638802 107.879975
9.015884 109.146460
9.002037 116.663325
8.214294 108.699561
8.200630 105.706808
8.283096 102.934105
8.184196 103.870424
8.439583 106.300044
7.882324 94.575185
7.995689 104.090530
7.779579 97.918302
8.834427 97.881240
8.082115 98.240052
8.707855 107.000965
9.199814 113.038537
8.201134 98.544499
8.002029 97.932905
8.839142 106.308066
8.244621 98.729857
8.201134 98.544499
8.326767 105.565575
8.343040 100.976510
7.082497 89.617558
8.148994 103.640488
8.077080 101.677307
7.982048 102.317715
8.080467 101.130614
8.927078 110.647737
8.982742 118.420620
7.718239 103.646598
8.521751 112.394862
8.404655 98.817246
7.291054 87.014871
7.707870 99.336054
9.089310 113.076740
8.786682 100.425364
8.562286 103.807283
7.814026 95.204375
7.646416 97.285050
9.058594 112.029567
8.744385 112.145157
9.042023 111.477415
8.379868 106.920728
7.997131 100.828724
9.069672 108.736203
8.264854 97.152328
7.645889 96.344999
8.231300 109.440466
8.337158 108.651170
7.997131 100.828724
7.686630 96.346036
8.213448 101.931544
7.693336 100.975143
8.841431 106.922139
8.449127 107.499495
7.681274 100.242941
8.542122 108.681933
7.182495 92.167806
7.627991 99.065370
9.165550 114.255915
8.936989 112.308600
7.823387 94.406513
8.918770 115.294746
9.058594 112.029567
8.529442 102.486379
8.596458 101.714144
7.700455 97.089072
7.783836 93.333259
9.029251 110.133033
8.824356 105.209455
8.841431 106.922139
8.361900 105.875063
8.227867 102.686833
8.499619 105.081000
9.077637 112.559992
8.314224 106.480705
9.015884 109.146460
8.718040 101.943898
8.911171 109.539269
8.046913 104.349682
8.099533 100.848328
8.412300 106.759683
9.059212 118.121921
7.762436 104.010138
8.247116 100.046417
8.667229 112.976195
8.389503 109.840637
7.134178 86.415935
8.253593 97.269861
7.991295 98.719941
7.817207 89.905876
7.700798 91.864448
7.766922 91.540107
7.856644 94.642348
7.750557 97.089670
7.767586 96.792063
8.449768 104.415829
9.802917 124.698453
9.010597 115.494383
8.335510 104.632456
8.128143 100.358779
7.786400 96.448017
8.527451 111.302443
8.741684 118.799596
8.002029 97.932905
7.900452 98.415438
7.890335 100.783554
8.327660 101.070354
7.803108 93.675996
7.995689 96.287521
8.649353 108.402291
7.956665 100.985543
7.757950 97.762061
8.077927 97.686916
8.398567 107.208294
7.643188 93.247379
8.336700 110.393292
8.940445 110.864907
8.556633 106.981217
7.825584 92.933238
8.656425 111.092757
8.072021 98.786542
8.168427 110.517838
8.598518 102.680846
8.911171 109.539269
8.164032 100.794876
7.696083 99.083369
7.697708 100.226998
8.065178 107.673540
8.274239 97.184990
8.089439 109.492973
7.687248 93.055649
8.984550 114.238460
8.743950 109.664994
7.696083 99.083369
8.592316 103.895963
8.412506 108.169534
8.356133 98.004691
7.679810 92.641991
7.645889 96.344999
8.843124 114.540642
8.786682 100.425364
7.714211 94.644876
8.301796 100.682135
8.155540 101.822701
8.516212 108.246084
8.147850 105.258202
9.146553 113.192678
8.655556 113.211751
8.863541 103.113708
8.061905 100.467979
8.709183 104.942784
8.829575 107.306162
6.407982 82.299676
9.080154 107.679990
8.077080 101.677307
7.942245 99.258327
8.214043 104.512842
8.398979 104.498439
8.476479 116.502854
7.766922 91.540107
8.442513 98.961395
8.379204 103.281475
7.964401 98.903663
7.803108 93.675996
8.764572 113.555628
8.275566 106.379573
8.001022 102.789406
8.941177 113.218333
7.826157 96.563208
8.368492 105.458819
8.315277 105.272297
8.230957 105.145132
8.228096 105.830588
7.912514 94.343112
7.746185 90.183594
7.689171 99.653642
8.233292 110.353614
8.156708 107.262603
10.138023 127.828568
7.911049 97.788019
8.327751 104.886153
8.514977 107.547101
8.414566 110.209459
8.042313 105.749075
7.930641 103.230933
8.227867 102.686833
7.978912 95.337114
8.082115 98.240052
7.280640 90.346832
8.530975 109.233801
6.579460 85.260303
8.837082 108.167633
7.709312 97.772827
8.201042 104.821371
8.178040 100.633390
7.677887 97.739853
7.866348 97.036196
9.033005 112.050244
7.730576 102.571029
8.320518 99.290864
8.345673 103.023291
8.128143 100.358779
8.366821 112.209827
8.122421 104.385219
7.978912 95.337114
7.906586 107.961418
9.165688 122.773611
9.042915 113.052873
7.977654 98.072563
8.080467 101.130614
7.888298 106.132238
7.864494 102.307381
8.276367 105.241450
8.721863 105.912759
9.092949 114.404040
9.081802 119.946538
7.959297 99.136068
9.038704 114.888678
8.396187 103.330351
7.690842 99.273483
8.516212 107.794412
8.314224 106.480705
8.334412 101.055663
8.451988 107.548237
8.759308 114.396844
8.516212 107.794412
9.083839 116.152511
7.676834 96.752331
8.150024 107.642167
6.298805 78.356846
9.112129 113.294319
7.699974 106.556859
7.762115 98.143328
8.319603 104.333670
7.747398 101.240450
8.128899 102.500518
8.432968 107.156407
7.741859 94.796012
7.767586 96.792063
8.177032 106.325878
7.802147 96.513148
8.308617 96.756277
8.691490 113.754540
7.699974 106.556859
8.568352 109.641690
8.744385 112.145157
8.596458 101.714144
6.861099 84.077414
8.516212 107.794412
9.092949 114.404040
8.030479 98.813130
8.141670 98.592718
8.337112 110.345471
8.308617 96.756277
9.112221 110.782148
7.797363 103.468967
8.692360 113.214215
7.655365 97.813968
9.042664 110.652933
7.951080 97.916119
8.022720 103.477834
8.398979 104.498439
8.617287 110.684885
9.079353 111.961947
8.055862 104.406011
8.157806 107.151190
8.940445 110.864907
7.213051 92.880340
8.870384 113.559101
7.954147 99.604203
7.182495 92.167806
7.836731 99.457644
8.986130 114.355801
8.532806 107.768542
8.031143 106.315601
8.725685 108.067673
9.076836 115.049787
8.366821 112.209827
8.764572 113.555628
9.065346 108.054780
8.813759 115.406380
8.619415 106.695034
8.072205 104.856815
7.698486 99.123199
8.769699 105.409117
8.403877 110.623843
7.668915 94.792306
8.260963 105.083052
7.981567 98.985288
8.201134 98.544499
7.294350 88.414501
7.689491 97.881340
8.412506 108.169534
8.407173 109.752916
9.068985 111.542626
8.054535 105.657192
8.026566 104.789767
8.451988 107.548237
7.677887 97.739853
8.230042 101.357030
9.110435 115.450512
8.842987 109.055830
7.676834 96.752331
8.592316 103.895963
9.060677 107.842753
8.273804 103.149934
7.978912 95.337114
9.034195 118.230318
8.877113 106.985036
7.920685 98.311195
8.010338 105.591436
9.165688 122.773611
8.691490 113.754540
7.790199 95.758595
8.164627 102.338706
8.007751 103.787710
8.009972 96.876409
8.837105 112.501985
9.978081 124.404670
8.564964 106.394872
8.031143 106.315601
9.080154 107.679990
8.119125 94.236724
8.597969 109.457452
9.015884 109.146460
7.930641 103.230933
8.082115 98.240052
8.470917 102.594726
8.850517 106.411941
7.645889 96.344999
8.220200 102.228396
9.058319 118.441675
7.719177 97.142090
7.825516 100.483972
9.088142 118.168682
8.998924 108.234674
7.707870 99.336054
7.069290 94.906539
8.655556 113.211751
7.719177 97.142090
7.995689 104.090530
8.283417 102.417779
8.165794 104.805779
8.015556 102.464260
8.328255 103.700037
7.801529 94.817069
8.646286 108.531397
8.034531 101.979944
7.693336 100.975143
8.150024 107.642167
8.909523 118.173512
7.920433 100.874559
7.647537 93.241881
8.247116 100.046417
7.955132 102.633749
8.488609 105.045716
8.629303 109.032915
9.092949 114.404040
7.841904 95.587939
7.694389 89.422177
7.750557 97.089670
8.537796 103.918240
6.764786 89.386043
6.621048 80.841278
8.201042 104.821371
7.719177 97.142090
8.798698 108.752871
7.933090 102.727432
8.297974 102.709499
7.914986 107.100794
8.920326 110.335704
8.034531 101.979944
9.112221 110.782148
9.010597 115.494383
8.940445 110.864907
7.991295 98.719941
9.071136 119.224294
8.718040 101.943898
8.389503 109.840637
7.787430 103.100141
9.042023 111.477415
8.570549 107.205061
8.066849 106.212149
9.029251 110.133033
9.027420 107.629276
7.688095 98.897670
8.090034 97.489764
8.403877 110.623843
7.707870 99.336054
8.382980 104.153377
7.998230 100.946981
9.089310 113.076740
8.250481 101.995269
8.176666 104.663260
8.372246 104.489259
7.790154 95.913952
8.882149 104.313653
8.239151 97.703410
8.521385 103.408290
8.050850 102.978917
7.956665 100.985543
9.102173 112.368872
7.955132 102.633749
7.787315 100.184318
8.396049 103.696660
8.690666 105.402216
7.707870 99.336054
7.719177 97.142090
8.898605 109.133138
7.959801 97.908871
7.977654 98.072563
7.909561 101.708105
8.911171 109.539269
8.015556 102.464260
9.065346 108.054780
8.396049 103.696660
7.766922 91.540107
8.300560 95.311020
8.201042 104.821371
8.813759 115.406380
7.646416 97.285050
8.150391 103.650003
8.517128 104.609420
8.834427 97.881240
7.718239 103.646598
8.372246 104.489259
8.230042 101.357030
9.153214 119.389473
8.418892 109.567997
8.752281 109.283499
9.048134 108.463811
8.239151 97.703410
8.451988 107.548237
8.234550 100.263810
8.521591 110.857670
9.110435 115.450512
8.276367 105.241450
8.254189 105.077350
8.320518 99.290864
9.164543 118.049900
8.612114 112.644442
8.467163 112.702182
8.863541 103.113708
8.099533 100.848328
8.187561 101.676683
9.020622 103.272666
7.934166 96.429376
8.494766 106.426628
7.686630 96.346036
7.691162 96.649997
7.069290 94.906539
10.700386 132.835935
8.274239 97.184990
8.334320 99.155923
8.100746 107.285554
7.763466 99.633940
8.655556 113.211751
8.503510 108.977959
8.307816 101.770345
8.179688 103.254659
8.596458 101.714144
8.317772 105.698941
7.689171 99.653642
8.839142 106.308066
8.764572 113.555628
8.655556 113.211751
6.555725 82.953882
8.467163 112.702182
8.517128 104.609420
8.667229 112.976195
9.063217 113.795335
7.904503 100.690966
8.774803 113.324915
7.981567 98.985288
8.583389 109.095753
7.069290 94.906539
8.029541 102.327917
8.008873 100.670157
8.444984 107.971027
8.137733 104.517072
8.566681 108.149889
7.908829 97.805660
8.220200 102.228396
7.696449 93.417397
8.122421 104.385219
9.102173 112.368872
8.150024 107.642167
8.613693 110.387172
8.444984 107.971027
8.566681 108.149889
8.736877 110.409261
8.276459 104.370465
7.838425 99.494826
7.681252 93.630733
8.031326 98.523954
7.802330 95.104377
8.192848 99.270439
7.747559 99.670033
8.147850 105.258202
7.995667 102.728821
8.461212 99.309809
7.882324 94.575185
7.802330 95.104377
7.900452 98.415438
7.754700 97.180947
9.042023 111.477415
8.911469 120.377425
8.132011 103.169369
8.546654 108.665624
8.334938 112.990356
8.072021 98.786542
8.098251 105.335945
8.200882 102.828985
8.398979 104.498439
7.883423 101.063382
8.563728 111.479012
8.597054 105.263153
7.906586 107.961418
8.470917 102.594726
8.569954 102.441378
8.502365 105.081031
8.654892 103.986908
8.031143 106.315601
8.286461 103.890072
8.503510 111.805271
7.888298 106.132238
9.165550 114.255915
8.017662 95.918643
8.396187 103.330351
8.416237 104.590375
9.042915 113.052873
8.592316 103.895963
8.834427 97.881240
8.283417 102.417779
8.129745 97.082722
7.714211 94.644876
8.245720 108.677897
7.728493 99.776629
6.945602 84.434145
8.286461 103.890072
8.922340 111.737303
8.153687 104.279527
8.330177 101.323377
8.356133 98.004691
7.677887 97.739853
8.864113 107.056406
8.102348 99.627368
7.638863 97.921918
8.437798 106.395167
9.034836 115.142583
8.303879 105.548686
8.911469 120.377425
7.991295 98.719941
7.802330 95.104377
8.583000 105.077788
7.897385 99.816347
8.521591 110.857670
7.918304 98.625621
8.566681 108.149889
7.783058 95.271234
8.807785 117.742463
8.200630 105.706808
8.646286 108.531397
8.161583 96.805443
8.883362 114.410212
7.757721 99.083379
8.906845 113.753284
9.164543 118.049900
8.558716 114.110007
7.923523 99.125992
7.786400 96.448017
8.009079 98.955269
8.646446 105.546785
8.507195 109.992060
8.223930 101.185411
7.933090 102.727432
7.691231 92.835206
8.401154 109.353865
7.959297 99.136068
8.573914 108.694893
8.886726 107.126214
8.984550 114.238460
8.713760 112.072067
8.218735 105.422105
7.900452 98.415438
8.352310 101.864105
8.227341 100.387082
6.723747 85.178240
8.082115 98.240052
8.877113 106.985036
7.959297 99.136068
8.117867 99.861619
9.036301 119.662045
8.631729 105.297239
7.768181 98.944184
7.896263 92.795159
7.688095 98.897670
8.344185 101.761757
8.612114 112.644442
9.119202 115.553841
8.100746 107.285554
8.878899 111.157317
8.910324 110.720921
7.686493 93.620262
8.566681 108.149889
8.250481 101.995269
7.705193 97.650113
10.246948 119.479607
8.819138 111.984662
9.046921 112.173582
7.637672 96.475095
8.420311 102.755653
8.555099 109.396241
8.497787 108.133907
8.600304 100.107572
8.048378 102.464298
8.245720 108.677897
7.817528 98.692392
9.009247 114.180443
8.231300 109.440466
8.128143 100.358779
8.412003 94.193057
7.291054 87.014871
8.261581 106.858098
8.122101 101.021045
8.350594 106.836956
8.432968 107.156407
8.745094 104.981075
8.943329 114.156308
8.793297 112.643951
8.122421 104.385219
8.330338 100.140510
9.165688 122.773611
7.682213 97.904813
8.150391 103.650003
7.856644 94.642348
8.157669 102.743125
8.829575 107.306162
7.956665 100.985543
7.955132 102.633749
8.694580 104.588124
8.066849 106.212149
7.997131 100.828724
9.160194 111.035547
8.102554 99.671702
7.677132 94.923547
8.141670 98.592718
8.499619 105.081000
7.627991 99.065370
7.688507 93.643319
7.930641 103.230933
8.376526 101.497794
8.569954 102.441378
8.882149 104.313653
8.521591 110.857670
8.984550 114.238460
7.990585 101.926946
9.102173 115.424349
8.055862 104.406011
7.679810 92.641991
8.132011 103.169369
8.839485 112.064898
9.130348 110.359365
8.556633 106.981217
8.562286 103.807283
7.688095 98.897670
7.908142 95.226156
7.686630 96.346036
8.851364 107.023921
8.230957 105.145132
9.089310 113.076740
8.319603 104.333670
7.737991 100.940893
8.542122 108.681933
8.694580 104.588124
7.934166 104.520989
8.053894 97.015636
8.405960 93.147559
8.168427 110.517838
6.943039 86.668555
9.901955 130.755479
8.732254 106.948152
7.814026 95.204375
8.362473 104.896986
7.280640 90.346832
7.825584 92.933238
8.339859 103.461422
8.175980 101.138453
8.098251 105.335945
8.283417 102.417779
8.326767 105.565575
9.153214 119.389473
7.803108 93.675996
7.964607 97.933743
8.461212 99.309809
9.643158 125.421656
7.766922 91.540107
8.709412 107.507961
8.397308 110.868703
8.147850 105.258202
7.158051 83.952667
7.747192 98.166736
7.909378 104.616569
7.689812 96.679628
8.184196 103.870424
7.759094 96.708565
8.745094 104.981075
8.175247 97.304352
8.148994 103.640488
9.165688 122.773611
8.488609 105.045716
9.037445 110.597407
8.527451 111.302443
8.177032 106.325878
7.908829 97.805660
8.304634 99.710138
8.849648 113.488630
7.757721 99.083379
8.184196 103.870424
8.886726 107.126214
8.987663 106.368096
8.492111 102.835353
7.106850 93.981177
7.669189 95.637912
8.333496 101.133459
7.951080 97.916119
10.246948 119.479607
8.727631 110.355610
7.842590 93.826662
8.919708 116.500868
8.352814 107.493368
8.062157 104.032833
8.882149 104.313653
7.797363 103.468967
8.122421 104.385219
9.011353 113.288963
9.175232 117.065848
8.476799 105.305459
8.829575 107.306162
8.727631 110.355610
7.263817 90.638101
8.053894 97.015636
8.769699 105.409117
8.877228 111.376426
7.775459 93.188978
7.719177 97.142090
8.193604 106.754034
8.478996 113.570598
7.890335 100.783554
8.385155 104.365539
7.934166 96.429376
8.157806 107.151190
8.420517 102.114836
7.650490 97.722935
7.984589 99.013999
8.128143 100.358779
8.029541 102.327917
8.202576 102.179850
8.193901 104.204307
8.462105 108.866261
8.824356 105.209455
8.462105 108.866261
7.998024 102.755724
9.023209 116.866657
8.492111 102.835353
8.107384 99.938931
8.497787 108.133907
9.059898 117.244298
8.637703 97.560047
8.253593 97.269861
7.790154 95.913952
8.301796 100.682135
7.726181 90.598730
7.934166 96.429376
9.643158 125.421656
8.401154 109.353865
7.805351 90.050821
7.826317 93.123634
8.998924 108.234674
8.849648 113.488630
8.493233 106.383350
8.546791 106.574497
8.168427 110.517838
8.813759 115.406380
8.793297 112.643951
7.937439 100.965061
9.034836 115.142583
8.176666 104.663260
8.001022 102.789406
7.997131 100.828724
8.870384 113.559101
7.872391 97.634836
8.177032 106.325878
7.842590 93.826662
8.982651 110.858468
8.478996 113.570598
8.068909 102.543602
8.053894 97.015636
8.503510 111.805271
8.220200 102.228396
8.612114 112.644442
8.046913 104.349682
9.009247 114.180443
8.300560 95.311020
8.940445 110.864907
8.205208 99.700341
8.334412 101.055663
7.061737 86.950027
7.768181 98.944184
7.847923 97.073900
7.627991 99.065370
8.420311 102.755653
7.638863 97.921918
9.136276 107.564312
8.161057 103.654223
8.205276 100.668671
8.681122 111.449165
8.072205 104.856815
7.719177 97.142090
8.487053 108.115723
8.553818 111.079761
8.260963 105.083052
7.718605 99.351251
8.752281 109.283499
7.966209 97.473776
8.850517 106.411941
7.836731 99.457644
8.919708 116.500868
8.619003 113.077873
7.954147 99.604203
9.080154 107.679990
8.092712 100.926148
7.909561 101.708105
7.951080 97.916119
7.998322 96.220202
8.615112 104.812441
7.300346 92.149626
7.866348 97.036196
9.008034 114.982866
7.918304 98.625621
8.690666 105.402216
7.698647 94.426091
7.926682 100.501246
8.076210 101.052276
8.655556 113.211751
7.919357 90.592650
8.120430 100.710769
7.688095 98.897670
8.910324 110.720921
7.675804 96.810979
8.475929 105.398129
7.997131 100.828724
8.352814 107.493368
8.337158 108.651170
8.068909 102.543602
7.870125 100.291014
8.805359 114.109818
8.264580 96.655623
9.083839 116.152511
9.138107 119.774157
8.592316 103.895963
8.462105 108.866261
7.759598 96.547336
8.195137 101.540175
8.599754 111.527246
8.532806 107.768542
8.372246 104.489259
8.230957 105.145132
8.397308 104.646428
7.668915 94.792306
8.124825 104.030068
8.379982 109.160150
9.138107 119.774157
7.757950 97.762061
8.334412 101.055663
8.924080 110.706175
8.102554 99.671702
9.008034 114.982866
8.521385 103.408290
8.141670 98.592718
8.849670 110.296183
8.055862 104.406011
8.823395 114.046330
9.063217 113.795335
9.119202 115.553841
8.909523 118.173512
8.090034 97.489764
8.461327 98.059660
8.605408 103.519450
8.204269 99.820604
9.070587 117.647773
8.200630 105.706808
8.148972 106.760140
8.214294 108.699561
8.532806 107.768542
8.774803 113.324915
10.700386 132.835935
8.254189 105.077350
8.100746 107.285554
7.684685 97.957715
8.092712 100.926148
7.679810 92.641991
8.261581 106.858098
9.045776 116.418145
8.061905 100.467979
8.152267 98.427895
8.972374 111.959638
9.050743 114.468925
7.895622 91.417007
8.044464 96.331838
8.058311 103.890806
6.555725 82.953882
8.129745 97.082722
8.344185 101.761757
8.527451 111.302443
8.345673 103.023291
8.436699 110.093190
7.870125 100.291014
8.878899 111.157317
8.228096 105.830588
8.164032 100.794876
8.630104 105.109563
8.149338 99.276359
7.908142 95.226156
8.319603 104.333670
8.068909 102.543602
8.566360 101.075852
7.646416 97.285050
9.025978 111.606175
8.164879 100.777275
8.678925 111.026693
7.870125 100.291014
8.221642 106.874548
8.164627 102.338706
9.051361 106.043726
7.856644 94.642348
8.407173 109.752916
8.344345 109.320279
8.521751 112.394862
9.069832 110.225280
8.251122 105.084998
8.732254 106.948152
6.544029 84.528933
7.647537 93.241881
8.744270 109.144319
8.361763 103.681613
9.046921 112.173582
7.691231 92.835206
8.725685 108.067673
9.112129 113.294319
8.102348 99.627368
8.882378 112.684606
7.930641 103.230933
7.669189 95.637912
8.764572 113.555628
7.919357 90.592650
8.882378 112.684606
8.911469 120.377425
8.205688 100.948750
8.180420 99.940957
8.707855 107.000965
7.841904 95.587939
8.022720 103.477834
8.886200 116.845415
8.231300 109.440466
8.882378 112.684606
8.200630 105.706808
8.276459 104.370465
8.529282 111.465865
8.898605 109.133138
7.061737 86.950027
8.763725 113.640965
8.882378 112.684606
7.770332 98.333878
7.788895 99.064814
7.696083 99.083369
6.945602 84.434145
9.124695 113.296279
8.936005 116.459363
8.216400 103.758539
8.283096 102.934105
8.721863 105.912759
