2.000000 36.278395 94.640328 -22.083537
2.100000 47.969640 102.891186 -6.951905
2.200000 59.007549 110.658931 7.356168
2.300000 69.419773 117.961652 20.877895
2.400000 79.233128 124.817313 33.648943
2.500000 88.473612 131.243754 45.703469
2.600000 97.166420 137.258683 57.074156
2.700000 105.335962 142.879681 67.792244
2.800000 113.005877 148.124195 77.887559
2.900000 120.199049 153.009547 87.388550
3.000000 126.937621 157.552935 96.322307
3.100000 133.243015 161.771444 104.714585
3.200000 139.135939 165.682059 112.589820
3.300000 144.636413 169.301693 119.971132
3.400000 149.763771 172.647209 126.880334
3.500000 154.536688 175.735463 133.337913
3.600000 158.973185 178.583356 139.363014
3.700000 163.090648 181.207887 144.973409
3.800000 166.905842 183.626224 150.185461
3.900000 170.434924 185.855768 155.014080
4.000000 173.693456 187.914211 159.472700
4.100000 176.696420 189.819552 163.573288
4.200000 179.458232 191.590044 167.326420
4.300000 181.992754 193.244006 170.741501
4.400000 184.313308 194.799449 173.827167
4.500000 186.432688 196.273433 176.591944
4.600000 188.363176 197.681188 179.045164
4.700000 190.116550 199.035070 181.198029
4.800000 191.704099 200.343618 183.064581
4.900000 193.136638 201.611026 184.662250
5.000000 194.424515 202.837300 186.011729
5.100000 195.577626 204.019096 187.136155
5.200000 196.605428 205.151011 188.059845
5.300000 197.516948 206.226928 188.806967
5.400000 198.320797 207.241123 189.400470
5.500000 199.025180 208.188964 189.861395
5.600000 199.637907 209.067243 190.208571
5.700000 200.166407 209.874224 190.458590
5.800000 200.617735 210.609525 190.625944
5.900000 200.998584 211.273919 190.723249
6.000000 201.315299 211.869114 190.761483
6.100000 201.573882 212.397541 190.750222
6.200000 201.780006 212.862174 190.697837
6.300000 201.939024 213.266373 190.611676
6.400000 202.055982 213.613759 190.498205
6.500000 202.135621 213.908114 190.363128
6.600000 202.182396 214.153303 190.211489
6.700000 202.200479 214.353208 190.047750
6.800000 202.193772 214.511683 189.875861
6.900000 202.165915 214.632517 189.699312
7.000000 202.120293 214.719402 189.521184
7.100000 202.060049 214.775915 189.344183
7.200000 201.988090 214.805498 189.170682
7.300000 201.907095 214.811448 189.002742
7.400000 201.819525 214.796908 188.842143
7.500000 201.727633 214.764860 188.690406
7.600000 201.633467 214.718120 188.548813
7.700000 201.538881 214.659338 188.418425
7.800000 201.445545 214.590993 188.300097
7.900000 201.354947 214.515397 188.194497
8.000000 201.268407 214.434695 188.102119
8.100000 201.187078 214.350863 188.023292
8.200000 201.111957 214.265716 187.958198
8.300000 201.043892 214.180907 187.906877
8.400000 200.983587 214.097931 187.869243
8.500000 200.931610 214.018131 187.845089
8.600000 200.888398 213.942698 187.834098
8.700000 200.854265 213.872680 187.835850
8.800000 200.829408 213.808983 187.849834
8.900000 200.813912 213.752377 187.875447
9.000000 200.807756 213.703504 187.912008
9.100000 200.810820 213.662877 187.958762
9.200000 200.822888 213.630891 188.014885
9.300000 200.843658 213.607827 188.079488
9.400000 200.872740 213.593855 188.151625
9.500000 200.909669 213.589042 188.230296
9.600000 200.953905 213.593358 188.314453
9.700000 201.004838 213.606676 188.403000
9.800000 201.061794 213.628785 188.494803
9.900000 201.124039 213.659389 188.588690
10.000000 201.190784 213.698114 188.683453
10.100000 201.261186 213.744514 188.777859
10.200000 201.334357 213.798071 188.870643
10.300000 201.409362 213.858204 188.960521
10.400000 201.485229 213.924271 189.046188
10.500000 201.560946 213.995570 189.126322
10.600000 201.635469 214.071349 189.199589
10.700000 201.707723 214.150801 189.264645
10.800000 201.776605 214.233073 189.320137
10.900000 201.840989 214.317268 189.364710
11.000000 201.899725 214.402445 189.397005
11.100000 201.951645 214.487624 189.415665
11.200000 201.995562 214.571789 189.419334
11.300000 202.030275 214.653892 189.406659
11.400000 202.054572 214.732851 189.376292
11.500000 202.067226 214.807561 189.326890
11.600000 202.067003 214.876891 189.257116
11.700000 202.052662 214.939690 189.165633
11.800000 202.022952 214.994795 189.051110
11.900000 201.976621 215.041029 188.912213
12.000000 201.912409 215.077211 188.747607
12.100000 201.829056 215.102162 188.555950
12.200000 201.725297 215.114706 188.335888
12.300000 201.599867 215.113682 188.086051
12.400000 201.451497 215.097946 187.805047
12.500000 201.278918 215.066382 187.491455
12.600000 201.080862 215.017905 187.143818
12.700000 200.856056 214.951474 186.760638
12.800000 200.603228 214.866093 186.340363
12.900000 200.321104 214.760823 185.881384
13.000000 200.008406 214.634787 185.382025
13.100000 199.663856 214.487179 184.840533
13.200000 199.286169 214.317265 184.255073
13.300000 198.874057 214.124397 183.623718
13.400000 198.426226 213.908011 182.944441
13.500000 197.941374 213.667634 182.215114
13.600000 197.418189 213.402886 181.433493
13.700000 196.855352 213.113480 180.597224
13.800000 196.251527 212.799224 179.703831
13.900000 195.605368 212.460018 178.750718
14.000000 194.915510 212.095850 177.735170
14.100000 194.180571 211.706790 176.654352
14.200000 193.399145 211.292980 175.505310
14.300000 192.569806 210.854630 174.284981
14.400000 191.691098 210.392000 172.990197
14.500000 190.761539 209.905391 171.617687
14.600000 189.779612 209.395127 170.164096
14.700000 188.743764 208.861543 168.625984
14.800000 187.652405 208.304964 166.999845
14.900000 186.503900 207.725691 165.282109
