2.000000 15832203.172166
2.100000 15762980.878232
2.200000 15699893.112147
2.300000 15636047.625294
2.400000 15572758.163915
2.500000 15507140.941475
2.600000 15448629.312821
2.700000 15396656.530834
2.800000 15354230.450393
2.900000 15314433.233405
3.000000 15279922.900563
3.100000 15249370.236534
3.200000 15222456.337019
3.300000 15196027.856025
3.400000 15170579.207769
3.500000 15146655.048959
3.600000 15124005.771372
3.700000 15102843.100338
3.800000 15083510.113314
3.900000 15066523.494930
4.000000 15050134.115750
4.100000 15034688.954415
4.200000 15020124.601920
4.300000 15006487.597081
4.400000 14994162.464329
4.500000 14982687.579582
4.600000 14971831.507225
4.700000 14961463.134598
4.800000 14951495.572661
4.900000 14941977.852789
5.000000 14933030.430125
5.100000 14924782.333268
5.200000 14917311.016738
5.300000 14910586.309916
5.400000 14904257.086641
5.500000 14898164.816646
5.600000 14892874.867694
5.700000 14887999.342982
5.800000 14885367.793162
5.900000 14881145.874896
6.000000 14877289.427076
6.100000 14873711.238866
6.200000 14870279.365380
6.300000 14867475.538980
6.400000 14864752.029183
6.500000 14862279.008972
6.600000 14859148.462745
6.700000 14855923.877050
6.800000 14853858.302272
6.900000 14854259.626051
7.000000 14852905.516807
7.100000 14851452.539316
7.200000 14850184.609179
7.300000 14849050.336353
7.400000 14848041.002050
7.500000 14847128.073622
7.600000 14846319.957406
7.700000 14845627.336417
7.800000 14845021.839429
7.900000 14844515.238473
8.000000 14844094.851225
8.100000 14843756.837874
8.200000 14843495.779610
8.300000 14843305.135024
8.400000 14843177.861424
8.500000 14843107.161946
8.600000 14843087.655589
8.700000 14843116.998491
8.800000 14843198.528265
8.900000 14843349.184918
9.000000 14843640.003904
9.100000 14844106.765472
9.200000 14843396.255052
9.300000 14843329.563681
9.400000 14843546.539796
9.500000 14843854.043713
9.600000 14844208.633705
9.700000 14844596.867911
9.800000 14845012.890331
9.900000 14845453.331431
10.000000 14845915.824255
10.100000 14846398.481950
10.200000 14846899.684711
10.300000 14847417.982207
10.400000 14847952.044555
10.500000 14848500.635877
10.600000 14849062.599237
10.700000 14849636.847669
10.800000 14850222.358536
10.900000 14850818.169720
11.000000 14851423.376731
11.100000 14852037.130231
11.200000 14852658.633682
11.300000 14853287.140978
11.400000 14853921.953991
11.500000 14854562.420059
11.600000 14855207.929412
11.700000 14855857.912605
11.800000 14856511.837968
11.900000 14857169.209140
12.000000 14857829.562682
12.100000 14858492.465819
12.200000 14859157.514307
12.300000 14859824.330427
12.400000 14860492.561131
12.500000 14861161.876310
12.600000 14861831.967197
12.700000 14862502.544896
12.800000 14863173.339020
12.900000 14863844.096444
13.000000 14864514.580148
13.100000 14865184.568165
13.200000 14865853.852595
13.300000 14866522.238710
13.400000 14867189.544121
13.500000 14867855.598008
13.600000 14868520.240411
13.700000 14869183.321568
13.800000 14869844.701306
13.900000 14870504.248472
14.000000 14871161.840404
14.100000 14871817.362440
14.200000 14872470.707457
14.300000 14873121.775440
14.400000 14873770.473086
14.500000 14874416.713424
14.600000 14875060.415465
14.700000 14875701.503869
14.800000 14876339.908637
14.900000 14876975.564820
15.000000 14877608.412242
