9.060699 134.731070
8.755600 121.945259
8.491035 119.586806
8.821518 123.916162
7.877769 115.770992
8.498039 127.850517
8.439903 122.465587
8.553841 125.726061
8.340637 123.587485
8.436493 121.718307
9.141907 135.449315
8.832527 128.697026
9.813538 143.753751
7.940002 112.483941
9.142960 127.797832
8.273438 118.924106
9.064430 131.276458
8.702133 132.621486
8.395271 122.038659
9.290062 137.974530
8.831978 131.231774
8.517151 122.992140
8.516167 117.585840
7.862068 112.459385
9.037468 137.048766
8.853561 130.997710
9.850113 146.183384
8.981438 123.558664
8.816162 123.631460
7.897591 115.591458
9.095055 131.420168
9.969635 147.804894
8.390030 121.953611
7.885986 115.097396
8.219078 117.119497
9.724846 141.783994
8.468857 124.060183
8.517151 122.992140
8.715569 125.171864
8.958618 129.190450
9.372849 136.547884
9.660851 139.063739
9.093658 133.067318
7.482239 109.858555
9.108765 132.240905
8.533356 124.701932
9.236824 128.901012
8.274513 117.467779
8.080650 113.820438
8.171722 114.319724
8.432785 121.465842
8.809296 133.443550
9.660851 139.063739
8.232193 115.854744
8.618546 118.114175
7.928627 115.430401
8.619278 123.298533
8.369041 120.884329
7.784088 114.922037
9.278824 132.125579
8.269913 114.943303
8.156685 118.754425
8.348671 120.097738
9.009544 128.930607
8.349289 119.899092
8.642189 124.082673
8.049637 114.286948
8.941360 129.121730
8.407265 117.436533
8.208298 116.186284
7.804642 113.726079
8.648758 122.189163
8.974457 126.262583
9.131310 134.446431
9.306244 131.535788
9.012543 131.110934
8.664276 123.770362
8.702133 132.621486
7.896835 117.194200
8.267395 119.320550
8.436722 120.347843
9.031059 127.299308
8.758026 128.848400
8.178566 119.230379
8.487511 127.668554
9.113457 132.124642
9.153397 137.157636
9.241493 133.783112
8.619461 133.051476
8.767090 129.863645
8.988464 126.310576
9.071526 132.376054
8.284195 116.409393
8.246429 126.661420
8.963448 129.651526
9.384453 135.439299
9.131126 131.533226
7.787453 108.855632
8.274490 117.337502
8.547249 121.011170
7.771957 117.253168
9.099335 136.254633
8.988121 129.285750
8.400078 126.769477
9.055367 133.920701
8.722733 123.638043
8.037277 120.563142
8.767090 129.863645
7.774155 109.964799
8.701035 122.783415
8.773430 127.804229
9.188919 127.644567
9.039047 131.722082
8.136772 121.718017
7.896835 117.194200
8.990158 123.442660
8.938087 125.576374
9.174431 126.276657
8.129723 115.349551
8.638023 125.319642
9.564056 142.827652
9.341263 129.291954
8.888145 132.102482
8.156685 118.754425
8.154053 126.154219
7.720345 113.848705
8.737450 125.512064
9.132568 130.866559
8.228920 119.140235
8.076141 114.672587
8.674095 122.895846
8.757271 125.971612
8.225899 116.889695
9.206337 134.141942
8.467827 121.980622
8.437523 125.476129
9.340645 134.858815
9.169807 133.614682
9.028358 128.670574
8.132446 116.367356
8.317314 117.086708
8.813690 124.050807
7.998344 116.124936
9.102242 128.471718
7.710754 117.531147
9.136780 133.028637
7.956459 114.158182
9.206337 134.141942
8.886223 130.279789
9.199448 133.516057
7.730644 108.555062
8.869720 134.020161
8.840309 131.302772
8.872787 120.812197
9.333275 129.188431
8.533951 125.328475
9.132774 134.350435
8.821060 129.784886
9.367813 139.681356
8.801514 129.143069
9.179054 137.762490
8.369041 120.884329
8.602547 121.799210
8.078018 121.180053
8.933990 131.748464
7.788048 112.308284
8.602547 121.799210
8.549332 122.102631
8.390030 121.953611
8.541481 124.145636
8.246429 126.661420
9.206337 134.141942
9.192329 135.040266
8.297424 119.633024
7.295631 102.443869
7.693314 110.864073
9.037468 137.048766
9.121445 135.788831
8.824951 132.328687
9.068916 134.169026
7.482239 109.858555
8.494011 125.869355
8.101662 119.020637
8.294220 116.651980
8.502090 122.894851
9.204208 133.103391
8.641663 122.430725
8.041054 117.022071
8.577461 121.824641
8.680847 131.301432
9.043167 126.659930
8.541000 118.860938
8.368607 117.560707
7.677635 113.557579
8.625893 120.327528
8.278633 117.532160
7.906815 119.093050
8.541481 124.145636
8.389275 123.404070
9.093658 133.067318
8.931152 126.323970
8.667480 121.899063
7.656303 111.574753
9.005104 126.682899
8.442444 119.025269
9.159119 133.099492
8.426056 118.250737
8.402069 120.043036
8.669334 126.139472
8.078018 121.180053
8.009560 121.567952
9.007050 130.510135
9.284271 130.061013
9.192329 135.040266
9.103363 135.860170
8.571259 128.877118
9.130234 131.633304
9.173515 128.351183
9.093658 133.067318
8.632256 124.492324
8.494011 125.869355
8.158653 117.124454
9.151772 130.079835
8.757271 125.971612
7.482239 109.858555
8.273026 122.416950
8.968208 123.288974
9.173515 128.351183
8.587463 121.429198
8.619209 126.293349
8.919571 124.468040
7.990471 114.035022
8.798126 128.118386
8.356499 120.447353
8.927399 126.662341
8.270279 116.134161
8.872238 128.445875
7.680908 119.761569
8.041054 117.022071
8.716553 122.095137
8.253891 123.280711
9.132408 125.772224
8.150826 118.649506
9.141907 135.449315
9.144608 127.325001
9.108467 137.195176
9.180977 129.315358
8.753448 121.468026
8.232193 115.854744
8.306534 125.622594
9.192650 132.768476
9.095352 134.852003
8.927399 126.662341
8.365036 119.558493
8.470139 123.651179
7.795670 117.704836
8.383781 121.402707
8.361946 121.476411
8.346085 120.483993
8.813049 125.555221
8.735161 130.901512
9.318214 134.919327
9.095993 132.850244
8.701584 125.631900
8.920029 128.765047
9.158386 135.640405
9.061615 131.540722
8.531593 126.340677
9.570236 138.982931
9.582504 133.091239
8.247253 120.327064
8.101250 111.676506
9.148361 131.599048
9.132568 130.866559
8.430130 120.234142
9.041771 134.205150
8.140846 119.030680
8.811562 130.785415
8.729851 126.213000
8.294220 116.651980
7.910339 113.920693
8.552376 125.630540
9.174866 132.283636
8.799980 124.717053
8.808998 123.279837
8.294220 116.651980
8.349358 117.887711
9.192650 132.768476
8.506485 126.284458
7.787453 108.855632
8.767090 129.863645
8.512596 120.655381
8.278633 117.532160
8.958618 129.190450
8.351120 122.340694
9.116776 129.126462
8.439903 122.465587
8.468719 128.124431
8.506485 126.284458
8.044533 117.260311
7.815308 114.015625
8.432213 123.962947
7.645088 111.601508
8.368172 124.009254
8.715500 130.175510
8.704124 123.846354
8.447090 119.237446
8.059090 117.708242
7.880035 115.204911
9.108856 131.349501
8.613602 128.422589
7.775734 117.780360
8.865944 127.178365
7.656303 111.574753
9.411758 141.318073
8.244118 122.042116
8.684875 126.322727
7.956459 114.158182
7.616364 112.568184
9.347855 139.354619
8.757477 133.611344
8.705910 126.129632
8.686684 123.353920
8.922890 129.081097
8.313103 126.253822
8.284424 121.121439
8.470139 123.651179
9.095055 131.420168
7.896835 117.194200
8.767090 129.863645
8.305962 119.894735
8.277122 120.070080
8.083534 117.803850
8.303970 124.304841
8.177376 118.953646
7.823685 112.445130
8.266777 122.785575
9.182510 133.217323
8.008781 111.906437
8.577438 125.896044
8.811562 130.785415
8.722641 128.752557
7.652092 111.175838
8.848412 131.025389
9.061272 130.900836
8.711929 125.310402
7.726204 110.629211
8.625160 121.793463
9.018059 129.888021
7.656303 111.574753
8.793709 128.899806
8.667343 125.718161
9.401093 135.476113
8.597031 133.408549
8.128304 121.780302
8.779106 127.622181
8.376595 124.205354
8.088799 116.941772
8.288544 122.279797
8.628273 124.036141
8.737450 125.512064
8.295502 121.304312
8.626442 121.058746
8.192345 119.920827
9.350372 134.298830
8.302025 118.709768
8.419144 118.934483
8.219078 117.119497
8.128349 116.720738
9.306244 131.535788
9.241951 135.875200
8.597031 133.408549
8.920029 128.765047
8.516739 126.143823
7.630920 112.351876
7.645088 111.601508
8.165588 122.127350
9.043167 126.659930
7.898735 109.198486
8.886223 130.279789
8.382545 119.795624
8.847061 129.424044
8.285019 122.644073
8.712273 125.501774
9.108467 137.195176
9.716286 143.350133
8.938087 125.576374
9.171204 130.076465
8.619209 126.293349
9.038887 131.765635
8.225899 116.889695
8.164101 117.498645
7.792488 111.450223
9.028358 128.670574
8.314384 121.776898
8.531593 126.340677
8.539993 124.303498
9.284271 130.061013
8.443611 120.841973
9.236824 128.901012
8.292664 122.554087
8.811035 126.871042
9.056396 125.928111
8.701035 122.783415
9.151772 130.079835
8.421432 122.485569
9.290062 137.974530
9.266075 133.904822
8.943100 129.938514
8.300331 120.502931
7.630920 112.351876
8.699135 129.420592
8.717010 122.513655
8.284424 121.121439
8.238739 111.008386
8.911858 125.554256
7.774155 109.964799
8.758026 128.848400
8.743034 129.772883
8.801514 129.143069
9.112724 139.458276
8.230179 116.736769
8.641479 123.437201
7.862068 112.459385
9.061043 129.866826
8.406670 124.064864
8.968208 123.288974
8.103378 118.649721
8.647041 127.359090
10.043404 148.577570
9.195557 129.653300
7.771957 117.253168
8.686684 123.353920
8.270279 116.134161
8.506485 126.284458
8.253891 123.280711
8.993019 129.319627
8.398933 118.050077
8.847061 129.424044
8.946510 130.526042
9.350372 134.298830
8.641663 122.430725
8.491928 122.852473
9.095055 131.420168
8.988602 125.348278
8.168541 123.393422
8.132446 116.367356
8.426056 118.250737
8.808998 123.279837
8.812386 124.611343
7.673012 109.135076
8.313103 126.253822
8.268471 117.058818
8.206856 119.157359
9.179375 134.746832
8.680847 131.301432
9.031746 135.904077
9.347855 139.354619
8.632256 124.492324
8.278633 117.532160
8.409691 125.727735
7.634720 113.961092
9.307892 144.377259
8.000473 115.823908
7.634720 113.961092
7.782463 111.096151
8.154053 126.154219
9.018059 129.888021
9.148361 131.599048
8.192345 119.920827
9.028358 128.670574
7.692284 110.312913
9.199448 133.516057
8.291702 123.366107
9.130234 131.633304
8.353317 117.151198
9.131241 137.625602
8.209488 120.186852
8.095436 119.292707
9.060104 124.672009
9.115677 139.185745
8.762238 126.357490
8.809341 123.591052
8.664482 125.344271
8.002831 119.920309
8.522003 121.012625
8.917763 129.991605
8.729851 126.213000
8.907097 126.436494
9.151772 130.079835
9.020050 125.678563
8.762238 126.357490
8.273438 118.924106
8.162842 115.050375
8.602135 128.951952
8.520378 119.433286
8.654388 127.520352
8.837357 122.599215
8.502090 122.894851
8.284195 116.409393
8.424500 122.873826
7.787453 108.855632
9.184364 135.839007
10.036720 141.084776
8.641479 123.437201
8.516167 117.585840
8.667480 121.899063
9.716286 143.350133
8.580437 126.967267
8.798126 128.118386
9.131310 134.446431
8.475471 126.576610
9.043167 126.659930
9.347855 139.354619
8.619461 133.051476
8.898010 138.764618
8.395271 122.038659
8.813690 124.050807
9.037468 137.048766
9.061272 130.900836
9.200638 136.177955
9.306244 131.535788
8.223999 117.790672
8.713806 123.238886
8.297218 126.261945
8.783157 132.069009
9.171204 130.076465
9.850113 146.183384
8.204247 121.319401
8.139015 121.206088
8.193878 120.270413
7.921783 113.018278
8.482933 114.838212
8.219604 119.449755
8.274490 117.337502
8.292664 122.554087
8.853561 130.997710
8.809341 123.591052
9.064018 127.805870
8.505547 129.036385
8.194656 114.052006
8.581444 124.195552
8.136772 121.718017
8.523079 124.660477
8.368172 124.009254
8.136772 121.718017
8.638023 125.319642
8.300194 115.169142
9.154495 130.379676
8.397079 118.431830
9.074181 138.105537
8.980225 131.704662
8.648163 124.496033
7.771957 117.253168
8.943100 129.938514
8.075111 111.234172
8.704124 123.846354
8.554001 121.688305
8.426056 118.250737
8.251030 123.678065
8.737724 122.803351
9.307892 144.377259
8.871048 122.665550
8.244392 117.631837
8.285019 122.644073
8.813690 124.050807
9.618736 135.054116
9.103363 135.860170
8.280716 119.321613
9.236824 128.901012
8.983200 129.402976
9.061272 130.900836
8.484261 122.195098
8.270279 116.134161
8.563637 126.180956
8.620285 124.990648
9.052231 130.798346
8.990570 125.355166
8.223999 117.790672
8.177376 118.953646
9.155365 134.166640
8.844772 130.419312
8.941360 129.121730
8.285019 122.644073
9.000778 130.908487
8.874367 126.545096
8.301338 114.992254
8.978142 133.120818
8.531593 126.340677
8.917763 129.991605
7.792488 111.450223
8.232216 123.556179
8.701584 125.631900
8.368172 124.009254
8.586868 124.203686
7.663010 114.826809
8.303970 124.304841
8.938087 125.576374
7.763008 113.435271
8.602135 128.951952
8.132446 116.367356
9.079994 129.734086
8.253891 123.280711
8.411682 125.210468
9.952057 142.960930
8.669334 126.139472
8.730629 127.675993
9.298325 139.304711
8.539993 124.303498
9.523682 141.161942
7.771362 108.747411
9.072464 129.375280
7.901436 117.104350
8.713806 123.238886
8.554596 125.546624
8.766289 128.338379
8.981438 123.558664
9.055367 133.920701
8.158630 121.984889
9.105217 131.626830
8.031097 117.059770
8.376595 124.205354
9.285393 135.179055
8.816162 123.631460
9.294273 139.613626
7.634720 113.961092
8.253891 123.280711
9.116249 132.145175
9.023163 132.476666
9.300087 134.326082
8.980225 131.704662
8.339767 123.273682
9.270996 126.530075
9.036049 132.698638
9.132568 130.866559
8.580437 126.967267
8.994072 128.740361
8.988121 129.285750
8.359245 120.397936
9.068893 132.275187
9.031746 135.904077
9.492416 143.255452
9.055367 133.920701
8.671829 122.829196
8.424316 128.643787
9.285393 135.179055
8.978279 131.198471
9.278824 132.125579
8.648163 124.496033
9.564056 142.827652
8.963310 126.119705
8.209488 120.186852
9.121811 129.588633
9.350372 134.298830
8.560226 123.746449
8.678764 125.919911
8.753242 122.475131
7.897591 115.591458
8.464119 119.023624
8.171722 114.319724
8.580574 124.238299
7.657791 115.730358
9.401093 135.476113
8.439903 122.465587
9.151772 130.079835
8.393669 121.439930
8.616440 130.482575
8.552742 121.243498
9.148361 131.599048
9.055367 133.920701
9.095055 131.420168
9.236824 139.556792
8.753242 122.475131
8.044533 117.260311
8.514519 121.680293
8.209488 120.186852
8.552742 121.243498
9.460396 141.719248
8.757271 125.971612
7.763008 113.435271
9.148361 131.599048
9.401093 135.476113
9.041771 134.205150
8.618546 118.114175
8.009560 121.567952
8.613602 128.422589
8.153069 117.727819
7.792305 109.685716
8.283325 119.427766
8.753242 122.475131
8.848091 124.111024
8.556152 120.462931
8.288544 122.279797
8.664780 125.417334
9.174431 126.276657
8.974457 126.262583
8.287811 118.239862
8.815063 133.514380
8.364212 114.796558
8.374168 126.964807
9.290382 138.009019
9.318214 134.919327
8.194656 114.052006
9.052231 130.798346
9.136299 129.134625
9.098991 132.804022
8.206856 119.157359
8.722733 123.638043
8.865692 128.949803
8.734497 126.853901
8.415138 119.229006
8.523079 124.660477
8.672287 120.242328
7.885986 115.097396
8.775536 126.415967
8.487511 127.668554
8.382545 119.795624
9.011902 123.815855
8.552742 121.243498
9.294273 139.613626
8.437225 123.842625
8.684120 127.150352
9.763023 140.061881
9.057426 131.392675
9.136299 129.134625
9.716286 143.350133
9.050354 123.899749
8.836647 127.882516
9.068893 132.275187
8.703735 122.422931
7.630920 112.351876
8.041054 117.022071
8.869720 134.020161
8.905540 124.865335
7.970261 113.007049
9.411758 141.318073
8.244392 117.631837
9.102242 128.471718
8.578423 123.704966
8.316284 118.296957
8.619461 133.051476
8.620285 124.990648
9.095055 131.420168
8.698448 129.198536
8.746239 123.790181
9.110138 130.664497
8.831978 131.231774
8.287560 118.571388
8.064194 113.277619
7.657791 115.730358
9.144608 127.325001
9.294273 139.613626
9.095993 132.850244
8.598747 125.792638
9.291344 136.521525
9.619446 143.125243
8.933990 131.748464
8.630928 128.147447
8.507584 125.897216
8.300331 120.502931
9.131241 137.625602
8.507584 125.897216
8.869720 134.020161
8.598747 125.792638
9.085487 128.226151
8.578423 123.704966
8.713806 123.238886
8.735779 130.962217
8.569656 123.979677
8.007385 114.556255
8.225899 116.889695
8.300331 120.502931
8.376595 122.091451
8.529350 125.491887
9.027351 131.021020
9.084732 125.492755
9.060699 134.731070
8.156685 118.754425
8.793709 128.899806
8.354279 122.534756
8.695816 122.951813
8.244164 124.264321
8.080811 121.960602
8.449814 128.395930
8.571693 122.294921
9.814247 136.996127
8.356956 123.093670
7.673012 109.135076
9.095055 131.420168
9.969635 147.804894
8.313103 126.253822
8.706345 125.507027
9.460396 142.724404
8.362999 115.236892
8.824951 132.328687
8.297424 119.633024
8.313103 126.253822
8.625893 120.327528
8.437225 123.842625
9.142159 132.815135
9.180977 129.315358
8.336884 124.691765
8.627678 127.286856
8.393738 119.611646
9.147011 130.082805
8.751068 125.450249
9.073380 130.741346
9.132568 130.866559
8.494331 122.246662
8.505547 129.036385
8.753448 121.468026
8.872238 128.445875
7.771362 108.747411
8.470139 123.651179
8.620285 124.990648
8.783958 126.933464
9.850113 146.183384
8.206856 119.157359
8.691238 120.811236
8.938087 125.576374
7.295631 102.443869
8.556152 120.462931
8.918106 131.435779
8.642189 124.082673
8.238739 111.008386
7.855408 112.217675
9.105217 131.626830
8.525963 118.901727
8.153069 117.727819
8.889931 132.054410
8.792679 125.362419
8.000473 115.823908
8.958618 129.190450
7.775734 117.780360
8.436493 121.718307
8.446129 122.813370
8.185753 123.533249
8.821518 123.916162
8.580048 118.714216
8.686684 123.353920
9.079239 125.698043
8.491928 122.852473
8.397079 118.431830
9.372849 136.547884
8.419144 118.934483
8.359062 126.593015
8.491035 119.586806
8.332809 122.461802
7.686081 105.758559
8.269913 123.222016
8.743744 126.841725
7.656303 111.574753
8.103378 118.649721
8.447090 119.237446
7.788048 112.308284
8.458626 120.934173
8.285019 122.644073
9.102242 128.471718
7.916931 117.205989
7.795670 117.704836
8.165588 122.127350
8.273438 118.924106
8.602135 128.951952
7.978683 115.268069
8.336128 116.976586
8.470917 125.055148
7.898735 109.198486
9.014946 135.008488
9.079994 129.734086
8.400650 118.132068
9.116249 132.145175
9.543983 138.739000
8.209488 120.186852
9.142960 127.797832
8.406509 132.897890
9.030121 133.151979
8.287308 124.036258
9.105217 131.626830
7.763008 113.435271
8.452721 124.248020
8.714333 124.289148
9.155365 134.166640
8.424500 122.873826
9.023163 132.476666
8.218002 122.668259
9.065895 129.762361
8.528160 122.807136
8.316284 118.296957
9.291344 136.521525
8.757477 133.611344
8.419144 118.934483
8.491035 119.586806
8.288544 122.279797
8.722733 123.638043
8.734497 126.853901
8.194656 114.052006
8.922890 129.081097
8.424316 128.643787
8.552376 125.630540
7.804642 113.726079
9.115677 139.185745
9.132774 134.350435
9.095993 132.850244
8.206856 119.157359
8.871048 122.665550
8.684120 127.150352
9.131241 137.625602
9.037720 128.042907
9.279030 136.204863
8.680847 131.301432
8.512047 127.113916
9.282921 138.742852
8.162842 115.050375
9.071526 132.376054
8.512596 120.655381
8.848412 131.025389
8.619209 126.293349
7.921783 113.018278
8.287811 118.239862
8.681007 130.267818
8.224571 115.921473
8.073532 113.546464
9.061272 130.900836
9.088623 127.161470
8.141624 116.942135
8.647614 122.053506
8.686684 123.353920
8.529305 124.397173
8.774757 130.148660
8.059135 117.336833
8.390030 121.953611
8.904007 125.385672
7.677635 113.557579
8.813988 129.171414
8.933990 131.748464
9.188919 127.644567
8.013107 112.363683
7.647148 110.038447
8.336128 116.976586
8.837357 122.599215
7.686081 105.758559
7.648384 110.098684
8.464119 119.023624
10.043404 148.577570
7.831444 107.534548
9.136299 129.134625
8.336884 124.691765
8.774757 130.148660
9.132568 130.866559
8.002831 119.920309
9.172852 133.187569
9.564056 142.827652
8.961319 129.631236
9.037720 128.042907
8.128349 116.720738
8.398567 120.473984
9.977943 144.281770
8.307610 120.330290
8.518776 123.551154
8.737450 125.512064
9.155365 134.166640
8.669334 126.139472
7.630920 112.351876
9.144562 132.560613
8.737724 122.803351
7.710754 117.531147
7.647148 110.038447
8.218002 122.668259
8.865692 128.949803
8.539627 123.036508
7.692284 110.312913
7.647148 110.038447
9.102242 128.471718
8.522415 126.163724
8.722733 123.638043
8.706345 125.507027
8.911858 125.554256
8.573410 127.598101
8.735779 130.962217
8.197632 119.525115
9.037468 137.048766
8.258492 124.294708
8.898010 138.764618
8.176186 115.823651
8.616211 124.220586
9.068893 132.275187
9.040924 128.533677
9.483009 134.086669
8.305962 119.894735
8.874367 126.545096
7.620964 115.345372
8.288544 122.279797
8.730629 127.675993
8.654388 127.520352
8.492432 127.495422
9.290062 137.974530
8.103378 118.649721
7.862068 112.459385
9.814247 136.996127
8.779770 131.200618
