2.000000 44.587378 80.580516 8.594240
2.100000 51.554174 85.164160 17.944189
2.200000 58.493838 90.113230 26.874446
2.300000 65.390590 95.353105 35.428076
2.400000 72.229905 100.811220 43.648591
2.500000 78.998454 106.419126 51.577782
2.600000 85.684051 112.114283 59.253820
2.700000 92.275601 117.841301 66.709900
2.800000 98.763045 123.552550 73.973540
2.900000 105.137315 129.208164 81.066466
3.000000 111.390282 134.775606 88.004958
3.100000 117.514710 140.228960 94.800460
3.200000 123.504209 145.548087 101.460332
3.300000 129.353193 150.717773 107.988612
3.400000 135.056832 155.726929 114.386734
3.500000 140.611016 160.567870 120.654161
3.600000 146.012310 165.235705 126.788915
3.700000 151.257918 169.727818 132.788017
3.800000 156.345641 174.043450 138.647832
3.900000 161.273844 178.183355 144.364333
4.000000 166.041418 182.149531 149.933305
4.100000 170.647748 185.945014 155.350482
4.200000 175.092676 189.573717 160.611634
4.300000 179.376471 193.040324 165.712619
4.400000 183.499802 196.350221 170.649382
4.500000 187.463699 199.509470 175.417928
4.600000 191.269535 202.524818 180.014251
4.700000 194.918989 205.403749 184.434229
4.800000 198.414027 208.154568 188.673487
4.900000 201.756872 210.786524 192.727219
5.000000 204.949980 213.309946 196.590014
5.100000 207.996019 215.736353 200.255685
5.200000 210.897845 218.078484 203.717205
5.300000 213.658479 220.350095 206.966863
5.400000 216.281091 222.565378 209.996804
5.500000 218.768976 224.737829 212.800123
5.600000 221.125538 226.878587 215.372488
5.700000 223.354271 228.994594 217.713947
5.800000 225.458743 231.087306 219.830180
5.900000 227.442581 233.152629 221.732533
6.000000 229.309455 235.182206 223.436703
6.100000 231.063061 237.165465 224.960656
6.200000 232.707113 239.091601 226.322625
6.300000 234.245328 240.950962 227.539694
6.400000 235.681412 242.735736 228.627089
6.500000 237.019054 244.440106 229.598001
6.600000 238.261908 246.060113 230.463704
6.700000 239.413594 247.593379 231.233810
6.800000 240.477679 249.038815 231.916543
6.900000 241.457674 250.396350 232.518998
7.000000 242.357027 251.666699 233.047355
7.100000 243.179113 252.851180 233.507047
7.200000 243.927232 253.951559 233.902905
7.300000 244.604599 254.969943 234.239256
7.400000 245.214342 255.908678 234.520005
7.500000 245.759495 256.770287 234.748704
7.600000 246.243000 257.557407 234.928593
7.700000 246.667695 258.272746 235.062643
7.800000 247.036318 258.919050 235.153586
7.900000 247.351502 259.499070 235.203934
8.000000 247.615775 260.015545 235.216005
8.100000 247.831556 260.471178 235.191933
8.200000 248.001156 260.868627 235.133685
8.300000 248.126778 261.210486 235.043069
8.400000 248.210515 261.499284 234.921746
8.500000 248.254353 261.737469 234.771237
8.600000 248.260170 261.927408 234.592933
8.700000 248.229738 262.071379 234.388097
8.800000 248.164722 262.171567 234.157878
8.900000 248.066688 262.230064 233.903311
9.000000 247.937096 262.248865 233.625328
9.100000 247.777312 262.229865 233.324760
9.200000 247.588605 262.174863 233.002346
9.300000 247.372148 262.085556 232.658741
9.400000 247.129030 261.963545 232.294514
9.500000 246.860248 261.810331 231.910165
9.600000 246.566720 261.627319 231.506120
9.700000 246.249283 261.415820 231.082747
9.800000 245.908702 261.177050 230.640354
9.900000 245.545667 260.912136 230.179198
10.000000 245.160804 260.622116 229.699493
10.100000 244.754676 260.307943 229.201410
10.200000 244.327788 259.970489 228.685088
10.300000 243.880591 259.610547 228.150636
10.400000 243.413488 259.228837 227.598138
10.500000 242.926835 258.826010 227.027661
10.600000 242.420952 258.402649 226.439255
10.700000 241.896120 257.959278 225.832962
10.800000 241.352592 257.496367 225.208816
10.900000 240.790591 257.014332 224.566851
11.000000 240.210323 256.513546 223.907101
11.100000 239.611973 255.994340 223.229607
11.200000 238.995714 255.457011 222.534417
11.300000 238.361709 254.901825 221.821593
11.400000 237.710117 254.329025 221.091210
11.500000 237.041096 253.738831 220.343361
11.600000 236.354805 253.131452 219.578158
11.700000 235.651411 252.507084 218.795738
11.800000 234.931088 251.865918 217.996258
11.900000 234.194026 251.208146 217.179906
12.000000 233.440427 250.533959 216.346894
12.100000 232.670512 249.843559 215.497466
12.200000 231.884524 249.137154 214.631893
12.300000 231.082726 248.414971 213.750481
12.400000 230.265405 247.677249 212.853561
12.500000 229.432876 246.924253 211.941500
12.600000 228.585479 246.156269 211.014689
12.700000 227.723579 245.373610 210.073549
12.800000 226.847572 244.576621 209.118523
12.900000 225.957879 243.765682 208.150075
13.000000 225.054948 242.941211 207.168684
13.100000 224.139254 242.103671 206.174836
13.200000 223.211294 241.253572 205.169017
13.300000 222.271591 240.391480 204.151702
13.400000 221.320683 239.518023 203.123344
13.500000 220.359130 238.633901 202.084360
13.600000 219.387503 237.739892 201.035113
13.700000 218.406381 236.836868 199.975894
13.800000 217.416351 235.925803 198.906900
13.900000 216.417999 235.007790 197.828209
14.000000 215.411904 234.084055 196.739754
14.100000 214.398633 233.155977 195.641290
14.200000 213.378734 232.225104 194.532364
14.300000 212.352727 231.293177 193.412278
14.400000 211.321097 230.362144 192.280050
14.500000 210.284285 229.434190 191.134379
14.600000 209.242675 228.511750 189.973600
14.700000 208.196590 227.597530 188.795650
14.800000 207.146273 226.694519 187.598027
14.900000 206.091881 225.806001 186.377761
