2.000000 15853159.240067
2.100000 15794057.797246
2.200000 15722657.696714
2.300000 15646000.165571
2.400000 15577718.557923
2.500000 15503573.522602
2.600000 15443447.314051
2.700000 15390878.557177
2.800000 15348722.038750
2.900000 15308753.163649
3.000000 15274556.783566
3.100000 15244686.904152
3.200000 15220145.173542
3.300000 15196027.281187
3.400000 15172969.828307
3.500000 15150963.005601
3.600000 15131022.200568
3.700000 15111649.251937
3.800000 15091923.497442
3.900000 15071122.299053
4.000000 15051759.498214
4.100000 15036985.894872
4.200000 15023801.033456
4.300000 15010825.841514
4.400000 14997303.706905
4.500000 14984384.876775
4.600000 14973364.930171
4.700000 14964598.108609
4.800000 14956501.929597
4.900000 14948770.792301
5.000000 14941232.121250
5.100000 14933755.686361
5.200000 14926508.274542
5.300000 14920079.703798
5.400000 14914516.923160
5.500000 14909267.917091
5.600000 14903914.562340
5.700000 14899341.362549
5.800000 14889401.720113
5.900000 14885818.680096
6.000000 14882860.294589
6.100000 14880442.922923
6.200000 14878652.424542
6.300000 14874295.040594
6.400000 14871926.864530
6.500000 14869569.997731
6.600000 14864306.857356
6.700000 14860818.684339
6.800000 14859286.023645
6.900000 14861841.608274
7.000000 14862250.365328
7.100000 14860772.807433
7.200000 14860062.577450
7.300000 14859274.627339
7.400000 14858929.815912
7.500000 14858420.379461
7.600000 14857871.906307
7.700000 14857631.933038
7.800000 14857479.655904
7.900000 14857222.365334
8.000000 14857064.892674
8.100000 14856982.108431
8.200000 14856961.626846
8.300000 14856997.257653
8.400000 14857084.180379
8.500000 14857217.504461
8.600000 14857391.407447
8.700000 14857597.432127
8.800000 14857819.353521
8.900000 14858014.040361
9.000000 14858027.735164
9.100000 14857585.525224
9.200000 14857335.832285
9.300000 14857547.121363
9.400000 14857954.574575
9.500000 14858436.013140
9.600000 14858957.698161
9.700000 14859508.047923
9.800000 14860081.703566
9.900000 14860675.462433
10.000000 14861287.028724
10.100000 14861914.562218
10.200000 14862556.492149
10.300000 14863211.431001
10.400000 14863878.129894
10.500000 14864555.452685
10.600000 14865242.359130
10.700000 14865937.892753
10.800000 14866641.171394
10.900000 14867351.379444
11.000000 14868067.761251
11.100000 14868789.615439
11.200000 14869516.289943
11.300000 14870247.177672
11.400000 14870981.712692
11.500000 14871719.366854
11.600000 14872459.646820
11.700000 14873202.091410
11.800000 14873946.269243
11.900000 14874691.776617
12.000000 14875438.235599
12.100000 14876185.292296
12.200000 14876932.615278
12.300000 14877679.894144
12.400000 14878426.838193
12.500000 14879173.175216
12.600000 14879918.650361
12.700000 14880663.025094
12.800000 14881406.076226
12.900000 14882147.595011
13.000000 14882887.386296
13.100000 14883625.267736
13.200000 14884361.069054
13.300000 14885094.631345
13.400000 14885825.806425
13.500000 14886554.456223
13.600000 14887280.452204
13.700000 14888003.674827
13.800000 14888724.013041
13.900000 14889441.363800
14.000000 14890155.631618
14.100000 14890866.728138
14.200000 14891574.571736
14.300000 14892279.087141
14.400000 14892980.205075
14.500000 14893677.861925
14.600000 14894371.999416
14.700000 14895062.564320
14.800000 14895749.508165
14.900000 14896432.786974
15.000000 14897112.361010
