7.694504 105.412592
8.377602 117.784743
7.750969 106.919013
8.178497 117.458915
7.682968 108.710552
8.552010 112.816454
7.963783 107.637286
8.157280 111.292010
7.825584 105.918348
8.953720 117.369343
8.463844 114.904876
7.810295 103.471316
8.432190 113.760041
8.268013 110.492497
7.725128 106.666756
8.321869 115.130854
7.891479 109.446182
8.413330 113.630139
8.652580 110.337728
8.116058 113.635318
8.268013 110.492497
7.885712 105.273586
8.603096 111.891643
8.121964 108.651527
8.054855 105.909987
7.759460 102.396163
7.658272 105.843102
8.084312 108.588977
8.524429 115.359609
8.347115 111.544114
8.288292 112.415294
7.760124 106.178393
7.718285 105.649659
8.451828 114.627500
8.137321 113.037487
9.232933 122.858037
8.165314 110.541253
8.578445 120.725553
7.884521 105.693925
8.119148 111.816217
8.310127 108.837982
7.696266 104.950237
8.210884 111.489323
7.861588 105.893352
7.752914 103.111510
8.120270 111.894082
8.261467 113.274292
9.219498 125.096489
7.759460 102.396163
7.698578 109.763347
7.832336 107.868352
8.016106 108.777766
8.107933 112.180547
8.027023 107.876566
8.551460 116.033791
8.187607 111.662025
7.944443 103.561268
8.298523 111.833203
9.011604 119.719684
8.056137 114.288201
7.707458 102.924087
7.725105 108.250064
8.537727 119.382047
7.674934 105.467162
8.452332 114.305066
7.605103 107.039737
7.762939 103.108707
8.340179 113.517323
8.220818 110.964541
7.986237 108.866270
8.760590 116.092462
8.140984 112.186601
8.409462 111.881284
7.903427 109.688650
7.759460 102.396163
8.702454 121.315722
8.192711 111.096429
8.012100 109.709682
8.625961 118.590470
8.468491 117.429612
7.939110 108.083564
8.220818 110.964541
8.460091 115.272650
7.823387 106.319973
8.691811 118.359847
8.195984 114.415859
8.556793 115.283211
8.078224 110.667934
8.562057 115.694727
8.220566 113.415119
8.055817 113.757349
7.808075 106.918868
8.318848 117.405350
8.155975 114.205060
8.238281 112.961249
7.696884 106.367406
8.138603 111.712624
8.316399 114.199083
7.655113 103.826117
7.886559 109.050479
9.162941 123.411431
8.327866 112.162844
8.391518 117.023502
8.061584 113.823440
8.667961 121.340855
8.093056 113.214592
8.321251 109.387801
8.417633 114.826798
8.262978 110.979730
8.216858 107.821144
7.913887 108.807965
8.474510 114.645958
9.285278 128.233053
7.759895 103.702086
8.830650 116.391188
9.038589 124.451788
7.911873 109.752073
8.084106 109.870996
8.675995 125.429977
7.885368 105.570154
7.889511 106.126396
7.943047 104.744288
8.750427 118.891061
8.700417 119.882790
8.327866 112.162844
8.713646 120.355392
8.268013 110.492497
7.777451 109.018546
8.563797 116.902121
8.114067 110.414933
7.748291 107.025018
8.551117 117.296375
7.805992 107.789207
7.918625 104.265688
7.884521 105.693925
8.692337 119.831602
8.551460 116.033791
8.306831 110.732430
7.997177 111.254780
7.673630 105.815421
9.069946 121.249371
8.140984 112.186601
8.558945 121.021600
9.285278 128.233053
9.189262 124.366762
8.426537 120.135774
8.310127 108.837982
8.076187 111.823237
8.396851 114.608754
7.788803 105.410211
8.457504 113.161382
8.503235 118.546365
7.816933 109.730589
7.810295 103.471316
7.716133 106.232408
8.783409 117.225348
8.417336 117.577721
7.763809 105.054657
7.657608 104.163151
8.061584 113.823440
8.138603 111.712624
7.969643 108.921257
7.920090 106.813152
8.393738 119.600819
8.063828 114.608421
7.765251 105.051987
8.040596 110.853873
8.078339 109.706233
7.809837 107.402131
8.543633 114.392979
8.721497 118.740717
7.645065 106.465203
8.195572 108.966546
7.685944 106.765888
7.954079 105.897613
8.633881 112.766973
8.754387 119.979593
7.705673 102.515881
7.709175 105.697305
8.340179 113.517323
8.563568 116.677644
8.500328 113.517827
7.675873 103.622197
8.003586 110.409423
8.108688 111.546921
8.078339 109.706233
7.690132 108.581365
8.610649 118.496387
9.031311 123.393100
7.961128 107.780882
8.172066 111.765735
8.198868 112.967267
7.669693 104.461992
8.238281 112.961249
8.070168 112.077903
8.915245 121.180775
9.114349 126.474289
8.131348 109.257645
8.788147 117.446587
8.273186 108.328232
7.968132 110.816471
8.269615 112.736382
7.667725 107.012158
8.106239 109.112264
8.375725 114.123296
8.399712 113.535074
7.922585 110.390852
7.902214 111.355747
7.964401 111.434125
8.347115 111.544114
8.176369 109.234745
8.256020 114.353297
8.051491 111.915267
8.003952 112.814260
9.153923 125.760301
8.342583 114.658213
8.260826 112.965913
8.353088 114.030977
8.311546 113.908744
8.513855 115.565242
7.670013 107.507191
7.736412 108.076991
8.204384 108.787584
8.106239 109.112264
8.315918 116.440038
8.459908 111.165167
8.613350 118.180464
8.379662 115.401257
8.321388 111.742505
8.616692 117.363900
8.084312 108.588977
8.523125 115.835419
8.794670 119.275946
8.016106 108.777766
8.214363 113.208769
7.918625 104.265688
7.865501 109.030752
8.721497 118.740717
9.155869 122.408084
7.652458 103.344301
8.513855 115.565242
8.021210 106.911530
8.646767 116.469108
8.142792 108.295124
8.010681 106.371988
8.990845 125.626742
7.257751 101.641644
7.910202 108.547851
8.493484 115.866122
8.193649 111.080454
9.039894 121.572153
8.774368 119.991797
8.261467 113.274292
8.713646 120.355392
9.066605 120.851938
7.855957 106.293073
8.551117 117.296375
8.362953 113.416990
8.198868 112.967267
8.436493 108.456640
8.101501 116.063161
8.126770 110.713328
7.735725 109.014360
8.021576 109.990171
8.516029 116.396999
8.620308 119.319281
8.493484 115.866122
8.603096 111.891643
8.737724 111.628003
8.862808 120.525253
8.860222 122.119322
8.490990 111.884641
7.651840 106.099622
8.155975 114.205060
7.913704 108.432504
8.316399 113.393890
8.052658 106.532453
8.420929 110.773745
8.281906 113.110018
8.045425 110.263811
8.076187 111.823237
8.881485 120.110256
8.451828 114.627500
7.966873 110.042508
8.466156 111.701598
8.288292 112.415294
8.474510 114.645958
8.417633 114.826798
7.667725 107.012158
8.458054 113.866841
7.927505 105.430589
8.131348 109.257645
8.153046 113.148400
8.543633 114.392979
7.698051 103.578742
8.339172 110.059629
8.417313 114.201233
8.652580 110.337728
8.078224 110.667934
8.298523 111.833203
8.420929 110.773745
8.452332 114.305066
8.476341 114.333931
7.782486 106.938268
8.456291 115.157279
8.754387 119.979593
8.138557 108.822850
8.608658 116.102573
8.221825 111.143144
7.756714 108.716656
8.177307 113.213466
8.575447 117.970920
8.337135 114.143250
8.187012 113.027242
7.843025 107.065353
8.672699 117.189427
8.476776 113.395129
8.964798 118.379522
8.441620 111.781847
8.283577 112.806750
7.739479 109.993247
7.760124 106.178393
7.666718 108.173111
8.138557 108.822850
8.742256 115.852580
8.196739 108.685538
8.476295 113.721214
8.259132 111.860646
8.476776 113.395129
8.063828 114.608421
8.172180 114.412393
8.476295 113.721214
8.321388 111.742505
8.310127 108.837982
8.543633 114.392979
8.224022 108.121393
8.054855 105.909987
8.760590 116.092462
8.116058 113.635318
7.870743 104.155190
8.650475 119.773849
8.476776 113.395129
8.962143 121.191409
7.956001 110.526301
8.337570 109.572113
7.666718 108.173111
7.790039 107.447300
8.163139 113.339527
8.281906 113.110018
8.783409 117.225348
7.662712 106.199444
8.406281 113.335316
7.889511 106.126396
8.402824 112.737914
8.362953 113.416990
9.242912 123.112437
8.102829 112.738020
7.647148 105.540450
7.644127 101.997459
7.967148 111.139620
8.480255 117.650050
8.562057 115.694727
9.219498 125.096489
8.261467 113.274292
8.563568 116.677644
8.522118 117.644758
9.162941 123.411431
7.798599 102.581651
7.928490 107.203239
8.192642 116.427437
8.647133 120.893215
8.830650 116.391188
8.297333 117.168343
8.551460 116.033791
7.683929 104.822390
8.261467 113.274292
7.997314 110.044015
9.189583 127.593942
8.038490 106.455438
7.601120 102.492351
7.759460 102.396163
9.363190 122.268954
8.893936 127.291510
7.646187 105.868236
8.198044 111.600048
8.672768 119.398227
8.367073 113.617161
8.045357 112.382206
7.783562 107.270448
8.199142 114.374339
7.859024 107.767199
8.276917 115.249079
8.114067 110.414933
7.710022 106.083686
7.981522 110.239580
8.181473 114.434415
8.187790 115.526357
8.142792 108.295124
8.192711 111.096429
8.402824 112.737914
7.732796 105.207483
7.990150 108.173182
8.106239 109.112264
9.219498 125.096489
8.742256 115.852580
8.337570 109.572113
8.038490 106.455438
8.402824 112.737914
8.530884 118.647915
7.760124 106.178393
8.316399 114.199083
8.327866 112.162844
7.961037 108.010099
8.030663 109.395540
8.210129 108.453496
8.466156 111.701598
8.516029 116.396999
7.716133 106.232408
8.420677 115.036787
8.021347 109.621993
8.713646 120.355392
8.877022 118.521850
8.177307 113.213466
7.713043 105.601649
8.933762 118.495923
8.056847 107.136452
8.319649 117.874019
7.662758 105.736241
8.138603 109.965036
7.767265 104.609108
8.242905 110.730981
8.881485 120.110256
8.593643 117.051885
8.062935 111.637249
8.220566 113.415119
8.606026 116.887525
7.943825 107.040377
8.394745 115.215487
8.333611 109.947653
7.884521 105.693925
7.789261 105.972981
8.213127 109.817557
8.627747 115.620129
8.551117 117.296375
8.078339 109.706233
7.713043 105.601649
7.928513 111.120240
9.239342 132.343607
8.096809 110.883118
7.809837 107.402131
8.662674 118.858068
8.220818 110.964541
8.672699 117.189427
8.413330 113.630139
8.019196 108.874120
8.096809 110.883118
8.213127 109.817557
8.380440 117.197200
8.273186 108.328232
7.670151 106.745261
8.267395 109.323802
7.809837 107.402131
8.078339 109.706233
7.781342 111.266989
7.916656 106.967631
8.270531 112.053328
8.220818 110.964541
7.805534 110.461083
7.765251 105.051987
7.675873 103.622197
8.315552 111.725336
7.670013 107.507191
7.916656 106.967631
8.453934 114.247598
8.456291 115.157279
8.012100 109.709682
7.695717 106.517397
7.674934 105.467162
9.011604 119.719684
7.934509 109.164668
7.810295 103.471316
7.921555 109.333612
8.530083 119.262853
8.092575 110.726335
7.648087 103.976216
7.816933 109.730589
7.601120 102.492351
8.358238 116.027537
8.785194 121.175931
7.610962 107.031657
8.056137 114.288201
7.651199 109.968099
8.230568 112.550010
8.432190 113.760041
8.915245 121.180775
8.138557 108.822850
8.327866 112.162844
8.933762 118.495923
8.179848 110.601164
7.601120 102.492351
7.670517 104.122670
7.760124 106.178393
8.249931 112.717515
7.358528 100.870590
8.045357 112.382206
7.676033 105.791965
7.990906 107.991068
7.705673 102.515881
8.473503 114.968649
8.193649 111.080454
8.454117 114.230732
8.647705 117.357736
8.962143 121.191409
7.712013 105.876770
7.919037 110.535660
8.213127 109.817557
8.877022 118.521850
9.363190 122.268954
8.010681 106.371988
8.608658 116.102573
8.268013 110.492497
8.886589 118.384482
7.979370 110.140002
8.299759 110.941560
7.279953 102.822074
8.005737 109.244728
8.293213 109.959903
9.210022 125.160185
9.219498 125.096489
8.446999 113.920076
8.677666 116.510061
8.214363 113.208769
8.052017 109.255680
8.227776 114.417881
8.138603 109.965036
8.051491 111.915267
8.475952 113.270071
8.182961 114.043362
8.210129 108.453496
9.283241 119.753412
7.664658 103.659828
8.406097 114.210531
8.785011 121.379664
8.751091 117.146253
8.660408 122.836208
8.299759 110.941560
8.030159 110.272147
8.673317 119.870354
8.851433 121.734191
8.662674 118.858068
8.402824 112.737914
8.476295 113.721214
8.213127 109.817557
8.298523 111.833203
8.192642 116.427437
7.899994 106.199810
8.260826 112.965913
7.746780 105.728494
7.956985 107.127287
8.069138 113.430660
8.277191 110.395274
8.130341 111.939215
8.056137 114.288201
7.736412 108.076991
8.621979 115.308205
8.322945 114.180156
8.301888 112.254251
8.175865 108.435459
7.966873 110.042508
8.546654 114.513005
8.058403 110.473788
8.250092 112.504673
8.646767 116.469108
8.435303 113.630663
7.919861 107.394528
7.673630 105.815421
8.984665 120.782718
7.652458 103.344301
8.045425 110.263811
7.908005 109.436642
8.474213 119.609531
8.214363 113.208769
9.211899 122.575192
7.655113 103.826117
7.949867 106.975208
8.543633 114.392979
8.751137 116.790644
8.874252 121.907973
8.310791 110.207577
8.211571 111.669214
8.335854 112.880791
8.368629 114.560901
8.542557 115.854038
8.713646 120.355392
8.503143 116.486660
8.456955 109.964467
8.080719 112.485245
8.087196 106.280308
8.700714 116.650486
8.079323 107.329323
7.865501 109.030752
8.246910 113.307216
7.659737 109.105048
7.835197 109.312519
7.735542 104.932809
8.604767 112.266208
8.476776 113.395129
7.655113 103.826117
9.210022 125.160185
8.398865 114.996771
8.610397 119.502123
8.558945 121.021600
8.691811 118.359847
7.652458 103.344301
8.063736 106.706446
8.750427 118.891061
8.260826 112.965913
8.159935 112.585444
8.406281 113.335316
8.268013 110.492497
7.912125 107.265944
8.551460 116.033791
7.659508 105.051788
8.862808 120.525253
8.379639 116.287566
7.674843 107.192079
8.058403 110.473788
8.267395 109.323802
8.561600 121.605311
7.673630 105.815421
7.666718 108.173111
8.702454 121.315722
8.402824 112.737914
8.045425 110.263811
8.513145 116.692305
8.563797 116.902121
8.070328 110.334197
8.247505 111.507404
7.872231 111.641667
8.021576 109.990171
8.153046 113.148400
8.570686 118.984206
8.561394 119.132561
7.987793 110.564001
8.563568 116.677644
8.751137 116.790644
8.052658 106.532453
8.817032 120.731670
8.375725 114.123296
7.681297 106.149553
7.856094 108.687948
7.858818 107.638328
7.756714 108.716656
8.443245 113.541304
8.195984 114.415859
8.179939 115.945692
7.746185 108.327731
8.032150 112.026785
8.578445 120.725553
7.666718 108.173111
8.311546 113.908744
8.136566 110.729256
7.644905 107.201701
7.279953 102.822074
8.230568 112.550010
8.764961 119.862288
7.736893 104.926015
8.541595 118.173875
7.961037 108.010099
9.283241 119.753412
8.276917 115.249079
8.450066 119.596873
7.808075 106.918868
8.446999 113.920076
7.651840 106.099622
8.009995 110.701741
8.677666 116.510061
8.427795 117.270642
7.824509 108.416291
7.659508 105.051788
7.381714 101.934106
7.997177 111.254780
8.061287 111.988945
8.751137 116.790644
8.334366 108.744503
8.179848 110.601164
8.047165 113.177900
9.155869 122.408084
8.119148 111.816217
8.542648 115.097645
8.551117 117.296375
8.844223 123.025379
8.702156 121.242056
8.140892 113.445894
7.610962 107.031657
8.700371 120.962667
8.052750 107.115613
7.832336 107.868352
8.597420 113.342691
8.360985 113.423619
8.407104 114.645387
7.842316 104.602141
8.458878 115.369142
8.461189 117.039474
8.783409 117.225348
7.994316 106.623393
8.316971 116.846830
8.597420 113.342691
7.728310 105.705796
8.837585 124.266370
8.391518 114.491718
8.516029 116.396999
9.121078 120.661545
7.622932 104.520891
8.917603 120.538448
8.178497 117.458915
7.824509 108.416291
8.577507 117.440780
8.390511 114.104979
7.816658 103.184271
8.436836 111.468868
8.357666 120.880483
8.298523 111.833203
7.865501 109.030752
7.839066 107.159227
8.815178 118.822039
7.710503 105.236408
8.327866 112.162844
9.219498 125.096489
7.680862 101.138980
8.343704 118.162924
7.739479 109.993247
8.005737 109.244728
8.310127 108.837982
8.739693 121.065707
8.535690 117.063833
7.646187 105.868236
8.672699 117.189427
8.463844 114.904876
7.722244 105.818310
9.222153 118.095833
8.391518 114.491718
7.928329 108.217084
8.198868 112.967267
8.475952 113.270071
8.262978 110.979730
9.039894 121.572153
7.816658 103.184271
7.997314 110.044015
8.220566 113.415119
8.362953 113.416990
8.753975 116.669855
8.052017 109.255680
7.973946 106.786889
8.003540 110.518635
7.958748 110.926225
7.932495 112.026248
8.182961 114.043362
8.463844 114.904876
9.239342 132.343607
7.958748 110.926225
8.087196 106.280308
8.437889 118.113379
7.676971 106.216018
8.700714 116.650486
8.071587 107.795352
8.721497 118.740717
8.357666 120.880483
7.963783 107.637286
9.073997 124.477639
7.805992 107.789207
8.672699 117.189427
8.357666 120.880483
8.543633 114.392979
8.606873 124.462978
7.785324 105.236812
7.648087 103.976216
8.866356 117.776231
8.052017 109.255680
7.777451 109.018546
7.720642 106.576282
8.866356 117.776231
7.952202 106.096826
8.040619 108.139012
8.459221 113.178926
8.193649 111.080454
8.205505 109.033368
8.052658 106.532453
8.106239 109.112264
7.764702 105.946076
7.997177 111.254780
7.872231 111.641667
8.179184 112.993379
8.561394 119.132561
8.011757 107.975627
8.173233 109.328521
7.645271 105.638303
8.182961 114.043362
8.260826 112.965913
8.233658 115.850198
8.311295 116.827208
8.238098 113.514352
7.921555 109.333612
7.921555 109.333612
7.674843 107.192079
8.052658 106.532453
8.398865 114.996771
8.071587 107.795352
7.746780 105.728494
7.639526 102.772297
7.739983 106.956100
8.425598 113.599312
8.217339 110.864766
7.732864 108.790420
8.269341 110.407627
8.242905 110.730981
8.312553 115.038699
8.470299 116.761919
8.422279 112.121742
8.520424 117.576239
9.152435 121.953334
8.817032 120.731670
7.744583 107.456509
7.759895 103.702086
7.947327 106.926286
8.367073 113.617161
8.078339 109.706233
8.284126 116.494934
8.321869 115.130854
7.741013 107.661591
8.332764 109.386114
8.406097 114.210531
7.547493 104.996865
8.136566 110.729256
8.100334 114.173191
8.019196 108.874120
8.359657 113.506774
7.919037 110.535660
7.870491 109.662851
7.717415 104.858001
7.872231 111.641667
9.152435 121.953334
8.089554 109.932059
9.189583 127.593942
8.915245 121.180775
8.379639 116.287566
8.206627 116.575744
8.505295 111.629897
7.998871 107.599657
8.223633 105.853359
8.463844 114.904876
8.437889 118.113379
8.377602 117.784743
8.804169 121.384185
8.681763 114.641329
8.142815 108.108652
8.561600 121.605311
8.315918 116.440038
8.230568 112.550010
8.362953 113.416990
8.764961 119.862288
7.926636 108.887210
8.538414 117.146973
7.764702 105.946076
8.299873 110.690700
8.076187 111.823237
9.153831 119.416844
8.441620 111.781847
7.659508 105.051788
8.663933 114.976367
8.804077 114.717582
7.723320 104.866189
9.153831 119.416844
7.910202 108.547851
8.563385 119.840212
8.437889 118.113379
7.875458 106.281320
9.152435 121.953334
7.926636 108.887210
8.329605 116.009317
9.078323 126.208189
7.676903 107.295424
7.996101 111.560694
7.746780 105.728494
8.250092 112.504673
7.961128 107.780882
7.257751 101.641644
8.138603 109.965036
8.667961 121.340855
8.329605 116.009317
7.930138 110.242291
8.130341 111.939215
7.705673 102.515881
8.224022 108.121393
8.056847 107.136452
9.069946 121.249371
7.717598 106.796444
7.956985 107.127287
8.337570 109.572113
7.769714 107.578493
7.670013 107.507191
8.530884 118.647915
8.535690 117.063833
8.356453 113.831210
7.954147 103.429701
8.070328 110.334197
8.440750 120.372880
8.210884 111.489323
8.366753 112.420014
8.175865 108.435459
7.967148 111.139620
9.066605 120.851938
8.331642 113.456090
8.458878 115.369142
8.221825 111.143144
8.081749 109.196116
7.936844 111.715574
8.172180 114.412393
8.490990 111.884641
8.199005 109.871025
9.080086 125.143594
8.052750 107.115613
8.227776 114.417881
8.337135 114.143250
9.211899 122.575192
8.606873 124.462978
8.601677 120.305046
8.193008 108.033265
7.744583 107.456509
8.524429 115.359609
7.934509 109.164668
9.051636 126.492680
8.052017 109.255680
8.669357 111.769634
7.639526 102.772297
8.365128 110.339452
7.928490 107.203239
7.895668 110.400541
9.038223 121.080860
8.753975 116.669855
8.662674 118.858068
8.305092 115.701094
8.468491 117.429612
8.420929 110.773745
8.420677 115.036787
8.746193 123.417004
9.162941 123.411431
7.736412 108.076991
8.784691 121.444592
7.717598 107.356064
7.696815 108.466520
9.189583 127.593942
8.652580 110.337728
8.093948 107.864328
7.719383 103.743193
8.139084 104.968291
7.998390 110.670335
7.671936 105.484119
8.157280 111.292010
7.928490 107.203239
8.087952 111.107449
7.872231 111.641667
8.575447 117.970920
8.179939 115.945692
7.858589 108.078059
8.163139 113.339527
7.666718 108.173111
8.443245 113.541304
7.949867 106.975208
7.718285 105.649659
7.706589 102.475397
7.675873 103.622197
8.365265 112.728523
8.459908 111.165167
8.063828 114.608421
8.108688 111.546921
8.932983 126.133687
8.474213 119.609531
8.702454 121.315722
8.301888 112.254251
8.031693 109.418689
8.035698 109.813597
8.616394 121.489150
7.961357 108.312353
8.530884 118.647915
8.148216 109.958303
8.379982 115.898425
8.055817 113.757349
8.306831 112.843934
8.474510 114.645958
8.268013 110.492497
8.541595 118.173875
7.655113 103.826117
8.267395 109.323802
7.930138 110.242291
7.622932 104.520891
8.458878 115.369142
8.242905 110.730981
8.877022 118.521850
7.642891 100.567821
