2.000000 165.781023 172.890187 158.671859
2.100000 167.871965 174.863506 160.880424
2.200000 169.931294 176.812380 163.050208
2.300000 171.959010 178.736983 165.181036
2.400000 173.955113 180.637477 167.272748
2.500000 175.919602 182.514009 169.325196
2.600000 177.852479 184.366711 171.338248
2.700000 179.753743 186.195694 173.311792
2.800000 181.623394 188.001050 175.245737
2.900000 183.461431 189.782844 177.140019
3.000000 185.267856 191.541115 178.994598
3.100000 187.042668 193.275875 180.809461
3.200000 188.785867 194.987105 182.584628
3.300000 190.497452 196.674759 184.320146
3.400000 192.177425 198.338757 186.016093
3.500000 193.825785 199.978992 187.672577
3.600000 195.442531 201.595327 189.289735
3.700000 197.027665 203.187599 190.867731
3.800000 198.581185 204.755617 192.406754
3.900000 200.103093 206.299171 193.907015
4.000000 201.593387 207.818028 195.368747
4.100000 203.052069 209.311939 196.792199
4.200000 204.479138 210.780641 198.177634
4.300000 205.874593 212.223860 199.525326
4.400000 207.238435 213.641314 200.835557
4.500000 208.570665 215.032715 202.108614
4.600000 209.871281 216.397775 203.344787
4.700000 211.140285 217.736205 204.544365
4.800000 212.377675 219.047717 205.707634
4.900000 213.583453 220.332029 206.834877
5.000000 214.757617 221.588864 207.926370
5.100000 215.900168 222.817954 208.982383
5.200000 217.011107 224.019038 210.003175
5.300000 218.090432 225.191865 210.989000
5.400000 219.138144 226.336192 211.940097
5.500000 220.154244 227.451790 212.856698
5.600000 221.138730 228.538437 213.739023
5.700000 222.091603 229.595924 214.587282
5.800000 223.012863 230.624052 215.401674
5.900000 223.902511 231.622634 216.182388
6.000000 224.760545 232.591490 216.929600
6.100000 225.586966 233.530453 217.643479
6.200000 226.381774 234.439365 218.324183
6.300000 227.144969 235.318079 218.971860
6.400000 227.876552 236.166453 219.586650
6.500000 228.576521 236.984359 220.168682
6.600000 229.244877 237.771673 220.718081
6.700000 229.881620 238.528280 221.234960
6.800000 230.486750 239.254074 221.719426
6.900000 231.060267 239.948955 222.171579
7.000000 231.602171 240.612828 222.591514
7.100000 232.112462 241.245608 222.979316
7.200000 232.591140 241.847212 223.335068
7.300000 233.038205 242.417566 223.658844
7.400000 233.453657 242.956599 223.950715
7.500000 233.837496 243.464245 224.210747
7.600000 234.189722 243.940443 224.439001
7.700000 234.510335 244.385138 224.635531
7.800000 234.799335 244.798277 224.800392
7.900000 235.056722 245.179812 224.933631
8.000000 235.282496 245.529698 225.035293
8.100000 235.476656 245.847892 225.105420
8.200000 235.639204 246.134358 225.144050
8.300000 235.770139 246.389060 225.151218
8.400000 235.869461 246.611966 225.126956
8.500000 235.937170 246.803046 225.071293
8.600000 235.973265 246.962272 224.984259
8.700000 235.977748 247.089621 224.865876
8.800000 235.950618 247.185069 224.716167
8.900000 235.891875 247.248596 224.535154
9.000000 235.801518 247.280183 224.322853
9.100000 235.679549 247.279815 224.079283
9.200000 235.525967 247.247475 223.804458
9.300000 235.340771 247.183152 223.498391
9.400000 235.123963 247.086833 223.161093
9.500000 234.875542 246.958508 222.792575
9.600000 234.595507 246.798169 222.392845
9.700000 234.283860 246.605809 221.961910
9.800000 233.940599 246.381422 221.499777
9.900000 233.565726 246.125002 221.006450
10.000000 233.159239 245.836547 220.481932
10.100000 232.721140 245.516053 219.926226
10.200000 232.251427 245.163521 219.339334
10.300000 231.750102 244.778948 218.721256
10.400000 231.217163 244.362336 218.071991
10.500000 230.652612 243.913686 217.391537
10.600000 230.056447 243.433002 216.679893
10.700000 229.428670 242.920285 215.937055
10.800000 228.769279 242.375540 215.163018
10.900000 228.078275 241.798772 214.357779
11.000000 227.355659 241.189986 213.521331
11.100000 226.601429 240.549190 212.653669
11.200000 225.815586 239.876389 211.754784
11.300000 224.998131 239.171592 210.824670
11.400000 224.149062 238.434806 209.863318
11.500000 223.268380 237.666042 208.870719
11.600000 222.356086 236.865307 207.846864
11.700000 221.412178 236.032614 206.791742
11.800000 220.436657 235.167971 205.705343
11.900000 219.429523 234.271391 204.587656
12.000000 218.390776 233.342885 203.438668
12.100000 217.320417 232.382465 202.258368
12.200000 216.218444 231.390145 201.046743
12.300000 215.084858 230.365936 199.803780
12.400000 213.919659 229.309854 198.529464
12.500000 212.722847 228.221912 197.223782
12.600000 211.494422 227.102125 195.886720
12.700000 210.234384 225.950507 194.518262
12.800000 208.942733 224.767074 193.118392
12.900000 207.619469 223.551843 191.687096
13.000000 206.264593 222.304828 190.224357
13.100000 204.878103 221.026047 188.730158
13.200000 203.460000 219.715516 187.204483
13.300000 202.010283 218.373253 185.647314
13.400000 200.528954 216.999275 184.058634
13.500000 199.016012 215.593600 182.438424
13.600000 197.471457 214.156247 180.786667
13.700000 195.895289 212.687234 179.103344
13.800000 194.287508 211.186580 177.388436
13.900000 192.648114 209.654304 175.641924
14.000000 190.977107 208.090425 173.863789
14.100000 189.274487 206.494964 172.054010
14.200000 187.540253 204.867939 170.212568
14.300000 185.774407 203.209373 168.339442
14.400000 183.976948 201.519284 166.434612
14.500000 182.147876 199.797694 164.498058
14.600000 180.287191 198.044624 162.529758
14.700000 178.394892 196.260094 160.529691
14.800000 176.470981 194.444127 158.497835
14.900000 174.515457 192.596744 156.434170
