7.583 12.381 27.254 7.102 14.476 -1.338 2.189 -0.465
7.445 12.873 27.059 6.628 14.976 -1.296 2.700 -0.652
8.056 12.488 28.597 6.199 14.969 -0.676 2.558 -0.578
7.488 12.525 27.124 7.918 15.042 -1.191 2.809 -0.685
7.436 13.263 27.417 7.223 15.142 -0.991 2.618 -0.675
7.088 12.570 26.632 8.588 15.309 -1.446 2.815 -0.815
7.676 12.738 27.995 7.436 14.658 -1.282 2.392 -0.439
7.188 12.958 26.891 7.264 15.375 -1.264 2.750 -0.810
7.512 12.373 27.475 7.280 15.128 -1.216 2.859 -0.696
7.576 12.909 27.231 7.208 15.304 -1.447 2.997 -0.597
7.485 12.852 27.663 7.211 15.128 -1.207 2.758 -0.599
7.320 12.444 27.421 6.750 15.052 -1.247 2.806 -0.628
7.255 12.547 27.586 7.934 15.101 -0.918 2.881 -0.803
7.422 12.576 26.764 7.181 14.807 -1.512 2.574 -0.466
7.479 12.681 27.427 7.013 15.085 -1.134 2.783 -0.725
7.553 12.850 27.354 6.807 15.146 -1.504 2.864 -0.654
7.405 13.101 27.070 6.870 15.097 -1.046 2.752 -0.829
7.450 12.665 27.237 7.659 14.929 -1.379 2.486 -0.568
7.472 13.122 26.736 7.603 15.159 -0.855 2.738 -0.911
7.413 12.564 27.493 7.025 14.874 -1.299 2.659 -0.757
7.506 12.688 27.288 7.461 14.928 -1.388 2.734 -0.676
7.562 13.184 27.682 6.674 14.937 -1.047 2.530 -0.727
7.428 12.953 26.759 6.739 14.966 -1.319 2.780 -0.699
7.531 12.434 27.332 6.847 15.004 -1.346 2.606 -0.601
7.402 12.819 27.993 7.155 14.745 -1.326 2.327 -0.535
7.516 12.692 27.418 7.354 14.788 -0.948 2.251 -0.575
7.312 12.408 26.836 7.477 14.851 -1.568 2.429 -0.466
7.359 12.987 26.497 6.125 14.984 -1.402 2.641 -0.631
7.301 12.700 27.626 6.651 14.729 -1.041 2.474 -0.491
7.365 12.211 27.166 6.911 14.984 -1.124 2.595 -0.680
7.787 12.730 27.220 7.676 15.041 -1.085 2.637 -0.684
7.550 12.916 27.393 7.619 15.201 -1.221 2.676 -0.580
7.462 12.473 27.433 8.115 14.903 -1.390 2.632 -0.639
7.151 12.814 27.006 6.632 14.652 -1.678 2.432 -0.564
7.459 12.886 27.726 6.890 14.959 -1.013 2.760 -0.795
7.580 12.816 26.806 7.247 15.163 -1.012 2.908 -0.848
7.296 12.608 27.197 7.545 14.892 -1.641 2.391 -0.449
7.522 12.561 27.301 7.023 14.810 -1.476 2.475 -0.520
7.563 12.807 27.262 7.045 15.085 -0.979 2.542 -0.496
7.642 12.754 26.979 7.162 15.556 -0.709 2.996 -0.849
7.201 12.710 26.706 7.437 15.096 -1.346 2.873 -0.785
7.473 12.769 27.236 8.204 15.159 -1.128 2.786 -0.708
7.569 12.851 26.914 7.282 15.085 -1.009 2.554 -0.712
7.546 12.557 27.803 7.145 14.840 -0.893 2.655 -0.868
7.494 13.013 27.090 8.075 15.109 -0.998 2.690 -0.700
7.553 13.222 27.129 7.413 14.977 -1.326 2.555 -0.579
7.396 12.565 27.259 7.762 15.097 -1.338 2.663 -0.615
7.301 12.938 26.360 7.775 15.145 -1.650 2.641 -0.567
7.029 12.792 26.365 6.971 15.292 -1.617 2.865 -0.599
7.494 13.013 27.090 8.075 15.109 -0.998 2.690 -0.700
7.426 12.744 27.419 6.963 15.234 -1.193 2.861 -0.784
7.428 12.296 27.277 7.527 15.007 -1.135 2.636 -0.721
7.363 13.080 26.788 7.643 15.190 -0.908 2.764 -0.798
7.351 12.873 26.713 7.576 15.342 -0.723 2.775 -0.915
7.531 13.052 27.004 7.465 15.123 -1.190 2.705 -0.773
7.647 12.792 27.479 8.294 14.999 -0.760 2.613 -0.698
7.784 12.343 28.263 7.542 15.156 -0.698 2.866 -0.868
7.522 12.609 27.248 7.574 14.969 -1.128 2.468 -0.603
7.399 12.521 27.711 7.174 14.678 -1.120 2.539 -0.635
7.067 12.734 27.068 7.934 15.015 -1.435 2.784 -0.804
7.438 13.084 26.949 6.333 15.131 -1.137 2.850 -0.827
7.207 13.162 25.863 7.842 15.272 -1.417 2.886 -0.732
7.155 12.728 27.310 7.202 15.194 -1.522 2.729 -0.636
7.350 12.598 26.951 7.372 15.050 -1.336 2.828 -0.889
7.477 13.282 26.784 7.993 15.208 -1.092 2.767 -0.705
7.521 12.727 26.827 8.342 15.306 -1.381 2.700 -0.562
7.627 12.385 27.360 7.407 14.786 -1.078 2.440 -0.724
7.482 12.394 27.420 7.684 14.748 -1.405 2.637 -0.694
7.506 12.688 27.288 7.461 14.928 -1.388 2.734 -0.676
7.412 12.657 27.371 7.025 14.861 -1.362 2.659 -0.632
7.174 13.249 26.297 7.906 15.520 -0.918 3.038 -0.940
7.558 12.832 26.521 7.351 14.985 -1.103 2.534 -0.659
7.536 12.710 27.099 7.155 15.035 -0.769 2.769 -0.903
7.481 13.163 26.516 6.419 15.178 -1.828 2.743 -0.512
8.013 12.709 28.054 7.118 14.998 -0.651 2.317 -0.583
7.547 12.960 27.375 6.998 15.094 -1.532 2.769 -0.493
7.473 12.579 27.552 7.398 15.220 -0.797 2.672 -0.869
7.214 13.055 27.328 7.298 15.216 -1.177 2.812 -0.713
7.673 12.946 27.549 8.188 14.678 -1.128 2.426 -0.652
7.266 12.337 26.521 7.233 14.862 -1.515 2.712 -0.683
7.201 12.710 26.706 7.437 15.096 -1.346 2.873 -0.785
7.642 12.590 27.689 5.587 14.622 -1.199 2.282 -0.535
8.061 12.707 28.294 6.875 14.794 -0.787 2.502 -0.690
7.651 12.325 27.643 7.764 14.880 -1.443 2.440 -0.477
7.385 12.648 26.433 7.775 15.091 -1.644 2.560 -0.586
7.337 12.089 26.691 7.750 14.801 -1.487 2.476 -0.532
7.473 12.061 27.271 7.639 14.958 -1.252 2.597 -0.641
7.439 12.804 27.448 8.119 15.029 -1.025 2.348 -0.556
7.588 12.494 28.584 6.848 14.927 -0.658 2.499 -0.687
7.645 12.902 27.552 7.136 15.113 -0.741 2.620 -0.775
7.377 13.152 27.635 7.400 15.215 -1.384 2.719 -0.541
7.468 12.782 27.052 7.697 15.534 -1.117 3.324 -0.785
7.418 12.360 28.365 6.994 14.623 -1.239 2.316 -0.634
7.481 12.611 27.343 7.411 15.095 -0.880 2.747 -0.852
7.355 12.713 27.340 7.800 15.183 -1.099 2.847 -0.715
7.537 12.834 28.203 7.694 14.636 -0.742 2.495 -0.720
7.413 12.564 27.493 7.025 14.874 -1.299 2.659 -0.757
7.386 12.920 26.938 7.796 15.038 -1.205 2.544 -0.708
7.067 12.734 27.068 7.934 15.015 -1.435 2.784 -0.804
7.544 12.400 27.398 8.077 15.094 -1.009 2.895 -0.694
7.689 13.609 27.940 7.594 15.029 -0.981 2.347 -0.401
7.470 12.739 26.914 7.875 14.972 -1.386 2.637 -0.649
7.551 12.767 27.336 7.476 15.033 -0.923 2.643 -0.844
7.517 13.123 27.045 6.810 15.376 -1.189 2.796 -0.756
7.381 12.443 27.045 7.707 15.174 -1.243 2.786 -0.792
7.544 12.667 26.907 8.006 14.927 -1.802 2.629 -0.463
7.417 12.752 27.202 6.805 15.399 -0.603 2.926 -0.987
7.405 13.011 27.571 7.292 14.967 -1.124 2.798 -0.795
7.463 12.915 26.746 7.590 15.167 -1.337 2.904 -0.681
7.165 12.293 26.758 7.569 14.746 -1.552 2.611 -0.766
7.485 13.152 27.087 7.406 14.800 -1.473 2.323 -0.446
7.604 12.260 27.697 7.439 14.994 -0.563 2.650 -0.864
7.554 13.042 27.312 8.081 15.313 -0.953 2.905 -0.855
7.486 12.571 27.633 6.972 14.972 -0.958 2.447 -0.644
7.550 12.587 27.436 7.220 14.873 -0.672 2.514 -0.776
7.402 13.001 26.953 6.656 15.208 -1.145 2.739 -0.781
7.151 12.814 27.006 6.632 14.652 -1.678 2.432 -0.564
7.550 12.881 27.249 7.659 15.009 -1.080 2.708 -0.859
7.458 12.792 27.129 7.654 14.987 -1.608 2.727 -0.634
7.531 12.313 26.212 7.063 14.888 -1.411 2.520 -0.552
7.632 13.084 27.537 6.982 15.182 -1.076 3.033 -0.681
7.453 12.837 27.138 6.933 15.009 -0.995 2.780 -0.840
7.427 12.397 27.606 7.926 15.306 -1.060 3.099 -0.847
8.065 12.828 27.877 8.178 14.950 -0.780 2.465 -0.676
7.253 12.679 26.450 6.566 15.076 -1.356 2.664 -0.742
7.546 12.557 27.803 7.145 14.840 -0.893 2.655 -0.868
7.442 12.709 27.330 7.059 14.645 -1.525 2.169 -0.392
7.597 12.827 27.237 7.930 15.113 -1.012 2.697 -0.644
7.404 12.763 27.376 7.268 15.052 -1.190 2.854 -0.713
7.628 12.960 27.844 7.569 14.993 -1.242 2.563 -0.495
7.355 12.864 26.765 7.892 14.989 -1.366 2.618 -0.705
7.648 13.018 27.798 7.735 14.954 -1.016 2.558 -0.628
7.441 12.833 26.625 7.828 15.163 -1.264 2.934 -0.764
7.679 12.689 27.878 6.118 14.688 -1.247 2.401 -0.516
7.659 13.005 27.469 7.177 15.046 -1.104 2.553 -0.682
7.488 12.525 27.124 7.918 15.042 -1.191 2.809 -0.685
7.430 13.169 26.566 6.988 15.172 -1.352 2.897 -0.708
7.206 12.009 27.130 5.757 15.190 -1.110 2.911 -0.920
7.644 12.971 27.752 7.256 15.024 -0.890 2.669 -0.681
7.416 12.286 27.483 7.002 14.975 -1.407 2.751 -0.678
7.605 13.012 27.199 7.966 15.306 -1.062 2.633 -0.572
7.518 12.466 27.337 6.438 15.182 -0.832 2.931 -0.840
7.570 13.216 27.609 6.725 15.007 -1.205 2.700 -0.667
7.519 12.650 26.931 7.676 14.817 -1.194 2.367 -0.505
7.760 12.682 27.419 7.174 14.810 -1.187 2.328 -0.466
7.541 12.516 27.045 7.369 15.168 -1.276 2.669 -0.652
7.278 12.625 26.750 8.125 15.108 -1.522 2.670 -0.531
7.517 13.123 27.045 6.810 15.376 -1.189 2.796 -0.756
7.544 12.706 27.716 6.132 15.195 -0.779 2.552 -0.700
7.544 12.706 27.716 6.132 15.195 -0.779 2.552 -0.700
7.505 12.767 27.758 6.995 14.867 -0.964 2.539 -0.717
7.450 12.209 26.651 8.559 15.164 -1.579 2.777 -0.596
7.438 13.084 26.949 6.333 15.131 -1.137 2.850 -0.827
7.585 12.669 27.560 6.981 14.778 -1.347 2.428 -0.536
7.594 12.033 27.658 8.005 14.720 -1.017 2.413 -0.670
7.800 12.977 27.950 7.480 15.037 -0.417 2.639 -0.720
7.619 12.518 27.560 7.133 14.924 -1.372 2.668 -0.640
7.515 12.758 27.140 7.581 14.767 -1.281 2.377 -0.469
7.461 12.899 27.329 6.171 15.040 -0.877 2.507 -0.778
7.142 12.981 26.956 7.881 14.815 -1.410 2.542 -0.721
7.649 12.545 27.730 7.048 14.742 -1.377 2.469 -0.544
7.393 13.123 27.009 6.513 15.165 -1.044 2.688 -0.717
7.206 12.838 26.576 7.855 15.142 -1.153 3.114 -1.024
7.531 12.674 26.431 7.108 14.923 -1.328 2.707 -0.823
7.610 12.401 27.088 8.189 14.830 -1.425 2.552 -0.615
7.654 12.694 27.489 6.673 15.105 -0.883 2.688 -0.796
7.321 12.762 27.087 7.494 15.218 -1.050 2.840 -0.731
7.595 12.386 26.496 8.441 14.855 -1.615 2.468 -0.466
7.206 12.604 27.260 8.243 15.156 -1.138 2.843 -0.737
7.488 12.655 27.354 7.962 15.021 -1.336 2.807 -0.670
7.171 12.553 26.959 7.367 15.034 -1.645 2.838 -0.644
7.371 12.812 27.197 7.040 14.813 -1.457 2.638 -0.705
7.540 13.248 27.979 5.700 15.309 -0.630 2.887 -0.835
7.832 12.690 27.956 7.693 14.941 -0.833 2.407 -0.581
7.221 12.618 27.122 6.039 14.537 -1.514 2.252 -0.454
7.580 12.816 26.806 7.247 15.163 -1.012 2.908 -0.848
7.791 12.358 27.827 7.486 14.650 -1.009 2.331 -0.614
7.534 12.708 27.698 7.093 15.055 -0.738 2.653 -0.806
7.451 12.796 26.753 7.868 15.063 -1.389 2.575 -0.577
7.522 12.931 27.626 7.118 14.977 -1.039 2.461 -0.582
7.505 12.909 27.160 7.286 14.661 -1.379 2.318 -0.495
7.320 12.959 26.994 7.324 15.160 -1.337 2.669 -0.696
7.542 12.962 27.657 7.256 15.337 -1.224 2.710 -0.534
7.585 12.669 27.560 6.981 14.778 -1.347 2.428 -0.536
7.197 12.272 26.937 7.587 15.221 -1.413 2.883 -0.837
7.409 12.703 27.183 8.115 15.049 -1.182 2.606 -0.602
7.505 12.924 27.138 7.266 14.878 -0.916 2.794 -0.857
7.426 13.121 27.441 7.788 15.295 -0.682 2.820 -0.913
7.479 12.295 27.042 7.207 15.158 -1.409 2.819 -0.671
7.357 12.478 27.761 6.843 14.861 -1.123 2.630 -0.646
7.373 12.122 27.271 6.864 15.123 -1.070 2.650 -0.663
7.438 12.870 27.487 8.398 15.263 -0.620 2.846 -1.046
7.544 12.400 27.398 8.077 15.094 -1.009 2.895 -0.694
7.445 12.735 26.826 7.654 15.139 -0.911 2.688 -0.709
7.459 13.290 27.000 7.250 15.127 -1.335 2.601 -0.652
7.206 12.799 26.997 8.012 15.077 -1.044 2.670 -0.823
7.320 12.959 26.994 7.324 15.160 -1.337 2.669 -0.696
7.419 12.787 27.201 7.688 15.429 -1.080 2.916 -0.698
7.418 12.703 26.159 7.940 15.704 -0.657 3.169 -1.153
7.482 12.959 27.559 7.649 15.247 -1.012 2.817 -0.828
7.435 12.643 27.579 8.255 14.960 -1.300 2.813 -0.787
7.579 12.969 27.119 6.393 15.100 -1.332 2.832 -0.672
7.024 12.662 26.405 6.417 14.975 -1.849 2.459 -0.408
7.383 12.958 27.450 7.254 15.218 -0.636 2.743 -0.923
7.791 12.358 27.827 7.486 14.650 -1.009 2.331 -0.614
7.570 12.948 27.792 7.112 14.906 -1.218 2.722 -0.782
7.463 12.628 26.937 6.682 15.189 -1.332 2.681 -0.427
7.363 13.080 26.788 7.643 15.190 -0.908 2.764 -0.798
7.463 12.656 27.572 7.300 15.124 -0.862 2.800 -0.781
7.844 12.893 27.793 5.917 15.193 -0.977 2.759 -0.592
7.559 12.656 28.292 8.018 14.729 -0.908 2.370 -0.598
7.525 12.586 27.055 7.072 15.077 -0.943 2.598 -0.592
7.585 13.186 27.500 7.635 15.271 -1.067 2.656 -0.680
7.473 12.811 26.922 8.021 15.240 -0.889 2.948 -1.086
7.520 12.609 27.707 7.271 15.129 -1.028 2.863 -0.863
7.366 13.089 27.008 6.572 15.298 -0.903 2.868 -0.967
7.471 12.697 27.311 8.054 14.676 -1.624 2.371 -0.490
7.604 12.837 28.014 8.038 14.946 -1.325 2.651 -0.462
7.327 12.653 26.980 7.528 14.961 -1.285 2.749 -0.607
7.462 12.473 27.433 8.115 14.903 -1.390 2.632 -0.639
7.459 12.886 27.726 6.890 14.959 -1.013 2.760 -0.795
7.678 12.494 27.807 7.427 14.500 -1.114 2.342 -0.558
7.636 12.730 27.481 6.093 14.932 -1.003 2.602 -0.654
7.554 12.722 27.058 7.560 14.878 -1.392 2.710 -0.646
7.472 12.978 26.859 7.776 15.115 -1.135 2.776 -0.673
7.423 12.912 26.274 7.522 14.948 -1.599 2.604 -0.549
7.414 12.775 26.919 7.043 14.907 -0.758 2.516 -0.768
7.553 13.222 27.129 7.413 14.977 -1.326 2.555 -0.579
7.454 12.867 27.709 7.780 15.350 -0.675 2.922 -0.931
7.488 12.655 27.354 7.962 15.021 -1.336 2.807 -0.670
7.540 13.264 27.634 6.932 14.881 -0.942 2.266 -0.518
7.540 13.248 27.979 5.700 15.309 -0.630 2.887 -0.835
7.414 13.012 27.381 6.239 15.272 -0.803 2.940 -0.847
7.498 12.796 27.183 7.065 14.726 -1.452 2.516 -0.636
7.592 12.418 26.890 8.774 14.904 -1.476 2.605 -0.472
7.565 12.741 27.532 6.940 14.664 -1.010 2.397 -0.745
7.482 12.394 27.420 7.684 14.748 -1.405 2.637 -0.694
7.570 12.807 27.589 7.849 15.106 -1.125 2.534 -0.537
7.416 12.388 27.535 5.791 14.965 -0.979 2.569 -0.717
7.468 12.765 27.180 6.342 15.124 -1.176 2.917 -0.788
7.556 13.162 27.273 7.375 14.986 -1.082 2.612 -0.812
7.487 12.424 27.745 8.012 14.829 -1.003 2.658 -0.747
7.185 12.876 26.043 8.094 15.366 -1.624 2.948 -0.645
7.266 12.337 26.521 7.233 14.862 -1.515 2.712 -0.683
7.534 12.582 27.290 7.606 15.142 -0.666 2.555 -0.827
7.627 12.385 27.360 7.407 14.786 -1.078 2.440 -0.724
7.555 12.644 26.773 7.390 14.923 -1.464 2.615 -0.604
7.358 13.009 27.470 7.369 15.093 -0.998 2.616 -0.749
7.065 12.256 26.978 6.730 15.317 -1.203 2.832 -0.762
7.398 12.431 27.536 7.372 14.809 -1.168 2.396 -0.659
7.518 12.638 27.470 6.257 14.925 -0.739 2.647 -0.831
7.529 12.917 27.609 6.841 15.214 -0.773 2.770 -0.694
7.322 12.653 26.337 6.030 15.198 -1.495 2.852 -0.742
7.621 12.939 27.041 7.285 15.314 -0.935 2.836 -0.750
7.625 12.556 27.796 7.225 14.769 -0.948 2.606 -0.858
7.413 12.167 27.401 6.645 14.794 -1.288 2.595 -0.695
7.338 12.903 27.454 8.022 15.086 -1.464 2.808 -0.724
7.531 12.607 27.595 7.947 15.152 -1.042 3.025 -0.920
7.679 12.689 27.878 6.118 14.688 -1.247 2.401 -0.516
7.620 12.782 27.031 8.567 15.216 -0.941 2.547 -0.554
7.506 12.697 27.256 6.472 15.152 -1.329 2.780 -0.694
7.329 12.954 27.092 6.374 15.325 -0.793 2.635 -0.781
7.515 12.701 27.158 7.536 14.684 -1.586 2.352 -0.429
7.412 12.414 27.831 7.158 15.264 -0.723 3.036 -0.859
7.510 12.994 27.165 7.606 14.971 -1.065 2.478 -0.541
7.439 12.804 27.448 8.119 15.029 -1.025 2.348 -0.556
7.463 12.656 27.572 7.300 15.124 -0.862 2.800 -0.781
7.418 12.896 26.757 6.806 14.970 -1.484 2.573 -0.583
8.065 12.828 27.877 8.178 14.950 -0.780 2.465 -0.676
7.529 12.927 27.339 8.522 15.323 -0.918 2.946 -0.935
7.595 12.386 26.496 8.441 14.855 -1.615 2.468 -0.466
7.642 12.754 26.979 7.162 15.556 -0.709 2.996 -0.849
7.396 12.351 27.142 6.577 14.675 -1.050 2.506 -0.766
8.056 12.488 28.597 6.199 14.969 -0.676 2.558 -0.578
7.027 13.065 26.233 6.257 15.622 -1.104 3.108 -0.978
7.405 13.101 27.070 6.870 15.097 -1.046 2.752 -0.829
7.527 12.565 27.253 7.821 15.038 -1.442 2.684 -0.510
7.600 12.898 27.027 7.873 15.194 -0.908 2.759 -0.808
7.909 12.911 28.177 7.672 14.684 -0.853 2.326 -0.577
7.479 13.147 27.105 8.445 15.120 -1.278 2.853 -0.600
7.574 12.740 27.850 7.062 14.820 -0.962 2.707 -0.815
7.338 12.647 27.172 7.549 15.107 -0.970 2.587 -0.787
7.509 13.012 27.133 7.733 15.110 -1.244 2.604 -0.537
7.279 12.444 27.123 6.635 14.943 -1.278 2.706 -0.682
7.680 12.706 26.705 8.686 15.160 -0.906 2.620 -0.681
7.644 12.797 27.628 7.197 14.769 -0.744 2.395 -0.658
7.424 12.286 27.157 8.822 15.095 -1.067 2.645 -0.688
7.392 12.886 26.669 7.318 14.918 -1.227 2.486 -0.602
7.908 13.318 28.235 6.061 14.708 -0.857 2.376 -0.633
7.216 12.799 26.139 7.928 15.248 -1.553 2.860 -0.682
7.430 12.931 27.354 7.235 14.901 -1.301 2.586 -0.708
7.638 12.951 28.101 6.527 15.258 -0.824 2.809 -0.726
7.642 12.590 27.689 5.587 14.622 -1.199 2.282 -0.535
7.987 12.318 28.313 6.589 14.921 -0.888 2.554 -0.531
7.760 12.107 27.434 6.344 15.047 -0.714 2.645 -0.774
7.791 12.358 27.827 7.486 14.650 -1.009 2.331 -0.614
7.402 13.001 26.953 6.656 15.208 -1.145 2.739 -0.781
7.430 12.901 26.927 6.919 15.144 -1.116 2.629 -0.722
7.444 12.987 27.314 7.963 15.203 -0.942 2.784 -0.874
7.633 12.705 27.822 6.829 14.982 -1.010 2.485 -0.552
7.854 13.002 27.592 7.866 14.986 -0.496 2.557 -0.828
7.472 12.425 27.338 6.759 14.988 -0.755 2.530 -0.876
7.406 12.553 27.731 7.388 14.777 -1.341 2.525 -0.553
7.363 13.055 26.780 6.724 15.148 -1.430 2.607 -0.625
7.602 12.874 27.129 7.995 14.977 -1.557 2.634 -0.447
7.623 12.815 27.668 7.132 15.053 -0.658 2.433 -0.641
7.388 12.267 27.405 6.811 14.515 -1.351 2.303 -0.475
7.383 12.958 27.450 7.254 15.218 -0.636 2.743 -0.923
7.404 12.432 27.527 7.693 15.070 -1.281 2.501 -0.665
7.482 13.275 27.620 7.018 14.969 -1.226 2.775 -0.760
7.522 12.561 27.301 7.023 14.810 -1.476 2.475 -0.520
7.531 12.607 27.595 7.947 15.152 -1.042 3.025 -0.920
7.198 12.708 26.648 7.238 15.271 -1.486 2.955 -0.745
7.648 12.766 27.680 6.505 15.026 -1.047 2.848 -0.735
7.510 12.755 27.151 6.973 15.291 -1.179 3.153 -0.836
7.527 12.738 27.090 8.465 15.130 -1.220 2.793 -0.688
7.337 12.587 26.910 7.446 15.013 -1.192 2.784 -0.846
7.412 12.657 27.371 7.025 14.861 -1.362 2.659 -0.632
7.594 12.033 27.658 8.005 14.720 -1.017 2.413 -0.670
7.594 12.033 27.658 8.005 14.720 -1.017 2.413 -0.670
7.435 12.791 27.105 8.139 15.169 -1.189 2.497 -0.632
7.393 13.073 27.567 8.424 14.906 -0.850 2.367 -0.580
7.546 12.625 27.562 7.133 14.905 -1.020 2.575 -0.755
7.514 13.290 27.217 8.030 15.237 -1.115 2.917 -0.868
7.240 13.019 26.455 6.837 15.078 -1.128 2.558 -0.774
7.557 12.610 27.872 7.519 14.931 -0.915 2.534 -0.742
7.462 12.761 27.290 7.353 14.844 -1.370 2.681 -0.609
7.440 13.135 27.105 7.577 15.178 -1.281 2.606 -0.617
7.187 12.835 26.635 8.392 15.135 -1.398 2.857 -0.768
7.464 12.518 27.157 7.042 15.038 -1.261 2.648 -0.585
7.532 12.432 27.379 6.572 15.134 -0.615 2.801 -0.917
7.569 12.851 26.914 7.282 15.085 -1.009 2.554 -0.712
7.492 12.480 27.179 8.135 15.075 -0.895 2.863 -0.967
7.653 12.721 28.205 6.755 14.905 -0.881 2.521 -0.583
7.414 12.775 26.919 7.043 14.907 -0.758 2.516 -0.768
7.433 12.951 27.146 7.537 15.192 -1.217 2.798 -0.600
7.535 12.753 28.006 6.645 15.135 -0.789 2.728 -0.752
7.514 13.290 27.217 8.030 15.237 -1.115 2.917 -0.868
7.504 12.887 26.720 8.521 15.016 -1.575 2.720 -0.633
7.623 12.953 27.599 7.816 14.694 -1.042 2.489 -0.737
7.095 12.215 26.637 7.424 15.035 -1.357 2.589 -0.742
7.620 12.970 27.402 7.837 15.085 -1.166 2.547 -0.651
7.404 12.432 27.527 7.693 15.070 -1.281 2.501 -0.665
7.420 12.651 27.515 7.416 15.154 -1.153 2.834 -0.889
7.335 12.488 27.007 7.300 15.173 -1.118 2.740 -0.731
7.460 12.741 27.495 7.625 15.017 -1.324 2.713 -0.663
7.357 12.720 27.216 7.808 14.741 -1.377 2.394 -0.575
7.586 12.486 28.019 6.404 15.004 -0.741 2.718 -0.743
7.473 12.413 27.507 7.208 14.908 -1.069 2.617 -0.747
7.658 12.099 27.487 6.671 14.871 -1.092 2.567 -0.598
7.673 12.946 27.549 8.188 14.678 -1.128 2.426 -0.652
7.438 12.870 27.487 8.398 15.263 -0.620 2.846 -1.046
7.216 12.799 26.139 7.928 15.248 -1.553 2.860 -0.682
7.358 13.009 27.470 7.369 15.093 -0.998 2.616 -0.749
7.543 12.508 28.176 6.894 14.826 -0.842 2.806 -1.022
7.556 13.162 27.273 7.375 14.986 -1.082 2.612 -0.812
7.570 13.216 27.609 6.725 15.007 -1.205 2.700 -0.667
7.426 13.121 27.441 7.788 15.295 -0.682 2.820 -0.913
7.677 13.164 27.149 8.656 14.992 -1.202 2.394 -0.502
7.484 12.927 27.911 7.537 15.137 -0.877 2.959 -0.814
7.675 13.052 26.847 8.644 15.085 -1.167 2.537 -0.499
7.140 12.458 27.093 8.083 14.608 -1.571 2.159 -0.533
7.460 12.741 27.495 7.625 15.017 -1.324 2.713 -0.663
7.531 12.764 27.069 6.734 15.469 -1.044 2.945 -0.714
7.151 13.160 26.937 7.158 15.285 -1.037 2.906 -0.767
7.611 12.619 27.897 6.855 14.909 -0.890 2.551 -0.692
7.430 13.169 26.566 6.988 15.172 -1.352 2.897 -0.708
7.548 12.756 27.911 7.619 14.716 -0.793 2.275 -0.632
7.197 12.272 26.937 7.587 15.221 -1.413 2.883 -0.837
7.521 12.727 26.827 8.342 15.306 -1.381 2.700 -0.562
7.473 12.579 27.552 7.398 15.220 -0.797 2.672 -0.869
7.183 13.104 26.621 7.827 15.372 -1.289 2.951 -0.923
7.670 13.093 27.465 7.496 15.126 -0.710 2.548 -0.719
7.346 12.880 26.794 7.204 15.028 -1.517 2.760 -0.513
7.529 12.917 27.609 6.841 15.214 -0.773 2.770 -0.694
7.553 12.484 27.634 7.048 15.225 -0.506 2.751 -0.826
7.647 12.686 27.691 7.973 15.357 -0.374 2.765 -0.834
7.581 12.891 26.950 7.660 15.200 -1.217 2.644 -0.619
7.498 12.866 27.482 7.276 15.184 -1.030 2.867 -0.795
7.611 12.619 27.897 6.855 14.909 -0.890 2.551 -0.692
7.453 12.259 27.886 6.943 14.716 -1.565 2.630 -0.551
7.568 12.937 27.338 7.893 15.321 -0.547 2.913 -1.113
7.936 12.815 28.352 7.868 15.141 -0.101 2.688 -0.811
7.310 12.553 26.756 8.195 14.877 -1.834 2.680 -0.515
7.463 12.858 26.935 7.625 15.330 -1.105 2.845 -0.740
7.461 12.946 27.472 6.097 14.946 -1.379 2.565 -0.475
7.221 12.618 27.122 6.039 14.537 -1.514 2.252 -0.454
7.507 12.691 27.161 6.430 15.210 -1.323 2.921 -0.767
7.333 13.300 26.861 6.571 15.309 -1.323 2.880 -0.775
7.556 12.719 27.738 8.052 14.806 -0.758 2.469 -0.727
7.616 12.744 27.594 7.869 14.831 -0.977 2.516 -0.562
7.512 13.021 28.170 6.530 14.889 -0.733 2.795 -0.716
7.483 12.927 27.788 7.515 15.076 -0.689 2.784 -0.899
7.207 13.162 25.863 7.842 15.272 -1.417 2.886 -0.732
7.480 12.594 27.001 8.105 15.257 -1.016 2.833 -0.826
7.640 12.626 27.363 7.540 15.016 -1.256 2.830 -0.697
7.505 12.767 27.758 6.995 14.867 -0.964 2.539 -0.717
7.473 12.769 27.236 8.204 15.159 -1.128 2.786 -0.708
7.529 13.023 27.989 7.672 15.072 -0.800 2.568 -0.766
7.253 12.679 26.450 6.566 15.076 -1.356 2.664 -0.742
7.640 12.214 27.173 6.296 15.104 -1.222 2.685 -0.595
8.056 12.488 28.597 6.199 14.969 -0.676 2.558 -0.578
7.478 12.740 27.258 7.305 15.016 -1.662 2.849 -0.503
7.570 13.216 27.609 6.725 15.007 -1.205 2.700 -0.667
7.660 12.971 27.481 6.870 14.766 -1.048 2.219 -0.476
7.305 13.032 27.159 7.992 14.938 -1.283 2.516 -0.442
7.542 12.940 28.277 6.886 14.929 -1.050 2.796 -0.667
7.645 12.511 28.304 8.111 14.867 -0.985 2.701 -0.635
7.477 13.030 27.342 7.506 15.107 -1.131 2.770 -0.677
7.552 12.620 26.872 7.364 14.863 -1.392 2.564 -0.733
7.328 12.889 26.853 7.797 15.116 -1.329 2.649 -0.556
7.487 12.580 27.176 7.072 14.884 -1.186 2.614 -0.592
7.546 12.625 27.557 7.446 14.898 -1.027 2.373 -0.519
7.566 12.786 27.088 7.727 15.241 -1.004 2.783 -0.702
7.418 12.786 26.966 7.520 14.933 -1.032 2.541 -0.744
7.790 12.562 27.481 8.015 14.496 -1.547 2.299 -0.442
7.451 12.699 27.003 7.381 15.090 -1.073 2.583 -0.700
7.185 12.876 26.043 8.094 15.366 -1.624 2.948 -0.645
7.565 12.481 27.203 7.247 15.023 -0.813 2.683 -0.829
7.408 12.483 27.291 8.552 15.223 -1.340 3.090 -0.818
7.393 13.123 27.009 6.513 15.165 -1.044 2.688 -0.717
7.466 12.690 27.281 8.512 15.200 -1.338 2.774 -0.729
7.670 12.993 27.563 7.762 14.775 -1.233 2.393 -0.549
7.728 12.804 26.917 7.759 15.290 -1.069 2.582 -0.633
7.313 12.488 27.122 7.453 15.070 -1.113 2.692 -0.708
7.619 13.001 27.161 6.725 14.820 -1.335 2.359 -0.415
7.841 12.520 27.730 6.250 14.301 -1.017 2.093 -0.503
7.408 12.796 27.295 7.665 15.013 -1.344 2.848 -0.632
7.541 12.516 27.045 7.369 15.168 -1.276 2.669 -0.652
7.488 12.655 27.354 7.962 15.021 -1.336 2.807 -0.670
7.392 12.321 27.248 8.418 14.819 -1.417 2.609 -0.581
7.449 12.302 27.431 8.429 15.108 -0.900 2.876 -0.898
7.546 13.149 27.100 8.468 14.955 -1.204 2.668 -0.736
7.585 12.616 27.412 6.380 15.070 -1.126 2.602 -0.739
7.604 12.260 27.697 7.439 14.994 -0.563 2.650 -0.864
7.430 12.931 27.354 7.235 14.901 -1.301 2.586 -0.708
7.492 12.480 27.179 8.135 15.075 -0.895 2.863 -0.967
7.760 12.682 27.419 7.174 14.810 -1.187 2.328 -0.466
7.473 12.769 27.236 8.204 15.159 -1.128 2.786 -0.708
7.463 12.765 27.531 7.049 14.721 -1.237 2.273 -0.390
7.492 12.480 27.179 8.135 15.075 -0.895 2.863 -0.967
7.568 12.911 27.180 8.484 14.861 -1.383 2.501 -0.607
7.585 12.669 27.560 6.981 14.778 -1.347 2.428 -0.536
7.399 12.521 27.711 7.174 14.678 -1.120 2.539 -0.635
7.315 12.769 27.808 7.687 14.705 -1.214 2.458 -0.597
7.522 12.561 27.301 7.023 14.810 -1.476 2.475 -0.520
7.940 12.824 28.560 6.643 15.085 -0.470 2.691 -0.771
7.197 12.772 26.971 6.846 15.160 -1.599 2.652 -0.565
7.563 13.053 27.737 6.831 14.762 -1.050 2.175 -0.512
7.512 13.021 28.170 6.530 14.889 -0.733 2.795 -0.716
7.312 12.975 27.098 6.525 14.776 -1.395 2.560 -0.535
7.293 13.062 27.051 6.347 14.855 -1.264 2.280 -0.536
7.521 13.223 27.000 6.972 14.889 -1.419 2.544 -0.587
7.482 12.681 27.435 6.688 14.977 -0.991 2.605 -0.895
7.436 13.263 27.417 7.223 15.142 -0.991 2.618 -0.675
7.841 12.650 28.007 6.700 14.509 -1.190 2.338 -0.612
7.570 12.400 27.579 6.167 15.116 -1.021 2.689 -0.768
7.553 12.850 27.354 6.807 15.146 -1.504 2.864 -0.654
7.373 12.574 26.751 7.139 15.077 -1.804 2.501 -0.506
7.529 13.023 27.989 7.672 15.072 -0.800 2.568 -0.766
7.438 12.663 26.778 6.764 14.954 -1.492 2.593 -0.667
7.799 12.432 28.343 6.752 14.848 -0.604 2.464 -0.695
7.417 12.752 27.202 6.805 15.399 -0.603 2.926 -0.987
7.502 12.912 27.349 7.245 14.953 -1.368 2.547 -0.479
7.938 12.663 27.833 6.531 14.599 -1.095 2.178 -0.493
7.547 12.960 27.375 6.998 15.094 -1.532 2.769 -0.493
7.584 12.530 27.230 7.792 15.023 -0.956 2.585 -0.684
7.169 12.739 26.298 7.755 15.146 -1.883 2.639 -0.473
7.418 12.786 26.966 7.520 14.933 -1.032 2.541 -0.744
7.570 12.694 27.258 7.955 15.095 -0.749 2.530 -0.712
7.465 12.817 27.218 7.794 14.869 -0.908 2.545 -0.731
7.619 12.518 27.560 7.133 14.924 -1.372 2.668 -0.640
7.185 11.876 26.806 8.367 14.879 -1.697 2.546 -0.693
7.652 12.548 27.252 6.592 14.690 -0.780 2.370 -0.758
8.065 12.828 27.877 8.178 14.950 -0.780 2.465 -0.676
7.426 12.744 27.419 6.963 15.234 -1.193 2.861 -0.784
7.557 12.610 27.872 7.519 14.931 -0.915 2.534 -0.742
7.406 12.553 27.731 7.388 14.777 -1.341 2.525 -0.553
7.705 12.554 27.804 7.489 14.877 -0.919 2.567 -0.688
7.405 13.204 26.906 7.727 14.810 -1.170 2.509 -0.733
7.297 12.703 27.563 5.654 15.155 -1.216 2.960 -0.790
7.676 12.813 27.576 6.842 14.934 -0.712 2.475 -0.629
7.618 12.636 27.833 7.134 14.823 -1.092 2.599 -0.742
7.516 12.551 26.801 7.953 15.345 -1.082 2.820 -0.721
7.290 12.822 26.496 7.547 15.491 -1.228 3.091 -0.856
7.554 12.866 27.547 7.100 14.739 -1.508 2.445 -0.554
7.506 12.697 27.256 6.472 15.152 -1.329 2.780 -0.694
7.640 12.626 27.363 7.540 15.016 -1.256 2.830 -0.697
7.686 12.994 27.960 7.600 15.198 -0.710 2.748 -0.682
7.523 12.959 27.755 7.954 15.049 -0.947 2.533 -0.695
7.383 12.958 27.450 7.254 15.218 -0.636 2.743 -0.923
7.214 13.055 27.328 7.298 15.216 -1.177 2.812 -0.713
7.297 12.703 27.563 5.654 15.155 -1.216 2.960 -0.790
7.483 12.579 26.675 8.235 14.674 -1.358 2.239 -0.588
7.403 13.044 26.943 7.069 14.901 -1.719 2.617 -0.506
7.201 12.897 26.384 7.342 15.361 -1.732 2.986 -0.751
7.566 12.609 27.888 7.908 15.197 -0.886 2.853 -0.858
7.454 12.861 27.677 7.564 15.053 -0.993 2.806 -0.868
7.675 13.052 26.847 8.644 15.085 -1.167 2.537 -0.499
7.570 12.948 27.792 7.112 14.906 -1.218 2.722 -0.782
7.335 12.684 26.807 6.277 15.295 -1.178 3.080 -0.894
7.505 12.909 27.160 7.286 14.661 -1.379 2.318 -0.495
7.482 12.777 27.287 8.306 15.230 -0.840 2.770 -0.865
7.210 13.115 26.521 7.465 15.538 -1.244 2.899 -0.755
7.463 12.765 27.531 7.049 14.721 -1.237 2.273 -0.390
7.588 12.162 28.264 7.149 14.897 -0.891 2.558 -0.631
7.555 13.151 27.402 6.314 15.192 -0.941 2.762 -0.819
8.066 12.884 27.400 7.262 15.017 -0.817 2.571 -0.600
7.471 12.697 27.311 8.054 14.676 -1.624 2.371 -0.490
7.271 12.850 26.489 7.554 14.702 -1.633 2.331 -0.412
7.445 12.873 27.059 6.628 14.976 -1.296 2.700 -0.652
7.532 12.432 27.379 6.572 15.134 -0.615 2.801 -0.917
7.555 12.585 26.515 7.631 14.709 -1.612 2.538 -0.496
7.565 12.462 27.402 7.880 15.262 -0.999 2.967 -0.773
7.498 12.857 26.937 6.788 15.038 -1.327 2.564 -0.616
7.029 12.806 26.173 7.938 14.967 -1.802 2.618 -0.595
7.648 12.766 27.680 6.505 15.026 -1.047 2.848 -0.735
7.570 13.216 27.609 6.725 15.007 -1.205 2.700 -0.667
7.576 12.909 27.231 7.208 15.304 -1.447 2.997 -0.597
7.534 12.708 27.698 7.093 15.055 -0.738 2.653 -0.806
7.544 12.400 27.398 8.077 15.094 -1.009 2.895 -0.694
7.406 12.227 26.677 7.875 14.989 -1.245 2.838 -0.905
7.491 12.685 27.298 7.346 15.136 -1.154 2.767 -0.736
7.312 13.016 26.968 7.092 14.851 -1.418 2.308 -0.517
7.473 12.061 27.271 7.639 14.958 -1.252 2.597 -0.641
7.169 12.739 26.298 7.755 15.146 -1.883 2.639 -0.473
7.428 12.296 27.277 7.527 15.007 -1.135 2.636 -0.721
7.448 12.827 28.178 6.550 14.513 -0.799 2.461 -0.777
7.610 12.401 27.088 8.189 14.830 -1.425 2.552 -0.615
7.335 12.919 27.025 7.193 14.747 -1.332 2.241 -0.514
7.369 13.077 26.473 7.561 15.054 -1.476 2.537 -0.555
7.670 12.390 27.808 7.331 14.745 -1.249 2.376 -0.459
7.643 12.980 27.201 7.380 14.879 -0.953 2.583 -0.743
7.237 12.697 26.540 7.727 15.175 -1.475 2.851 -0.684
7.071 13.146 25.769 8.579 15.561 -1.419 2.970 -0.799
7.457 12.524 26.795 6.583 15.083 -1.686 2.621 -0.515
7.647 12.686 27.691 7.973 15.357 -0.374 2.765 -0.834
7.530 12.462 28.038 7.136 15.015 -0.716 2.834 -0.827
7.518 12.480 27.236 6.631 14.966 -0.929 2.696 -0.874
7.522 12.931 27.626 7.118 14.977 -1.039 2.461 -0.582
7.625 12.801 26.820 6.963 14.590 -1.525 2.431 -0.611
7.171 12.421 27.200 7.038 14.899 -1.405 2.758 -0.810
7.196 12.791 26.483 8.007 15.314 -1.249 2.900 -0.767
7.421 13.071 27.074 7.602 15.033 -1.219 2.688 -0.662
7.421 12.767 27.356 7.218 15.162 -1.227 2.839 -0.761
7.354 12.712 27.652 6.491 14.935 -1.063 2.624 -0.765
7.463 12.915 26.746 7.590 15.167 -1.337 2.904 -0.681
7.305 13.037 26.508 7.213 15.324 -1.474 2.752 -0.628
7.473 12.413 27.507 7.208 14.908 -1.069 2.617 -0.747
7.356 12.644 26.756 7.544 15.336 -1.222 2.706 -0.677
8.013 12.709 28.054 7.118 14.998 -0.651 2.317 -0.583
7.518 12.466 27.337 6.438 15.182 -0.832 2.931 -0.840
7.206 12.799 26.997 8.012 15.077 -1.044 2.670 -0.823
7.490 12.430 26.825 7.412 15.085 -1.441 2.587 -0.573
7.477 12.754 27.087 7.506 14.608 -1.235 2.471 -0.609
7.393 12.442 27.636 7.169 15.046 -0.961 2.779 -0.704
7.467 12.829 26.951 6.799 15.008 -1.312 2.658 -0.613
7.613 12.553 26.483 7.459 15.014 -1.585 2.624 -0.457
7.570 12.694 27.258 7.955 15.095 -0.749 2.530 -0.712
7.777 12.824 27.521 7.534 14.971 -0.880 2.484 -0.636
7.337 12.587 26.910 7.446 15.013 -1.192 2.784 -0.846
7.487 12.806 26.980 8.385 15.077 -1.180 2.565 -0.624
7.088 12.570 26.632 8.588 15.309 -1.446 2.815 -0.815
7.471 12.697 27.311 8.054 14.676 -1.624 2.371 -0.490
7.456 13.217 27.214 7.592 14.908 -1.069 2.453 -0.656
7.360 12.897 27.733 7.548 15.022 -1.049 2.645 -0.824
7.541 12.684 27.304 7.542 15.350 -1.017 2.919 -0.777
7.206 12.604 27.260 8.243 15.156 -1.138 2.843 -0.737
7.206 12.009 27.130 5.757 15.190 -1.110 2.911 -0.920
7.358 13.009 27.470 7.369 15.093 -0.998 2.616 -0.749
7.350 12.538 27.370 8.104 15.122 -0.759 2.671 -0.782
7.613 12.553 26.483 7.459 15.014 -1.585 2.624 -0.457
7.424 12.286 27.157 8.822 15.095 -1.067 2.645 -0.688
7.938 12.633 28.116 6.804 14.570 -1.002 2.500 -0.636
7.151 12.814 27.006 6.632 14.652 -1.678 2.432 -0.564
7.456 12.509 27.703 6.825 14.876 -1.173 2.670 -0.632
7.496 12.510 26.960 8.343 15.048 -1.577 2.625 -0.525
7.264 12.402 27.980 7.649 15.053 -0.828 2.745 -0.885
7.663 13.019 27.259 6.688 15.014 -1.188 2.613 -0.442
7.445 12.873 27.059 6.628 14.976 -1.296 2.700 -0.652
7.447 13.200 26.766 7.945 14.952 -1.374 2.556 -0.671
7.579 12.969 27.119 6.393 15.100 -1.332 2.832 -0.672
7.487 12.580 27.176 7.072 14.884 -1.186 2.614 -0.592
7.155 12.728 27.310 7.202 15.194 -1.522 2.729 -0.636
7.445 12.873 27.059 6.628 14.976 -1.296 2.700 -0.652
7.844 12.893 27.793 5.917 15.193 -0.977 2.759 -0.592
7.554 12.514 27.287 6.341 15.320 -1.125 3.021 -0.889
7.791 12.358 27.827 7.486 14.650 -1.009 2.331 -0.614
7.324 12.915 26.867 7.130 15.352 -1.268 2.786 -0.726
7.485 12.275 27.517 8.730 14.696 -1.248 2.366 -0.557
7.490 12.660 26.982 7.524 15.315 -1.399 2.909 -0.676
7.456 12.945 27.389 6.324 15.129 -0.866 2.723 -0.872
7.390 12.850 27.636 5.415 14.882 -1.479 2.610 -0.538
7.244 13.112 26.493 6.223 15.178 -1.544 2.482 -0.441
7.659 13.005 27.469 7.177 15.046 -1.104 2.553 -0.682
7.456 12.509 27.703 6.825 14.876 -1.173 2.670 -0.632
7.264 12.402 27.980 7.649 15.053 -0.828 2.745 -0.885
7.155 12.728 27.310 7.202 15.194 -1.522 2.729 -0.636
7.255 12.547 27.586 7.934 15.101 -0.918 2.881 -0.803
7.151 12.814 27.006 6.632 14.652 -1.678 2.432 -0.564
7.437 12.548 27.527 7.660 14.984 -1.158 2.819 -0.739
7.618 12.636 27.833 7.134 14.823 -1.092 2.599 -0.742
7.525 12.598 27.113 7.884 14.938 -1.195 2.624 -0.681
7.588 12.162 28.264 7.149 14.897 -0.891 2.558 -0.631
7.585 12.753 27.286 7.696 14.976 -1.279 2.652 -0.587
7.421 13.071 27.074 7.602 15.033 -1.219 2.688 -0.662
7.515 12.701 27.158 7.536 14.684 -1.586 2.352 -0.429
7.461 12.899 27.329 6.171 15.040 -0.877 2.507 -0.778
7.444 12.987 27.314 7.963 15.203 -0.942 2.784 -0.874
7.512 12.373 27.475 7.280 15.128 -1.216 2.859 -0.696
7.568 12.911 27.180 8.484 14.861 -1.383 2.501 -0.607
7.658 12.915 27.549 6.386 14.781 -0.799 2.605 -0.815
7.832 12.693 27.654 7.752 14.810 -0.814 2.460 -0.577
7.505 12.767 27.758 6.995 14.867 -0.964 2.539 -0.717
7.392 12.968 27.626 7.787 14.893 -1.153 2.695 -0.741
7.453 12.259 27.886 6.943 14.716 -1.565 2.630 -0.551
7.553 13.222 27.129 7.413 14.977 -1.326 2.555 -0.579
7.067 12.734 27.068 7.934 15.015 -1.435 2.784 -0.804
7.554 12.514 27.287 6.341 15.320 -1.125 3.021 -0.889
7.405 13.101 27.070 6.870 15.097 -1.046 2.752 -0.829
7.461 12.649 27.254 7.342 14.865 -1.336 2.535 -0.577
7.498 12.877 27.336 7.346 15.015 -1.187 2.503 -0.562
7.193 12.640 26.874 7.205 15.585 -1.216 3.115 -0.895
7.517 12.596 26.922 7.500 14.882 -1.188 2.696 -0.772
7.185 11.876 26.806 8.367 14.879 -1.697 2.546 -0.693
7.290 12.836 26.545 8.116 15.471 -1.297 3.059 -0.904
7.654 13.248 27.752 7.977 14.997 -0.678 2.516 -0.707
7.201 12.710 26.706 7.437 15.096 -1.346 2.873 -0.785
7.480 12.594 27.001 8.105 15.257 -1.016 2.833 -0.826
7.264 13.142 27.092 6.423 14.993 -1.087 2.553 -0.795
7.481 13.163 26.516 6.419 15.178 -1.828 2.743 -0.512
7.554 13.042 27.312 8.081 15.313 -0.953 2.905 -0.855
7.518 12.480 27.236 6.631 14.966 -0.929 2.696 -0.874
7.436 12.689 27.592 7.486 15.161 -1.211 2.689 -0.756
7.455 12.363 26.824 7.412 15.176 -1.399 3.077 -0.779
7.449 12.928 26.918 6.994 15.117 -1.631 2.650 -0.497
7.438 12.870 27.487 8.398 15.263 -0.620 2.846 -1.046
7.612 12.997 28.012 5.838 14.855 -1.265 2.626 -0.588
7.024 12.662 26.405 6.417 14.975 -1.849 2.459 -0.408
7.566 12.786 27.088 7.727 15.241 -1.004 2.783 -0.702
7.179 12.755 27.401 6.564 15.174 -1.465 2.672 -0.620
7.240 13.019 26.455 6.837 15.078 -1.128 2.558 -0.774
7.620 13.324 26.992 7.496 15.172 -1.096 2.735 -0.784
7.185 12.876 26.043 8.094 15.366 -1.624 2.948 -0.645
7.860 12.260 28.375 5.521 14.467 -1.128 2.257 -0.486
7.377 13.021 27.479 7.397 14.865 -1.211 2.544 -0.738
7.854 13.002 27.592 7.866 14.986 -0.496 2.557 -0.828
7.676 12.738 27.995 7.436 14.658 -1.282 2.392 -0.439
7.411 13.123 27.514 7.966 14.963 -1.296 2.382 -0.545
7.482 13.275 27.620 7.018 14.969 -1.226 2.775 -0.760
7.386 13.007 27.114 7.137 14.814 -1.667 2.421 -0.400
7.473 12.811 26.922 8.021 15.240 -0.889 2.948 -1.086
7.514 13.290 27.217 8.030 15.237 -1.115 2.917 -0.868
7.187 12.835 26.635 8.392 15.135 -1.398 2.857 -0.768
7.639 13.129 27.410 7.069 15.241 -1.145 2.688 -0.701
7.463 12.858 26.935 7.625 15.330 -1.105 2.845 -0.740
7.612 12.680 27.049 6.798 15.222 -1.113 2.685 -0.676
7.588 12.759 27.097 6.946 14.822 -1.131 2.548 -0.599
7.438 12.804 28.035 7.738 15.050 -1.170 2.556 -0.482
7.296 12.608 27.197 7.545 14.892 -1.641 2.391 -0.449
7.673 12.523 27.352 8.346 14.786 -1.450 2.527 -0.424
7.417 12.819 26.735 8.125 15.131 -1.328 2.500 -0.488
7.412 12.907 26.927 6.538 14.992 -1.346 2.671 -0.604
7.569 12.432 26.608 6.966 15.055 -1.062 2.745 -0.733
7.514 13.290 27.217 8.030 15.237 -1.115 2.917 -0.868
7.648 12.766 27.680 6.505 15.026 -1.047 2.848 -0.735
7.597 12.827 27.237 7.930 15.113 -1.012 2.697 -0.644
7.354 12.712 27.652 6.491 14.935 -1.063 2.624 -0.765
7.434 12.875 26.648 6.122 15.304 -1.397 2.840 -0.670
7.390 12.850 27.636 5.415 14.882 -1.479 2.610 -0.538
7.439 12.804 27.448 8.119 15.029 -1.025 2.348 -0.556
7.477 12.754 27.087 7.506 14.608 -1.235 2.471 -0.609
7.505 12.631 27.132 6.595 15.131 -0.888 3.019 -0.903
7.456 12.945 27.389 6.324 15.129 -0.866 2.723 -0.872
7.420 12.436 26.918 7.596 14.923 -1.218 2.477 -0.622
7.293 13.062 27.051 6.347 14.855 -1.264 2.280 -0.536
7.519 12.650 26.931 7.676 14.817 -1.194 2.367 -0.505
7.604 12.837 28.014 8.038 14.946 -1.325 2.651 -0.462
7.610 12.401 27.088 8.189 14.830 -1.425 2.552 -0.615
7.462 12.761 27.290 7.353 14.844 -1.370 2.681 -0.609
7.392 12.968 27.626 7.787 14.893 -1.153 2.695 -0.741
7.204 13.038 26.233 7.998 15.426 -1.369 2.774 -0.723
7.436 12.689 27.592 7.486 15.161 -1.211 2.689 -0.756
7.491 12.710 27.492 7.173 15.063 -1.161 2.864 -0.715
7.670 12.390 27.808 7.331 14.745 -1.249 2.376 -0.459
7.439 12.804 27.448 8.119 15.029 -1.025 2.348 -0.556
7.958 12.671 28.410 6.308 14.817 -0.885 2.476 -0.647
7.582 12.934 27.250 8.147 15.001 -0.953 2.681 -0.801
7.185 12.752 26.530 7.951 15.219 -1.107 2.853 -0.840
7.363 13.055 26.780 6.724 15.148 -1.430 2.607 -0.625
7.409 12.596 27.534 9.273 15.252 -1.119 2.609 -0.717
7.502 12.613 28.026 6.386 15.103 -0.880 2.700 -0.749
7.118 12.882 26.540 7.523 15.317 -1.576 2.804 -0.618
7.558 12.832 26.521 7.351 14.985 -1.103 2.534 -0.659
7.463 12.656 27.572 7.300 15.124 -0.862 2.800 -0.781
7.965 12.812 28.611 7.548 14.501 -0.635 2.117 -0.472
7.329 12.954 27.092 6.374 15.325 -0.793 2.635 -0.781
7.717 12.132 27.709 6.818 14.819 -1.161 2.378 -0.508
7.675 13.052 26.847 8.644 15.085 -1.167 2.537 -0.499
7.569 12.542 27.669 7.042 14.967 -1.418 2.682 -0.677
7.530 12.462 28.038 7.136 15.015 -0.716 2.834 -0.827
7.620 13.324 26.992 7.496 15.172 -1.096 2.735 -0.784
7.623 12.815 27.668 7.132 15.053 -0.658 2.433 -0.641
7.476 12.501 27.019 6.750 15.108 -1.182 2.846 -0.680
7.479 13.147 27.105 8.445 15.120 -1.278 2.853 -0.600
7.533 13.304 27.344 7.566 15.023 -1.041 2.462 -0.433
7.118 12.882 26.540 7.523 15.317 -1.576 2.804 -0.618
7.538 12.796 28.230 5.903 15.112 -0.850 2.736 -0.723
7.521 12.537 26.965 6.875 14.783 -1.620 2.430 -0.427
7.371 12.812 27.197 7.040 14.813 -1.457 2.638 -0.705
7.601 13.183 27.415 8.124 14.930 -0.705 2.538 -0.854
7.491 12.750 26.797 8.136 15.294 -1.047 2.749 -0.651
7.490 12.430 26.825 7.412 15.085 -1.441 2.587 -0.573
7.172 13.376 27.222 7.368 15.377 -1.128 2.752 -0.731
7.411 12.144 27.142 7.036 14.675 -1.536 2.613 -0.677
7.467 12.829 26.951 6.799 15.008 -1.312 2.658 -0.613
7.405 13.204 26.906 7.727 14.810 -1.170 2.509 -0.733
7.498 12.866 27.482 7.276 15.184 -1.030 2.867 -0.795
7.413 12.167 27.401 6.645 14.794 -1.288 2.595 -0.695
7.544 12.706 27.716 6.132 15.195 -0.779 2.552 -0.700
7.620 12.970 27.402 7.837 15.085 -1.166 2.547 -0.651
7.521 12.537 26.965 6.875 14.783 -1.620 2.430 -0.427
7.546 12.625 27.557 7.446 14.898 -1.027 2.373 -0.519
7.504 12.946 27.417 7.277 15.031 -1.049 2.789 -0.780
7.403 13.044 26.943 7.069 14.901 -1.719 2.617 -0.506
7.324 12.740 26.536 8.254 15.078 -1.600 2.634 -0.662
7.594 13.111 28.001 7.379 14.994 -0.829 2.648 -0.719
7.357 12.720 27.216 7.808 14.741 -1.377 2.394 -0.575
7.552 12.620 26.872 7.364 14.863 -1.392 2.564 -0.733
7.451 12.800 26.946 7.388 15.333 -1.345 3.162 -0.840
7.335 12.919 27.025 7.193 14.747 -1.332 2.241 -0.514
7.447 13.174 27.742 7.407 15.020 -1.195 2.594 -0.791
7.555 12.644 26.773 7.390 14.923 -1.464 2.615 -0.604
7.264 13.142 27.092 6.423 14.993 -1.087 2.553 -0.795
7.142 12.981 26.956 7.881 14.815 -1.410 2.542 -0.721
7.165 12.293 26.758 7.569 14.746 -1.552 2.611 -0.766
7.599 13.038 27.221 8.147 15.064 -1.306 2.556 -0.623
7.448 12.718 26.726 7.530 15.329 -1.158 2.768 -0.733
7.677 13.164 27.149 8.656 14.992 -1.202 2.394 -0.502
7.216 12.799 26.139 7.928 15.248 -1.553 2.860 -0.682
7.473 12.579 27.552 7.398 15.220 -0.797 2.672 -0.869
7.491 12.804 26.876 7.597 15.364 -1.414 3.038 -0.680
7.441 12.833 26.625 7.828 15.163 -1.264 2.934 -0.764
7.360 12.602 28.127 8.340 14.601 -0.657 2.248 -0.740
7.426 12.744 27.419 6.963 15.234 -1.193 2.861 -0.784
7.643 13.292 26.960 6.961 15.071 -1.153 2.659 -0.678
7.324 12.740 26.536 8.254 15.078 -1.600 2.634 -0.662
7.524 12.450 26.956 7.763 15.062 -1.372 2.702 -0.577
7.440 12.690 27.309 7.943 15.256 -1.163 2.846 -0.576
7.395 12.517 27.306 7.932 14.733 -1.438 2.450 -0.623
7.516 12.692 27.418 7.354 14.788 -0.948 2.251 -0.575
7.515 12.758 27.140 7.581 14.767 -1.281 2.377 -0.469
7.651 12.325 27.643 7.764 14.880 -1.443 2.440 -0.477
7.459 12.886 27.726 6.890 14.959 -1.013 2.760 -0.795
7.498 12.857 26.937 6.788 15.038 -1.327 2.564 -0.616
7.491 12.804 26.876 7.597 15.364 -1.414 3.038 -0.680
7.546 12.557 27.803 7.145 14.840 -0.893 2.655 -0.868
7.509 12.404 27.737 7.325 14.838 -1.127 2.590 -0.589
7.529 13.035 26.964 6.861 15.026 -1.399 2.748 -0.571
7.500 12.734 27.302 7.477 15.097 -1.104 2.592 -0.618
7.544 12.968 27.084 6.272 15.040 -1.215 2.666 -0.596
7.568 12.152 27.576 7.931 14.893 -1.395 2.456 -0.418
7.459 12.886 27.726 6.890 14.959 -1.013 2.760 -0.795
7.563 12.721 27.581 7.087 14.875 -1.074 2.556 -0.661
7.513 12.416 27.579 7.682 14.718 -0.810 2.382 -0.722
7.027 12.909 26.348 8.283 15.157 -1.626 2.679 -0.558
7.392 12.968 27.626 7.787 14.893 -1.153 2.695 -0.741
7.483 12.927 27.788 7.515 15.076 -0.689 2.784 -0.899
7.544 12.968 27.084 6.272 15.040 -1.215 2.666 -0.596
7.328 12.651 26.899 6.932 15.139 -0.937 2.646 -0.782
7.470 13.402 26.514 6.231 15.092 -1.205 2.676 -0.737
7.411 12.640 26.839 7.173 15.314 -1.646 2.785 -0.588
7.527 12.738 27.090 8.465 15.130 -1.220 2.793 -0.688
7.266 13.036 27.024 7.860 15.025 -1.562 2.797 -0.712
7.587 12.989 27.448 7.638 15.257 -1.071 2.890 -0.713
7.821 12.642 27.680 6.910 14.303 -0.986 1.889 -0.433
7.511 12.711 27.505 8.249 15.171 -0.838 2.944 -0.891
7.329 12.170 26.375 8.066 14.785 -1.801 2.541 -0.494
7.337 12.089 26.691 7.750 14.801 -1.487 2.476 -0.532
7.505 12.767 27.758 6.995 14.867 -0.964 2.539 -0.717
7.470 12.301 27.134 7.769 14.966 -1.527 2.718 -0.550
7.515 12.970 27.461 7.907 15.327 -1.089 2.832 -0.813
7.461 12.946 27.472 6.097 14.946 -1.379 2.565 -0.475
7.377 13.152 27.635 7.400 15.215 -1.384 2.719 -0.541
7.486 13.231 27.819 6.677 15.084 -1.333 2.875 -0.671
7.423 12.912 26.274 7.522 14.948 -1.599 2.604 -0.549
7.337 12.587 26.910 7.446 15.013 -1.192 2.784 -0.846
7.416 12.388 27.535 5.791 14.965 -0.979 2.569 -0.717
7.553 12.971 27.039 8.394 15.249 -0.797 2.711 -0.787
7.221 12.618 27.122 6.039 14.537 -1.514 2.252 -0.454
7.623 12.678 27.178 9.080 15.143 -1.184 2.806 -0.649
7.496 13.024 27.199 5.961 15.082 -1.240 2.601 -0.562
7.234 12.492 27.429 7.257 15.324 -1.259 2.949 -0.764
7.533 12.744 27.087 7.259 15.114 -1.358 2.647 -0.523
7.529 12.927 27.339 8.522 15.323 -0.918 2.946 -0.935
7.241 12.549 27.453 6.796 14.966 -1.145 2.543 -0.804
7.640 12.833 28.420 7.750 15.132 -0.920 2.736 -0.756
7.029 12.806 26.173 7.938 14.967 -1.802 2.618 -0.595
7.214 13.055 27.328 7.298 15.216 -1.177 2.812 -0.713
7.404 13.004 27.099 8.026 15.014 -1.306 2.706 -0.626
7.958 12.671 28.410 6.308 14.817 -0.885 2.476 -0.647
7.180 12.418 27.080 7.186 15.252 -1.566 2.832 -0.675
7.483 12.534 27.422 7.323 15.100 -1.045 2.681 -0.620
7.488 12.790 27.143 6.876 14.974 -1.131 2.702 -0.780
7.760 12.682 27.419 7.174 14.810 -1.187 2.328 -0.466
7.610 12.331 27.528 7.918 14.480 -1.040 2.250 -0.710
7.531 13.052 27.004 7.465 15.123 -1.190 2.705 -0.773
7.468 12.614 27.240 7.655 15.201 -0.935 2.974 -0.888
7.644 12.441 28.011 7.370 14.723 -1.510 2.435 -0.486
7.675 13.052 26.847 8.644 15.085 -1.167 2.537 -0.499
7.362 12.710 26.899 8.039 15.298 -1.072 2.895 -0.824
7.377 13.152 27.635 7.400 15.215 -1.384 2.719 -0.541
7.705 12.554 27.804 7.489 14.877 -0.919 2.567 -0.688
7.165 12.293 26.758 7.569 14.746 -1.552 2.611 -0.766
7.564 12.765 26.836 6.866 14.989 -1.674 2.576 -0.528
7.595 12.629 27.250 7.883 15.026 -1.152 2.890 -0.721
7.406 12.553 27.731 7.388 14.777 -1.341 2.525 -0.553
7.529 13.023 27.989 7.672 15.072 -0.800 2.568 -0.766
7.648 13.018 27.798 7.735 14.954 -1.016 2.558 -0.628
7.509 12.407 26.553 7.967 15.085 -1.554 2.968 -0.663
7.509 13.043 26.919 7.936 15.499 -0.779 2.795 -0.838
7.338 12.769 26.739 6.803 14.940 -1.206 2.530 -0.671
7.258 12.747 26.637 7.978 15.137 -1.410 2.716 -0.633
7.264 12.402 27.980 7.649 15.053 -0.828 2.745 -0.885
7.435 12.643 27.579 8.255 14.960 -1.300 2.813 -0.787
7.524 12.450 26.956 7.763 15.062 -1.372 2.702 -0.577
7.095 12.215 26.637 7.424 15.035 -1.357 2.589 -0.742
7.513 12.416 27.579 7.682 14.718 -0.810 2.382 -0.722
7.221 12.618 27.122 6.039 14.537 -1.514 2.252 -0.454
7.613 12.553 26.483 7.459 15.014 -1.585 2.624 -0.457
7.201 12.710 26.706 7.437 15.096 -1.346 2.873 -0.785
7.379 12.954 27.267 7.408 15.168 -1.040 2.890 -0.852
7.412 12.657 27.371 7.025 14.861 -1.362 2.659 -0.632
7.129 12.587 26.884 6.447 14.905 -1.744 2.567 -0.567
7.500 12.734 27.302 7.477 15.097 -1.104 2.592 -0.618
7.502 12.912 27.349 7.245 14.953 -1.368 2.547 -0.479
7.333 13.300 26.861 6.571 15.309 -1.323 2.880 -0.775
7.510 12.268 27.535 7.149 14.784 -1.308 2.605 -0.586
7.565 12.741 27.532 6.940 14.664 -1.010 2.397 -0.745
7.570 12.400 27.579 6.167 15.116 -1.021 2.689 -0.768
7.828 12.637 28.306 7.161 14.805 -0.760 2.357 -0.603
7.575 12.734 28.081 6.920 14.770 -0.785 2.539 -0.726
7.239 12.557 27.102 7.501 15.325 -1.356 2.758 -0.623
7.293 13.062 27.051 6.347 14.855 -1.264 2.280 -0.536
7.324 12.915 26.867 7.130 15.352 -1.268 2.786 -0.726
7.324 12.915 26.867 7.130 15.352 -1.268 2.786 -0.726
7.518 12.466 27.337 6.438 15.182 -0.832 2.931 -0.840
7.531 12.434 27.332 6.847 15.004 -1.346 2.606 -0.601
7.360 12.666 26.956 8.112 15.142 -1.463 2.810 -0.659
7.377 13.152 27.635 7.400 15.215 -1.384 2.719 -0.541
7.811 12.847 27.630 7.955 15.024 -0.625 2.681 -0.834
7.402 13.001 26.953 6.656 15.208 -1.145 2.739 -0.781
7.377 13.152 27.635 7.400 15.215 -1.384 2.719 -0.541
7.211 13.018 26.886 6.335 15.097 -1.332 2.702 -0.696
7.266 13.036 27.024 7.860 15.025 -1.562 2.797 -0.712
7.428 13.172 27.583 7.664 15.058 -1.081 2.559 -0.772
7.491 12.710 27.492 7.173 15.063 -1.161 2.864 -0.715
7.395 13.093 26.975 8.501 15.385 -1.103 2.931 -0.808
7.517 13.123 27.045 6.810 15.376 -1.189 2.796 -0.756
7.485 12.852 27.663 7.211 15.128 -1.207 2.758 -0.599
7.419 12.787 27.201 7.688 15.429 -1.080 2.916 -0.698
7.468 12.450 27.208 7.251 15.284 -0.950 3.088 -0.914
7.531 12.764 27.069 6.734 15.469 -1.044 2.945 -0.714
7.577 12.676 27.524 6.342 15.019 -0.838 2.702 -0.834
7.612 12.506 27.385 6.171 14.797 -1.187 2.631 -0.699
7.376 12.946 27.062 6.946 14.707 -1.330 2.407 -0.627
7.404 13.004 27.099 8.026 15.014 -1.306 2.706 -0.626
7.438 13.084 26.949 6.333 15.131 -1.137 2.850 -0.827
7.421 12.865 27.647 6.884 15.028 -0.787 2.653 -0.840
7.321 12.784 26.615 7.381 15.027 -1.741 2.589 -0.485
7.486 13.231 27.819 6.677 15.084 -1.333 2.875 -0.671
7.418 12.896 26.757 6.806 14.970 -1.484 2.573 -0.583
7.470 12.301 27.134 7.769 14.966 -1.527 2.718 -0.550
7.258 12.747 26.637 7.978 15.137 -1.410 2.716 -0.633
7.241 12.810 27.388 7.345 15.080 -0.795 2.643 -0.853
7.679 12.878 27.611 7.312 14.635 -0.571 2.188 -0.581
7.398 12.431 27.536 7.372 14.809 -1.168 2.396 -0.659
7.605 13.012 27.199 7.966 15.306 -1.062 2.633 -0.572
7.543 12.508 28.176 6.894 14.826 -0.842 2.806 -1.022
7.338 12.647 27.172 7.549 15.107 -0.970 2.587 -0.787
7.531 12.764 27.069 6.734 15.469 -1.044 2.945 -0.714
7.514 13.290 27.217 8.030 15.237 -1.115 2.917 -0.868
7.505 12.909 27.160 7.286 14.661 -1.379 2.318 -0.495
7.546 12.411 27.668 6.738 15.010 -1.083 2.597 -0.626
7.515 12.758 27.140 7.581 14.767 -1.281 2.377 -0.469
7.241 12.549 27.453 6.796 14.966 -1.145 2.543 -0.804
7.554 12.866 27.547 7.100 14.739 -1.508 2.445 -0.554
7.502 12.613 28.026 6.386 15.103 -0.880 2.700 -0.749
7.678 12.494 27.807 7.427 14.500 -1.114 2.342 -0.558
8.066 12.884 27.400 7.262 15.017 -0.817 2.571 -0.600
7.564 12.765 26.836 6.866 14.989 -1.674 2.576 -0.528
7.563 12.807 27.262 7.045 15.085 -0.979 2.542 -0.496
7.663 13.019 27.259 6.688 15.014 -1.188 2.613 -0.442
7.373 12.574 26.751 7.139 15.077 -1.804 2.501 -0.506
7.958 12.671 28.410 6.308 14.817 -0.885 2.476 -0.647
7.659 13.005 27.469 7.177 15.046 -1.104 2.553 -0.682
7.453 12.259 27.886 6.943 14.716 -1.565 2.630 -0.551
7.572 12.554 27.172 7.962 15.033 -0.889 2.755 -0.715
7.539 13.165 26.652 7.605 14.842 -1.327 2.517 -0.643
7.832 12.693 27.654 7.752 14.810 -0.814 2.460 -0.577
7.515 12.758 27.140 7.581 14.767 -1.281 2.377 -0.469
7.421 12.767 27.356 7.218 15.162 -1.227 2.839 -0.761
7.324 12.740 26.536 8.254 15.078 -1.600 2.634 -0.662
7.510 12.755 27.151 6.973 15.291 -1.179 3.153 -0.836
7.541 12.516 27.045 7.369 15.168 -1.276 2.669 -0.652
7.427 12.797 27.489 7.578 15.119 -0.627 2.900 -0.990
7.418 12.703 26.159 7.940 15.704 -0.657 3.169 -1.153
7.553 13.222 27.129 7.413 14.977 -1.326 2.555 -0.579
7.555 12.644 26.773 7.390 14.923 -1.464 2.615 -0.604
7.581 12.891 26.950 7.660 15.200 -1.217 2.644 -0.619
7.618 12.558 27.239 7.132 14.927 -0.961 2.649 -0.825
7.546 13.149 27.100 8.468 14.955 -1.204 2.668 -0.736
7.653 12.565 26.582 6.141 14.920 -1.509 2.573 -0.557
7.520 12.738 27.414 6.724 15.358 -0.820 2.889 -0.809
7.185 12.876 26.043 8.094 15.366 -1.624 2.948 -0.645
7.378 13.044 26.923 6.959 14.837 -1.381 2.549 -0.686
7.429 12.230 26.994 7.772 14.821 -1.405 2.437 -0.587
7.440 12.690 27.309 7.943 15.256 -1.163 2.846 -0.576
7.553 12.971 27.039 8.394 15.249 -0.797 2.711 -0.787
7.619 12.518 27.560 7.133 14.924 -1.372 2.668 -0.640
7.504 12.835 27.462 7.537 14.555 -1.319 2.195 -0.413
7.408 12.483 27.291 8.552 15.223 -1.340 3.090 -0.818
7.307 12.798 27.023 8.150 15.143 -1.159 2.768 -0.768
7.514 12.252 28.181 6.617 15.008 -1.208 2.738 -0.808
7.463 13.102 26.760 7.447 15.355 -0.912 2.826 -0.740
7.171 12.421 27.200 7.038 14.899 -1.405 2.758 -0.810
7.410 12.870 27.090 7.762 15.127 -1.172 2.745 -0.757
7.512 13.021 28.170 6.530 14.889 -0.733 2.795 -0.716
7.465 12.636 26.977 8.447 14.971 -1.109 2.415 -0.638
7.612 12.680 27.049 6.798 15.222 -1.113 2.685 -0.676
7.717 12.132 27.709 6.818 14.819 -1.161 2.378 -0.508
7.612 12.680 27.049 6.798 15.222 -1.113 2.685 -0.676
7.496 12.510 26.960 8.343 15.048 -1.577 2.625 -0.525
7.355 12.713 27.340 7.800 15.183 -1.099 2.847 -0.715
7.142 12.981 26.956 7.881 14.815 -1.410 2.542 -0.721
7.477 13.030 27.342 7.506 15.107 -1.131 2.770 -0.677
7.760 12.107 27.434 6.344 15.047 -0.714 2.645 -0.774
7.472 12.978 26.859 7.776 15.115 -1.135 2.776 -0.673
7.461 12.817 27.361 6.810 14.815 -1.269 2.507 -0.635
7.533 12.744 27.087 7.259 15.114 -1.358 2.647 -0.523
7.642 12.590 27.689 5.587 14.622 -1.199 2.282 -0.535
7.987 12.318 28.313 6.589 14.921 -0.888 2.554 -0.531
7.531 12.607 27.595 7.947 15.152 -1.042 3.025 -0.920
7.502 13.139 27.187 7.747 15.105 -0.905 2.712 -0.808
7.711 12.379 28.027 7.228 15.074 -0.744 2.757 -0.764
7.447 13.174 27.742 7.407 15.020 -1.195 2.594 -0.791
7.468 12.450 27.208 7.251 15.284 -0.950 3.088 -0.914
7.535 12.797 28.073 7.268 15.269 -0.430 2.770 -0.953
7.360 12.602 28.127 8.340 14.601 -0.657 2.248 -0.740
7.518 12.466 27.337 6.438 15.182 -0.832 2.931 -0.840
7.376 12.946 27.062 6.946 14.707 -1.330 2.407 -0.627
7.466 12.690 27.281 8.512 15.200 -1.338 2.774 -0.729
7.821 12.428 27.619 7.575 14.751 -1.247 2.284 -0.490
7.607 13.087 27.072 7.304 14.902 -1.269 2.602 -0.607
7.322 12.653 26.337 6.030 15.198 -1.495 2.852 -0.742
7.412 12.907 26.927 6.538 14.992 -1.346 2.671 -0.604
7.092 12.653 26.707 7.213 15.061 -1.813 2.641 -0.583
7.670 13.093 27.465 7.496 15.126 -0.710 2.548 -0.719
7.405 13.011 27.571 7.292 14.967 -1.124 2.798 -0.795
7.461 12.899 27.329 6.171 15.040 -0.877 2.507 -0.778
7.650 12.605 27.571 7.100 14.785 -1.390 2.405 -0.511
7.321 12.762 27.087 7.494 15.218 -1.050 2.840 -0.731
7.429 12.230 26.994 7.772 14.821 -1.405 2.437 -0.587
7.169 12.912 26.957 7.299 15.093 -1.717 2.772 -0.538
7.412 12.414 27.831 7.158 15.264 -0.723 3.036 -0.859
7.620 12.970 27.402 7.837 15.085 -1.166 2.547 -0.651
7.499 12.464 27.138 7.988 14.962 -1.106 2.641 -0.731
7.597 12.827 27.237 7.930 15.113 -1.012 2.697 -0.644
7.677 13.164 27.149 8.656 14.992 -1.202 2.394 -0.502
7.519 12.649 26.679 7.275 14.986 -1.112 2.561 -0.643
7.395 13.093 26.975 8.501 15.385 -1.103 2.931 -0.808
7.541 12.720 27.702 6.316 15.142 -1.139 2.916 -0.750
7.329 12.170 26.375 8.066 14.785 -1.801 2.541 -0.494
7.659 13.005 27.469 7.177 15.046 -1.104 2.553 -0.682
7.520 12.738 27.414 6.724 15.358 -0.820 2.889 -0.809
7.320 12.444 27.421 6.750 15.052 -1.247 2.806 -0.628
7.625 12.556 27.796 7.225 14.769 -0.948 2.606 -0.858
7.088 12.570 26.632 8.588 15.309 -1.446 2.815 -0.815
7.357 12.720 27.216 7.808 14.741 -1.377 2.394 -0.575
7.500 12.734 27.302 7.477 15.097 -1.104 2.592 -0.618
7.572 12.739 27.247 6.925 14.838 -1.309 2.358 -0.448
7.568 12.937 27.338 7.893 15.321 -0.547 2.913 -1.113
7.223 13.358 26.044 7.718 14.738 -1.753 2.374 -0.497
7.402 12.426 27.311 8.451 14.786 -1.138 2.608 -0.698
7.453 12.837 27.138 6.933 15.009 -0.995 2.780 -0.840
7.644 12.975 27.329 8.002 15.310 -0.878 2.813 -0.774
7.413 12.547 27.380 7.215 14.514 -1.425 2.313 -0.576
7.588 12.162 28.264 7.149 14.897 -0.891 2.558 -0.631
7.469 13.071 27.381 8.407 14.935 -1.050 2.638 -0.804
7.572 12.909 27.164 7.890 14.986 -1.474 2.647 -0.552
7.386 12.920 26.938 7.796 15.038 -1.205 2.544 -0.708
7.428 12.953 26.759 6.739 14.966 -1.319 2.780 -0.699
7.612 12.506 27.385 6.171 14.797 -1.187 2.631 -0.699
7.403 13.044 26.943 7.069 14.901 -1.719 2.617 -0.506
7.463 12.813 27.408 8.529 14.933 -0.930 2.627 -0.844
7.670 12.390 27.808 7.331 14.745 -1.249 2.376 -0.459
7.449 12.928 26.918 6.994 15.117 -1.631 2.650 -0.497
7.363 13.055 26.780 6.724 15.148 -1.430 2.607 -0.625
7.405 13.101 27.070 6.870 15.097 -1.046 2.752 -0.829
7.642 12.754 26.979 7.162 15.556 -0.709 2.996 -0.849
