7.582741 109.765810
7.445114 111.495452
8.056206 120.593415
7.488441 112.643020
7.435959 112.592084
7.088219 108.510640
7.675575 112.508858
7.187599 110.506311
7.512108 113.641449
7.576012 115.944275
7.484917 113.235270
7.319916 110.181704
7.254730 109.554459
7.421951 109.893599
7.478577 112.811453
7.552803 114.391804
7.405334 111.799584
7.449921 111.221301
7.472443 113.273776
7.413391 110.266079
7.505562 112.046745
7.562187 112.955381
7.428291 111.170054
7.530510 112.989421
7.401970 109.141127
7.516205 111.146336
7.311653 108.585535
7.358574 110.259364
7.300507 107.525836
7.364777 110.352956
7.787430 117.128195
7.549530 114.762888
7.462051 111.205142
7.151115 104.777926
7.458801 111.579169
7.580383 114.944630
7.296432 108.662008
7.522202 111.405528
7.563240 114.092921
7.641701 118.873984
7.200783 108.704372
7.472603 113.274952
7.569305 114.181843
7.545502 111.972654
7.494164 113.227096
7.553101 113.125263
7.395607 111.648343
7.300827 110.567484
7.029099 107.488597
7.494164 113.227096
7.425728 113.126256
7.427742 111.467025
7.362671 111.840139
7.350998 112.776097
7.530876 113.893198
7.647171 114.699436
7.784248 117.974461
7.522293 112.604779
7.398514 108.595519
7.067001 106.109933
7.438225 112.544558
7.206940 110.062650
7.155396 108.720119
7.349922 110.613423
7.476997 113.710457
7.521332 115.125142
7.627396 112.779811
7.481575 110.337359
7.505562 112.046745
7.411537 110.143061
7.173592 111.332246
7.557793 113.253944
7.536209 113.303550
7.481461 113.553404
8.013222 120.185018
7.547356 113.923232
7.473175 113.745178
7.214058 109.772130
7.672668 112.621612
7.266289 107.994292
7.200783 108.704372
7.641930 111.741954
8.061241 119.257595
7.650696 113.842085
7.384895 111.442970
7.336716 108.590441
7.473450 111.784901
7.438705 111.793058
7.588211 113.271556
7.645409 115.545262
7.376541 112.232656
7.468071 116.007316
7.417648 108.471775
7.481415 112.930363
7.355164 111.673218
7.537399 110.315923
7.413391 110.266079
7.385925 111.067247
7.067001 106.109933
7.543716 113.864352
7.688667 115.554469
7.470314 111.843513
7.550606 113.505342
7.516960 115.584073
7.380615 111.996791
7.544357 112.611357
7.417351 114.220190
7.404510 110.820837
7.463127 113.193493
7.164803 105.653655
7.484505 110.774339
7.604256 114.019885
7.553787 115.673876
7.485649 112.074841
7.550468 112.294916
7.401581 112.565321
7.151115 104.777926
7.549553 113.308995
7.457680 111.767418
7.530716 112.115271
7.631699 115.866509
7.453445 111.872067
7.426689 113.674462
8.065132 120.571817
7.253014 109.346106
7.545502 111.972654
7.441544 108.983164
7.597160 114.815577
7.403664 111.436695
7.627991 114.365013
7.354752 110.242443
7.647537 114.364956
7.441154 112.827813
7.679283 112.790415
7.658546 115.232136
7.488441 112.643020
7.429596 112.723145
7.205750 109.451796
7.643509 114.834541
7.415680 111.050441
7.604851 116.399011
7.518242 114.141642
7.570267 113.608494
7.519066 111.406256
7.760033 114.926514
7.540627 114.374180
7.277687 109.951991
7.516960 115.584073
7.544289 114.633931
7.544289 114.633931
7.505402 111.585077
7.450218 112.975634
7.438225 112.544558
7.584846 112.089739
7.593956 111.784037
7.799950 117.289043
7.619247 113.710405
7.515152 110.976303
7.461411 112.221820
7.142281 105.812750
7.648567 112.757567
7.393135 112.116559
7.205933 109.112620
7.531357 112.387100
7.610001 112.857574
7.654083 115.612614
7.320854 111.407601
7.594620 112.816481
7.206390 109.222081
7.487549 112.470672
7.170845 107.809287
7.371094 109.187522
7.539505 115.422517
7.832451 117.026094
7.221336 104.975900
7.580383 114.944630
7.791389 114.143766
7.534081 113.424233
7.451180 112.239507
7.521790 112.653648
7.505058 110.034920
7.319939 110.967222
7.542000 115.670710
7.584846 112.089739
7.197395 109.552092
7.409203 111.504436
7.504921 111.657197
7.426048 113.581236
7.478874 113.365090
7.357246 109.337695
7.373108 111.506847
7.437744 113.520670
7.543716 113.864352
7.444748 112.703810
7.458595 112.828456
7.206116 108.645554
7.319939 110.967222
7.418610 114.459900
7.418037 116.491552
7.481941 114.079388
7.435066 111.227027
7.579216 114.449886
7.024132 105.188116
7.383224 112.360126
7.791389 114.143766
7.569649 112.832511
7.462990 113.358489
7.362671 111.840139
7.462601 112.861073
7.844215 119.175459
7.558685 111.332780
7.524536 113.446548
7.584915 115.829924
7.473312 113.892280
7.519867 113.769612
7.365623 112.682054
7.471481 109.654239
7.604164 113.648626
7.327103 109.618053
7.462051 111.205142
7.458801 111.579169
7.677910 111.329298
7.635544 114.011155
7.553741 112.381153
7.471870 112.936680
7.423416 110.965888
7.413872 110.516483
7.553101 113.125263
7.454109 114.421783
7.487549 112.470672
7.539986 112.199604
7.539505 115.422517
7.413780 113.222913
7.497620 110.411627
7.591507 113.147370
7.564705 110.928084
7.481575 110.337359
7.570129 114.352837
7.416161 110.981826
7.468323 112.951845
7.555962 113.234260
7.486542 111.014602
7.185265 110.406481
7.266289 107.994292
7.533920 114.078132
7.627396 112.779811
7.554863 112.740860
7.357864 111.050307
7.065102 108.217208
7.398239 109.562240
7.518402 112.209822
7.529457 114.554690
7.322067 111.280128
7.621239 116.710734
7.624901 112.613968
7.413185 109.670174
7.337769 110.696912
7.530785 114.109932
7.679283 112.790415
7.619751 115.941923
7.506203 113.733939
7.328796 112.314096
7.515015 110.350132
7.411949 113.133451
7.509796 112.430709
7.438705 111.793058
7.462601 112.861073
7.417854 111.043114
8.065132 120.571817
7.529045 115.367685
7.594620 112.816481
7.641701 118.873984
7.396156 108.536943
8.056206 120.593415
7.026512 109.767476
7.405334 111.799584
7.526550 113.184949
7.600021 115.476410
7.908623 116.127218
7.478554 113.073402
7.573860 112.247662
7.337883 110.853373
7.509293 113.464502
7.279335 108.771752
7.680313 116.431116
7.643921 112.893458
7.424011 112.062934
7.391647 110.271019
7.908371 116.312784
7.216141 110.028541
7.430099 110.718362
7.637901 116.540430
7.641930 111.741954
7.987312 119.175012
7.760307 116.773220
7.791389 114.143766
7.401581 112.565321
7.429619 112.515794
7.444450 113.180375
7.633186 114.357768
7.854080 117.702926
7.472397 111.995454
7.406021 109.435808
7.362762 111.532511
7.601509 113.848321
7.622887 114.745568
7.388145 107.235459
7.383224 112.360126
7.403824 111.573073
7.482170 111.999779
7.522202 111.405528
7.530785 114.109932
7.197647 109.915653
7.647720 114.917106
7.509956 114.836108
7.527397 113.893254
7.336761 110.149028
7.411537 110.143061
7.593956 111.784037
7.593956 111.784037
7.435226 112.784559
7.392563 110.192563
7.546028 112.471379
7.513733 114.487625
7.240013 109.162913
7.557495 112.843697
7.462395 110.769399
7.439919 112.925842
7.186913 108.770814
7.463951 112.239688
7.531540 113.983936
7.569305 114.181843
7.492149 112.947723
7.653168 114.068979
7.413872 110.516483
7.433464 112.930067
7.534561 114.032455
7.513733 114.487625
7.504372 112.685501
7.622887 112.008982
7.095222 106.676229
7.619522 114.941425
7.403824 111.573073
7.420326 112.448011
7.334816 111.288679
7.459602 112.018313
7.356720 108.447000
7.586380 113.826833
7.472603 111.402915
7.657997 113.879349
7.672668 112.621612
7.437744 113.520670
7.216141 110.028541
7.357864 111.050307
7.543030 111.831743
7.555962 113.234260
7.570267 113.608494
7.426048 113.581236
7.676903 115.093994
7.483932 113.286134
7.674522 115.768434
7.140152 104.302632
7.459602 112.018313
7.530853 116.498118
7.151024 109.306058
7.611099 113.474914
7.429596 112.723145
7.547722 111.068763
7.197395 109.552092
7.521332 115.125142
7.473175 113.745178
7.182610 110.408654
7.669830 116.012192
7.345573 110.387705
7.529457 114.554690
7.552666 114.989328
7.646851 117.431411
7.580956 115.229736
7.497986 113.848351
7.611099 113.474914
7.452599 109.672876
7.568275 115.950078
7.935516 120.151506
7.309982 108.752368
7.462715 114.405187
7.461182 111.512979
7.221336 104.975900
7.506958 114.179000
7.333488 112.267188
7.555847 111.870276
7.615631 112.946631
7.512245 111.851398
7.483452 112.820523
7.206940 110.062650
7.480202 114.125781
7.639503 114.716492
7.505402 111.585077
7.472603 113.274952
7.528748 113.470509
7.253014 109.346106
7.640350 115.398915
8.056206 120.593415
7.477959 112.291504
7.570267 113.608494
7.659691 113.106389
7.304855 109.123202
7.541794 112.592519
7.644585 113.653139
7.477158 112.957781
7.551613 112.237099
7.328453 110.779697
7.486610 111.431577
7.546188 112.420791
7.565826 115.311385
7.417946 110.773435
7.790382 112.931569
7.450882 112.434319
7.185265 110.406481
7.565437 113.656232
7.407921 112.769535
7.393135 112.116559
7.465805 113.483656
7.669716 113.323725
7.728081 118.159745
7.313118 110.210394
7.618675 112.906458
7.840965 112.136800
7.408264 111.223891
7.540627 114.374180
7.487549 112.470672
7.391991 109.544959
7.449028 112.536193
7.546097 112.848401
7.584526 114.300466
7.604256 114.019885
7.430099 110.718362
7.492149 112.947723
7.760033 114.926514
7.472603 113.274952
7.462646 109.856539
7.492149 112.947723
7.567726 112.465202
7.584846 112.089739
7.398514 108.595519
7.315247 107.567961
7.522202 111.405528
7.939980 119.775654
7.196754 109.104092
7.562714 111.641731
7.512245 111.851398
7.311813 108.042240
7.293365 108.343312
7.520760 111.978217
7.481850 112.055111
7.435959 112.592084
7.841171 113.768390
7.569717 114.426545
7.552803 114.391804
7.372948 111.163409
7.528748 113.470509
7.438454 111.236142
7.798782 115.799149
7.417351 114.220190
7.501671 112.169479
7.938194 115.893523
7.547356 113.923232
7.583542 113.926451
7.169083 108.582000
7.417946 110.773435
7.569603 114.259515
7.465324 111.003494
7.619247 113.710405
7.184532 106.895696
7.651520 112.402027
8.065132 120.571817
7.425728 113.126256
7.557495 112.843697
7.406021 109.435808
7.705353 114.629516
7.404900 109.664487
7.296822 110.580927
7.675896 114.633318
7.618103 112.921668
7.515747 115.329334
7.289520 112.923056
7.554314 111.340415
7.506203 113.733939
7.639503 114.716492
7.685532 116.802667
7.523003 113.217209
7.383224 112.360126
7.214058 109.772130
7.296822 110.580927
7.482651 109.799661
7.402977 110.308732
7.200531 110.605107
7.565529 114.977104
7.453514 112.200907
7.674522 115.768434
7.569649 112.832511
7.334564 112.181379
7.505058 110.034920
7.481918 113.953037
7.210030 112.027868
7.462646 109.856539
7.588234 113.043369
7.554886 114.770468
8.065773 121.127273
7.471481 109.654239
7.270981 106.895686
7.445114 111.495452
7.531540 113.983936
7.554703 111.125048
7.564911 115.452538
7.497803 112.750479
7.029350 105.210199
7.647720 114.917106
7.570267 113.608494
7.576012 115.944275
7.534081 113.424233
7.543716 113.864352
7.405861 111.003184
7.490845 113.382031
7.312180 108.595921
7.473450 111.784901
7.169083 108.582000
7.427742 111.467025
7.447861 108.088614
7.610001 112.857574
7.335228 108.172761
7.368553 110.922984
7.669853 113.094072
7.642525 113.709641
7.237221 109.824206
7.071075 110.033886
7.457153 112.477758
7.646851 117.431411
7.530304 113.064638
7.518219 112.520520
7.521790 112.653648
7.624969 111.245303
7.171120 106.839227
7.196365 110.207549
7.421425 111.563196
7.420555 112.510822
7.353653 109.824739
7.463127 113.193493
7.305313 111.947187
7.472603 111.402915
7.356079 112.812243
8.013222 120.185018
7.518242 114.141642
7.206116 108.645554
7.489861 112.980936
7.477089 109.226847
7.393410 111.242066
7.467453 112.070846
7.613434 114.308650
7.569603 114.259515
7.776718 116.428127
7.336761 110.149028
7.486839 112.878615
7.088219 108.510640
7.471481 109.654239
7.456352 111.159259
7.359787 110.556327
7.541451 115.760976
7.206390 109.222081
7.205750 109.451796
7.357864 111.050307
7.350105 111.146259
7.613434 114.308650
7.424011 112.062934
7.937691 115.653559
7.151115 104.777926
7.455917 110.912709
7.496384 112.806977
7.264160 109.349986
7.662941 115.055044
7.445114 111.495452
7.446671 111.340823
7.579216 114.449886
7.486610 111.431577
7.155396 108.720119
7.445114 111.495452
7.844215 119.175459
7.553673 115.725210
7.791389 114.143766
7.324287 112.443266
7.484825 109.996413
7.489540 114.701057
7.455826 112.799405
7.390297 109.984225
7.243881 109.947341
7.658546 115.232136
7.455917 110.912709
7.264160 109.349986
7.155396 108.720119
7.254730 109.554459
7.151115 104.777926
7.437103 111.435323
7.618103 112.921668
7.524605 112.399069
7.588234 113.043369
7.584663 113.585145
7.421425 111.563196
7.515015 110.350132
7.461411 112.221820
7.444450 113.180375
7.512108 113.641449
7.567726 112.465202
7.658409 113.198605
7.831718 115.989172
7.505402 111.585077
7.391876 110.085977
7.452599 109.672876
7.553101 113.125263
7.067001 106.109933
7.553673 115.725210
7.405334 111.799584
7.460541 110.897710
7.497963 112.581681
7.192749 112.099075
7.517097 111.865770
7.184532 106.895696
7.289795 112.782528
7.654037 114.788216
7.200783 108.704372
7.480202 114.125781
7.264046 108.911177
7.481461 113.553404
7.553787 115.673876
7.518219 112.520520
7.436142 112.741563
7.454704 113.130469
7.449142 112.606258
7.437744 113.520670
7.612175 113.082315
7.024132 105.188116
7.565826 115.311385
7.179085 108.938546
7.240013 109.162913
7.620209 115.616764
7.185265 110.406481
7.860352 113.718286
7.377342 109.667197
7.854080 117.702926
7.675575 112.508858
7.410507 110.885011
7.482170 111.999779
7.385948 109.415131
7.473312 113.892280
7.513733 114.487625
7.186913 108.770814
7.639000 116.425983
7.462715 114.405187
7.612381 115.875240
7.588005 112.466928
7.438408 111.945090
7.296432 108.662008
7.672943 113.448578
7.417236 112.229596
7.412109 111.124814
7.569351 113.956957
7.513733 114.487625
7.647720 114.917106
7.597160 114.815577
7.353653 109.824739
7.433990 113.767135
7.390297 109.984225
7.438705 111.793058
7.477089 109.226847
7.505241 113.564671
7.455826 112.799405
7.419937 110.727307
7.293365 108.343312
7.519066 111.406256
7.604164 113.648626
7.610001 112.857574
7.462395 110.769399
7.391876 110.085977
7.204102 111.129074
7.436142 112.741563
7.490822 112.831742
7.669853 113.094072
7.438705 111.793058
7.957924 117.914601
7.581802 113.731474
7.185287 109.351258
7.362762 111.532511
7.408516 112.994077
7.501945 113.303154
7.117905 109.023726
7.557793 113.253944
7.462601 112.861073
7.965179 115.502468
7.328796 112.314096
7.717461 114.364562
7.674522 115.768434
7.568733 113.278773
7.530304 113.064638
7.620209 115.616764
7.622887 114.745568
7.476288 112.949391
7.478554 113.073402
7.533348 113.169881
7.117905 109.023726
7.538429 113.923679
7.521240 111.184809
7.371094 109.187522
7.600548 113.478411
7.491394 114.576786
7.489861 112.980936
7.171646 110.281329
7.410828 108.756451
7.467453 112.070846
7.404900 109.664487
7.497986 113.848351
7.413185 109.670174
7.544289 114.633931
7.619522 114.941425
7.521240 111.184809
7.546188 112.420791
7.504074 112.793185
7.402977 110.308732
7.323715 110.430246
7.594208 113.864369
7.356720 108.447000
7.551613 112.237099
7.451477 114.253469
7.335228 108.172761
7.447426 111.858425
7.554863 112.740860
7.264046 108.911177
7.142281 105.812750
7.164803 105.653655
7.599197 114.477969
7.447586 114.164147
7.676903 115.093994
7.216141 110.028541
7.473175 113.745178
7.491280 115.099017
7.441154 112.827813
7.359673 107.459004
7.425728 113.126256
7.642776 115.184453
7.323715 110.430246
7.523895 113.323405
7.439758 113.502534
7.395149 108.955725
7.516205 111.146336
7.515152 110.976303
7.650696 113.842085
7.458801 111.579169
7.497803 112.750479
7.491280 115.099017
7.545502 111.972654
7.509476 111.428801
7.529182 113.130784
7.500298 113.229086
7.543510 113.457162
7.568436 112.717024
7.458801 111.579169
7.562874 112.498417
7.513115 110.578275
7.027039 106.505874
7.391876 110.085977
7.483452 112.820523
7.543510 113.457162
7.327972 110.934879
7.469742 112.732678
7.410805 113.487917
7.527397 113.893254
7.265945 109.174425
7.586517 115.750913
7.821350 111.871599
7.510780 113.949215
7.328705 108.351984
7.336716 108.590441
7.505402 111.585077
7.470039 111.795638
7.515472 115.191264
7.461182 111.512979
7.376541 112.232656
7.485603 112.916046
7.423416 110.965888
7.336761 110.149028
7.416161 110.981826
7.553101 115.175687
7.221336 104.975900
7.622749 115.432088
7.496132 113.056081
7.234337 110.861205
7.532936 113.850078
7.529045 115.367685
7.240929 108.366193
7.639595 115.600226
7.029350 105.210199
7.214058 109.772130
7.404488 111.170043
7.957924 117.914601
7.180000 109.506582
7.482925 112.992662
7.487892 112.125457
7.760033 114.926514
7.609634 110.189620
7.530876 113.893198
7.468163 113.524676
7.644218 112.542721
7.674522 115.768434
7.362144 112.622913
7.376541 112.232656
7.705353 114.629516
7.164803 105.653655
7.563583 113.370772
7.594574 114.113533
7.406021 109.435808
7.528748 113.470509
7.647537 114.364956
7.509499 113.278608
7.508583 116.373139
7.338226 109.636396
7.257637 109.861692
7.264160 109.349986
7.435066 111.227027
7.523895 113.323405
7.095222 106.676229
7.513115 110.578275
7.221336 104.975900
7.613434 114.308650
7.200783 108.704372
7.378555 111.919427
7.411537 110.143061
7.129372 106.262853
7.500298 113.229086
7.501671 112.169479
7.333488 112.267188
7.509865 111.027730
7.564705 110.928084
7.569717 114.426545
7.827965 115.896823
7.575211 111.885700
7.239189 110.943586
7.293365 108.343312
7.324287 112.443266
7.324287 112.443266
7.518242 114.141642
7.530510 112.989421
7.359993 111.442796
7.376541 112.232656
7.811462 117.363090
7.401581 112.565321
7.376541 112.232656
7.211266 108.871847
7.265945 109.174425
7.427948 111.848765
7.490822 112.831742
7.395470 113.778959
7.516960 115.584073
7.484917 113.235270
7.418610 114.459900
7.468117 114.139710
7.530853 116.498118
7.577362 113.803974
7.611603 112.628800
7.375534 108.474425
7.404488 111.170043
7.438225 112.544558
7.421127 111.522911
7.320671 110.006467
7.485603 112.916046
7.417854 111.043114
7.470039 111.795638
7.257637 109.861692
7.240906 109.193899
7.678986 112.384862
7.398239 109.562240
7.604851 116.399011
7.543030 111.831743
7.337883 110.853373
7.530853 116.498118
7.513733 114.487625
7.505058 110.034920
7.545891 113.261747
7.515152 110.976303
7.240929 108.366193
7.554314 111.340415
7.501945 113.303154
7.677910 111.329298
8.065773 121.127273
7.563583 113.370772
7.563240 114.092921
7.662941 115.055044
7.372948 111.163409
7.957924 117.914601
7.658546 115.232136
7.452599 109.672876
7.571526 113.819070
7.539070 111.898268
7.831718 115.989172
7.515152 110.976303
7.420555 112.510822
7.323715 110.430246
7.509956 114.836108
7.540627 114.374180
7.426598 112.282973
7.418037 116.491552
7.553101 113.125263
7.554863 112.740860
7.580956 115.229736
7.617737 113.713490
7.546097 112.848401
7.652985 114.180791
7.520004 115.489870
7.185265 110.406481
7.378166 109.466951
7.429024 110.106694
7.439758 113.502534
7.553101 115.175687
7.619247 113.710405
7.504211 109.223081
7.407921 112.769535
7.307144 110.655441
7.514397 112.778092
7.462532 114.587278
7.171120 106.839227
7.410278 112.092011
7.512245 111.851398
7.464500 111.750966
7.612381 115.875240
7.717461 114.364562
7.612381 115.875240
7.496384 112.806977
7.355164 111.673218
7.142281 105.812750
7.477158 112.957781
7.760307 116.773220
7.471870 112.936680
7.461182 110.535689
7.532936 113.850078
7.641930 111.741954
7.987312 119.175012
7.530785 114.109932
7.502129 113.318157
7.710846 116.235614
7.447426 111.858425
7.468117 114.139710
7.535088 115.056262
7.359673 107.459004
7.518242 114.141642
7.375534 108.474425
7.465805 113.483656
7.820618 115.365189
7.606613 113.355597
7.322067 111.280128
7.412109 111.124814
7.091652 106.810279
7.669830 116.012192
7.404510 110.820837
7.461411 112.221820
7.649643 113.102015
7.320854 111.407601
7.429024 110.106694
7.169472 108.205792
7.411949 113.133451
7.619522 114.941425
7.498604 112.191199
7.597160 114.815577
7.676903 115.093994
7.518700 112.674784
7.395470 113.778959
7.540947 114.186752
7.328705 108.351984
7.658546 115.232136
7.520004 115.489870
7.319916 110.181704
7.624901 112.613968
7.088219 108.510640
7.356720 108.447000
7.500298 113.229086
7.571571 112.348630
7.568275 115.950078
7.223076 106.454946
7.401741 109.438950
7.453445 111.872067
7.643967 117.031035
7.413185 107.593856
7.588234 113.043369
7.468826 111.550117
7.572144 113.477135
7.385925 111.067247
7.428291 111.170054
7.611603 112.628800
7.402977 110.308732
7.463104 111.447183
7.669853 113.094072
7.449142 112.606258
7.362762 111.532511
7.405334 111.799584
7.641701 118.873984
