2.000000 102.315619 109.128672 95.502567
2.100000 108.375901 114.695940 102.055861
2.200000 114.182726 120.036706 108.328745
2.300000 119.742385 125.157191 114.327580
2.400000 125.061102 130.063709 120.058495
2.500000 130.145031 134.762694 125.527368
2.600000 135.000258 139.260723 130.739793
2.700000 139.632802 143.564540 135.701063
2.800000 144.048613 147.681067 140.416158
2.900000 148.253572 151.617386 144.889759
3.000000 152.253495 155.380684 149.126306
3.100000 156.054127 158.978137 153.130117
3.200000 159.661145 162.416707 156.905583
3.300000 163.080160 165.702871 160.457449
3.400000 166.316712 168.842312 163.791112
3.500000 169.376276 171.839657 166.912894
3.600000 172.264255 174.698352 169.830159
3.700000 174.985988 177.420748 172.551229
3.800000 177.546744 180.008378 175.085110
3.900000 179.951723 182.462328 177.441117
4.000000 182.206058 184.783615 179.628500
4.100000 184.314813 186.973460 181.656166
4.200000 186.282985 189.033461 183.532509
4.300000 188.115503 190.965655 185.265352
4.400000 189.817227 192.772508 186.861946
4.500000 191.392949 194.456877 188.329020
4.600000 192.847392 196.021939 189.672844
4.700000 194.185213 197.471130 190.899295
4.800000 195.410999 198.808083 192.013915
4.900000 196.529271 200.036576 193.021965
5.000000 197.544479 201.160487 193.928470
5.100000 198.461006 202.183761 194.738252
5.200000 199.283169 203.110377 195.455962
5.300000 200.015215 203.944331 196.086098
5.400000 200.661321 204.689613 196.633030
5.500000 201.225600 205.350194 197.101006
5.600000 201.712093 205.930017 197.494170
5.700000 202.124777 206.432986 197.816567
5.800000 202.467556 206.862958 198.072153
5.900000 202.744269 207.223742 198.264796
6.000000 202.958687 207.519090 198.398284
6.100000 203.114512 207.752697 198.476326
6.200000 203.215377 207.928197 198.502558
6.300000 203.264849 208.049160 198.480539
6.400000 203.266426 208.119095 198.413757
6.500000 203.223537 208.141442 198.305631
6.600000 203.139543 208.119578 198.159507
6.700000 203.017738 208.056814 197.978661
6.800000 202.861347 207.956393 197.766300
6.900000 202.673527 207.821491 197.525563
7.000000 202.457368 207.655219 197.259516
7.100000 202.215889 207.460620 196.971159
7.200000 201.952045 207.240670 196.663420
7.300000 201.668719 206.998281 196.339158
7.400000 201.368729 206.736296 196.001161
7.500000 201.054821 206.457495 195.652148
7.600000 200.729678 206.164589 195.294766
7.700000 200.395910 205.860228 194.931592
7.800000 200.056062 205.546992 194.565132
7.900000 199.712610 205.227400 194.197820
8.000000 199.367961 204.903905 193.832017
8.100000 199.024456 204.578896 193.470015
8.200000 198.684365 204.254697 193.114033
8.300000 198.349892 203.933569 192.766215
8.400000 198.023172 203.617709 192.428636
8.500000 197.706273 203.309249 192.103298
8.600000 197.401194 203.010259 191.792128
8.700000 197.109864 202.722746 191.496982
8.800000 196.834148 202.448652 191.219644
8.900000 196.575840 202.189856 190.961823
9.000000 196.336665 201.948173 190.725158
9.100000 196.118284 201.725356 190.511211
9.200000 195.922285 201.523095 190.321476
9.300000 195.750192 201.343013 190.157370
9.400000 195.603457 201.186674 190.020240
9.500000 195.483468 201.055575 189.911360
9.600000 195.391541 200.951152 189.831930
9.700000 195.328927 200.874776 189.783077
9.800000 195.296807 200.827755 189.765859
9.900000 195.296294 200.811331 189.781256
10.000000 195.328433 200.826688 189.830178
10.100000 195.394203 200.874942 189.913463
10.200000 195.494511 200.957147 190.031874
10.300000 195.630199 201.074297 190.186100
10.400000 195.802039 201.227320 190.376758
10.500000 196.010736 201.417086 190.604387
10.600000 196.256927 201.644402 190.869453
10.700000 196.541181 201.910015 191.172346
10.800000 196.863996 202.214615 191.513377
10.900000 197.225806 202.558833 191.892779
11.000000 197.626974 202.943245 192.310704
11.100000 198.067797 203.368373 192.767222
11.200000 198.548502 203.834686 193.262318
11.300000 199.069249 204.342606 193.795893
11.400000 199.630130 204.892504 194.367755
11.500000 200.231167 205.484710 194.977624
11.600000 200.872316 206.119512 195.625120
11.700000 201.553464 206.797161 196.309768
11.800000 202.274431 207.517872 197.030990
11.900000 203.034967 208.281831 197.788103
12.000000 203.834755 209.089195 198.580315
12.100000 204.673409 209.940098 199.406721
12.200000 205.550477 210.834652 200.266302
12.300000 206.465436 211.772952 201.157921
12.400000 207.417698 212.755073 202.080322
12.500000 208.406603 213.781079 203.032127
12.600000 209.431426 214.851013 204.011839
12.700000 210.491373 215.964907 205.017840
12.800000 211.585583 217.122768 206.048397
12.900000 212.713123 218.324586 207.101661
13.000000 213.872997 219.570318 208.175676
13.100000 215.064137 220.859890 209.268384
13.200000 216.285408 222.193185 210.377632
13.300000 217.535609 223.570039 211.501179
13.400000 218.813467 224.990227 212.636708
13.500000 220.117645 226.453459 213.781831
13.600000 221.446734 227.959371 214.934097
13.700000 222.799259 229.507518 216.091000
13.800000 224.173677 231.097367 217.249988
13.900000 225.568377 232.728294 218.408460
14.000000 226.981678 234.399579 219.563777
14.100000 228.411833 236.110406 220.713260
14.200000 229.857026 237.859864 221.854187
14.300000 231.315372 239.646947 222.983797
14.400000 232.784920 241.470554 224.099286
14.500000 234.263649 243.329499 225.197800
14.600000 235.749471 245.222506 226.276436
14.700000 237.240229 247.148222 227.332237
14.800000 238.733699 249.105213 228.362185
14.900000 240.227587 251.091974 229.363201
