8.143789 -419.783962
8.093370 -437.633615
9.392634 -372.800598
10.534692 -2116.847505
12.114494 -638.984665
10.984164 -1341.793732
10.819421 -1198.773700
8.007989 -647.296482
8.434014 -879.976092
9.500937 -1093.805304
11.116225 -523.617598
10.878463 5109.930166
9.060654 -494.030834
7.832583 -265.302988
7.911179 -333.066303
7.941046 -318.490575
7.598727 -265.113183
7.181095 -221.321400
7.361775 -342.806884
7.392700 -281.142409
7.105953 -275.505424
7.065375 -338.343493
6.929703 -249.555614
6.496575 -409.351802
6.402418 -250.517936
6.539055 -308.763406
8.857946 -433.823285
6.410426 -550.056529
6.588158 -283.952105
5.214635 -181.084095
7.547123 -503.589946
6.344501 -244.352344
5.522042 -222.407805
8.666735 -447.890240
7.559910 -280.438265
3.526969 -552.293725
5.548643 -439.102764
6.003040 6969.694990
6.045684 -362.881975
5.949799 -205.676101
2.154067 -175.826812
5.419561 -254.473711
7.323802 -253.975293
6.124116 -237.575945
1.168909 608.627169
3.314672 -2198.262552
6.812198 -203.386386
6.360239 -177.287429
6.342044 -261.573166
7.208203 -196.854254
7.413260 -200.128949
7.165290 -173.140181
1.219088 -24009.785702
1.258316 34726.162556
6.641497 -168.822249
6.985612 -186.512547
7.976035 -237.188735
6.963927 -194.519807
8.934558 -304.103115
6.961085 -172.228620
5.728002 -265.080781
3.308827 -92.474112
1.655675 -230.568390
8.780953 -239.369011
8.724056 -250.885787
8.875788 -247.425722
3.538421 309.630511
4.528369 -120.634787
6.108045 -212.358656
6.525499 -138.179548
3.935649 -126.339086
3.800989 -168.038296
4.695823 -133.253705
6.096941 -236.156610
6.333381 -145.527988
7.544978 -252.806635
10.881574 -497.192334
7.760148 -343.743953
10.001024 -293.820015
8.470902 -310.269099
8.936228 1736.277020
8.614496 -614.665777
8.887329 -1143.262433
6.931180 -229.267161
6.411988 -210.691792
4.857424 -496.275349
8.355479 -325.246000
5.970542 -1550.781566
3.313448 -221.457400
2.545887 -128.831125
7.289366 -183.772268
7.560252 -188.446152
7.574019 -168.704968
4.130901 -85.507942
6.438872 -107.180648
5.760310 -103.656108
2.995566 -69.292503
3.832305 245.777253
6.564381 -112.495125
7.406436 -202.877302
7.846845 -223.486571
