2.000000 35812314.489449
2.100000 35528046.264186
2.200000 35247305.492283
2.300000 34972796.891880
2.400000 34704501.783293
2.500000 34442653.738916
2.600000 34186809.191284
2.700000 33940003.735822
2.800000 33701072.020104
2.900000 33468465.192929
3.000000 33245858.224139
3.100000 33033583.778449
3.200000 32832061.199982
3.300000 32641450.658105
3.400000 32459509.423331
3.500000 32287354.308542
3.600000 32125215.176798
3.700000 31972754.055983
3.800000 31829716.578524
3.900000 31696697.140609
4.000000 31574400.517982
4.100000 31458609.502848
4.200000 31352225.975295
4.300000 31253402.932997
4.400000 31162231.968582
4.500000 31077629.217562
4.600000 30999773.719127
4.700000 30928216.305858
4.800000 30861473.686543
4.900000 30800262.700482
5.000000 30746182.620387
5.100000 30696891.416289
5.200000 30652374.804846
5.300000 30611754.042315
5.400000 30574780.113659
5.500000 30542149.653413
5.600000 30511685.564379
5.700000 30483025.325296
5.800000 30456944.511597
5.900000 30432503.169782
6.000000 30410972.029982
6.100000 30395160.549491
6.200000 30374396.319965
6.300000 30357054.875735
6.400000 30335995.766973
6.500000 30323311.225923
6.600000 30320601.895155
6.700000 30318033.422258
6.800000 30321290.111485
6.900000 30318281.191000
7.000000 30309212.264901
7.100000 30302581.611184
7.200000 30298119.866393
7.300000 30298357.200054
7.400000 30294764.298189
7.500000 30293330.250051
7.600000 30294783.961456
7.700000 30297849.712449
7.800000 30298828.214211
7.900000 30298119.595524
8.000000 30296287.273498
8.100000 30294632.181773
8.200000 30293694.484014
8.300000 30293563.690339
8.400000 30294192.292835
8.500000 30295550.556827
8.600000 30297728.670524
8.700000 30301106.448753
8.800000 30306760.011612
8.900000 30317221.972106
9.000000 30335117.402462
9.100000 30345770.087329
9.200000 30338401.402559
9.300000 30333138.297736
9.400000 30332467.255655
9.500000 30334965.728267
9.600000 30339172.834152
9.700000 30344276.897348
9.800000 30349877.488551
9.900000 30355773.767016
10.000000 30361858.975273
10.100000 30368072.320018
10.200000 30374376.762013
10.300000 30380748.308059
10.400000 30387170.554030
10.500000 30393631.733382
10.600000 30400123.025293
10.700000 30406637.533571
10.800000 30413169.644721
10.900000 30419714.612840
11.000000 30426268.287019
11.100000 30432826.931653
11.200000 30439387.108748
11.300000 30445945.602120
11.400000 30452499.369863
11.500000 30459045.515763
11.600000 30465581.273120
11.700000 30472103.996485
11.800000 30478611.158184
11.900000 30485100.347503
12.000000 30491569.271154
12.100000 30498015.754086
12.200000 30504437.740121
12.300000 30510833.292072
12.400000 30517200.591234
12.500000 30523537.936167
12.600000 30529843.740820
12.700000 30536116.532058
12.800000 30542354.946657
12.900000 30548557.727880
13.000000 30554723.721709
13.100000 30560851.872827
13.200000 30566941.220414
13.300000 30572990.893846
13.400000 30579000.108330
13.500000 30584968.160550
13.600000 30590894.424340
13.700000 30596778.346444
13.800000 30602619.442355
13.900000 30608417.292293
14.000000 30614171.537307
14.100000 30619881.875519
14.200000 30625548.058532
14.300000 30631169.887985
14.400000 30636747.212276
14.500000 30642279.923432
14.600000 30647767.954151
14.700000 30653211.274989
14.800000 30658609.891699
14.900000 30663963.842722
15.000000 30669273.196812
