-1.9296630 3.7759089 -0.0259867
-2.4556158 4.8165270 -0.0681100
-2.7581321 5.0410421 0.7792861
-2.7073075 4.9431560 0.7615905
-2.1095852 3.8478453 0.5553367
-2.0128748 3.9464434 -0.3216948
-1.9298073 3.4768340 0.4995734
-2.0274404 3.6551385 0.5070443
-1.7346920 3.1407467 0.3902224
-1.3600047 2.4721600 0.2610674
-1.3960234 2.5174334 0.3123646
-1.1262476 2.0618500 0.1419497
-1.8346373 3.3199235 0.3327945
-1.9318459 3.5266035 0.2550444
-2.0318827 3.6718366 0.3521431
-1.6232087 2.9310138 0.2838780
-1.5016048 2.7355269 0.1828244
-2.2167388 3.8391157 0.8569866
-1.5313223 2.7295585 0.3352912
-1.5008184 2.6875675 0.2772452
-0.9826677 1.7562275 0.1692144
-1.5042289 2.6768174 0.2653350
-1.4285344 2.5424127 0.2439441
-1.7143843 3.0440001 0.3146012
-1.1074629 1.9682440 0.1943263
-2.3791250 4.2652710 0.2910172
-2.2962997 4.0749716 0.3845835
-0.9770715 1.7493372 0.1012783
-2.3529884 4.1836897 0.3179196
-2.8105808 5.0966693 -0.0029168
-2.3704899 4.2011117 0.3223503
-2.0798515 3.6999154 0.2290907
-1.4684125 2.6041315 0.1893005
-2.2004650 3.8767578 0.3723679
-2.2932651 4.0338158 0.4062614
-3.0320288 5.4655907 0.0656406
-2.0309071 3.5681996 0.3554788
-2.0125378 3.6183666 0.0473704
-2.0507885 3.5950027 0.3776855
-2.1050927 3.7204289 0.2746663
-2.6017593 4.5878833 0.3689795
-2.8298148 5.0912546 0.0071626
-1.9741935 3.4911244 0.2110404
-1.6752919 2.9449975 0.2381590
-2.1422442 3.7551852 0.3289925
-3.6062096 6.6181011 -0.5894815
-1.8591130 3.2786461 0.1810257
-2.0727105 3.6293588 0.3010916
-3.0504101 5.3334745 0.4661597
-3.4173970 6.0849585 0.0796832
-2.8071223 4.9304388 0.2929473
-2.3658095 4.1543222 0.2375012
-3.2400867 5.5633189 0.8186574
-2.1368824 3.7344473 0.2740053
-1.7389821 3.0191591 0.2947805
-2.4630512 4.3929957 -0.0981150
-2.0836939 3.6944804 0.0016914
-2.8205876 4.9786598 0.0935849
-1.2052903 2.1003352 0.1460848
-1.5691932 2.7115038 0.2729610
-3.4252326 5.9272659 0.5408573
-2.3999838 4.1654155 0.2990457
-2.0743404 3.5819450 0.3346315
-2.3743558 4.1612025 0.1085251
-2.0305189 3.5304234 0.2006131
-2.8853316 4.9550701 0.5293339
-2.1629941 3.8185471 -0.0664091
-2.0462835 3.6065660 -0.0402782
-2.2187902 3.8214747 0.3316369
-2.3748430 4.1806573 -0.0516610
-2.6984546 4.7301221 0.0245210
-2.4518250 4.2894541 0.0549599
-1.3295420 2.3636247 -0.1444880
-3.2016624 5.6840589 -0.3302936
-2.8353954 5.0285089 -0.3021244
-2.7572623 4.8202348 0.0230952
-2.4020849 4.2127078 -0.0618244
-2.6775931 4.5887827 0.4161049
-2.4203893 4.1532757 0.3484472
-2.2264042 3.8022689 0.3908642
-2.0778325 3.5660646 0.2591680
-2.0859466 3.5943296 0.1855891
-2.8901199 4.8872811 0.6981276
-1.9989021 3.6110123 -0.6286248
-2.0973502 3.6046500 0.2157707
-2.5435368 4.4348773 -0.0468246
-2.9050517 5.0593721 -0.0261752
-2.3542525 4.0388003 0.2623421
-3.4472646 5.8272415 0.8009096
-1.5180288 2.6081021 0.1479580
-1.8504776 3.1660105 0.2439099
-1.7894478 3.0727759 0.1763406
-2.6478321 4.5482033 0.2527349
-2.7748229 4.7314266 0.4346218
-1.8568514 3.2224441 0.0120337
-2.7880586 4.9181152 -0.3719063
-2.1328006 3.6222865 0.3656274
-2.8751071 4.8878651 0.4407666
-3.8521488 6.7403953 -0.3881147
-1.4251055 2.4375125 0.1384806
-2.4720801 4.3153427 -0.2322127
-1.3663415 2.3327660 0.1321924
-3.2885022 5.6577716 0.0835836
-1.2405809 2.0839479 0.2928770
-2.4348991 4.1193673 0.3723571
-2.5396226 4.2928328 0.3995476
-1.3709132 2.4204215 -0.3453495
-2.7782629 4.6877759 0.4692356
-2.0838148 3.6240618 -0.2408692
-1.4817717 2.5985211 -0.2925297
-2.3049793 4.0873209 -0.7527576
-2.8333714 4.7669816 0.4698151
-3.0986323 5.3549475 -0.2805827
-2.6837644 4.5988320 -0.0297863
-2.5347356 4.2851349 0.2632565
-3.6851199 6.3121882 -0.0956174
-1.9681021 3.3152239 0.2659749
-2.0112304 3.3971934 0.2148726
-3.0426170 5.2426354 -0.2774328
-2.2301884 3.7708493 0.2072421
-3.4850215 5.9993323 -0.3198933
-2.3746665 3.9942611 0.3161736
-1.4392555 2.4512731 0.0073497
-1.5356969 2.6704878 -0.3803780
-1.3603004 2.3604657 -0.3066904
-2.4060960 4.0911949 -0.0414981
-1.8484678 3.1158260 0.0615293
-1.3934622 2.3314338 0.1526142
-2.3049637 4.0396067 -0.9364526
-1.4219626 2.3817594 0.1352520
-2.4740368 4.1350723 0.2867330
-2.5413893 4.2331855 0.3726523
-2.4363215 4.0649991 0.2930528
-3.4236080 5.6974676 0.4634104
-2.9072254 4.8994023 -0.0393108
-3.3087262 5.6150114 -0.3111043
-1.9734004 3.3188589 0.0008795
-2.8407131 4.7080035 0.4604773
-3.2866411 5.5325620 -0.0645569
-3.2633241 5.4835549 0.0000343
-2.7140067 4.5477835 -0.0017287
-3.1137822 5.2532754 -0.4177324
-1.6275225 2.6918496 0.1799586
-2.6280114 4.3255551 0.4004724
-2.3801080 3.9646240 -0.0250040
-2.3108761 3.8051376 0.3182464
-2.7932608 4.6235831 -0.0533859
-2.6676766 4.4315030 -0.3520762
-2.8983754 4.7737349 -0.0610603
-2.9078280 4.7806560 0.0181347
-1.6994007 2.8312504 -0.3497709
-3.0437861 5.0265008 -0.3862671
-1.9425982 3.0353701 0.0141655
-0.7614348 1.1455057 0.0720132
-1.7274227 2.5792447 0.1934074
-1.3433620 1.9889973 0.1469568
-2.7134434 3.9789391 -0.0009497
-1.7013401 2.4824345 -0.0368777
-2.4094364 3.5358575 0.3247669
-1.7343810 2.5387989 0.1684506
-2.7982778 4.0631998 -0.0700647
-2.0315464 2.9743667 0.2330845
-2.0776805 3.0227420 0.2168219
-1.7068937 2.4323629 -0.2101016
-2.1590200 3.1235507 0.2303139
-2.0281198 2.9116253 0.2896826
-1.8225866 2.4590356 -0.0396036
-1.5817022 2.1308850 -0.0195186
-2.2918896 3.0873765 0.0013383
-2.2318003 2.9998145 -0.0302839
-1.9808102 2.6575513 0.0151795
-2.6650946 3.6368757 0.3349634
-2.0112878 2.6935146 0.0298144
-2.3296841 3.1621045 0.2930628
-2.3841656 3.1530272 -0.0487044
-2.3734570 3.1737136 0.3437570
-1.8994757 2.4018142 -0.0493502
-1.7668270 2.2404443 0.2120121
-2.2860176 2.9052343 0.3363924
-2.3365411 2.9545267 0.3115968
-2.0970909 2.5363372 -0.0106048
-1.7738927 2.1987139 0.2057803
-2.1869799 2.5335846 -0.0587885
-3.8661390 4.4260735 0.0600055
-2.3685880 2.6674103 0.0106011
-2.4444584 2.7547632 0.0603151
-2.7389198 3.1945821 0.3480080
-2.7160800 2.9963988 0.0247741
-2.5353432 2.6370447 -0.0584019
-2.7502333 2.8511208 -0.0679378
-0.8490311 0.8842520 0.0135436
-1.8290312 1.9014336 0.0390033
-3.6799629 3.7294595 -0.0040235
-1.8385368 1.8713073 0.0125747
-2.4278467 2.4493290 -0.0122895
-2.3383768 2.3449470 0.0401706
-2.4000140 2.3859610 0.0533484
-2.6008201 2.3932382 -0.2308225
-3.9663828 3.2606443 -0.9685835
-2.9692482 2.8641662 0.0074655
-3.9447320 2.6952148 -1.6450024
-2.2997484 1.5453887 -0.9661034
-2.1298796 1.8537464 -0.1549786
-2.3242345 1.8904101 -0.3542387
-3.6426095 2.9655265 -0.5292778
-2.6339642 2.2196570 -0.2630202
-2.2674505 2.0544344 -0.0109105
-2.3449977 2.0224474 -0.1548067
-2.8184587 2.4711013 -0.0791883
-3.0329064 2.6977982 -0.0190322
-2.7729788 2.2205014 -0.3733613
-2.6810127 2.6050373 0.3283895
-3.0027572 2.9134283 0.3631493
-2.7797740 2.7744899 0.5095730
-2.9716192 2.3955188 -0.2472706
-3.0018567 2.6079830 0.0334266
-2.7211067 2.4035837 0.0869387
-1.7632517 1.6797326 0.2339776
-3.7339748 3.1978378 0.0150024
-4.0760345 3.4880789 0.0168331
-2.6114348 2.2215793 -0.0046615
-3.7695776 3.2270394 0.0217011
-2.9442384 2.4684245 -0.0216883
-2.2781215 1.9237407 0.0190540
-2.8035875 2.4117298 0.0849433
-3.0711013 2.5482952 -0.0311108
-2.9889269 2.4873321 0.0022391
-2.8753446 2.3978547 0.0125130
-2.6216518 2.3054667 0.1830379
-2.3305078 1.7811753 -0.1406920
-2.6646574 2.1190025 -0.0449066
-2.2819339 1.8057879 -0.0407653
-2.6241699 2.0765831 -0.0228018
-2.5607900 2.1894349 0.1969079
-2.9060481 2.3228283 0.0211812
-2.6648678 2.0910260 -0.0287695
-1.7455054 1.3846877 0.0027379
-2.4189257 1.7730835 -0.1781536
-2.1040075 1.6388696 -0.0256468
-2.0274757 1.5920838 0.0004184
-2.4338860 1.8982875 -0.0108960
-2.5761680 2.0158700 0.0010130
-2.1302043 1.6290770 -0.0442284
-2.8963739 2.1902763 -0.0879946
-2.5513075 2.2106039 0.2752012
-2.8036552 2.1734185 -0.0123628
-1.6567050 1.2858417 -0.0019386
-1.1887283 0.9236662 0.0002680
-2.5380581 2.1527305 0.2234183
-2.1360131 1.7900540 0.1614892
-1.3467856 1.0500554 0.0058289
-2.6063227 2.0040173 -0.0189101
-2.4690208 1.9109780 -0.0018278
-2.2594657 1.7897634 0.0526256
-1.8753984 1.4652843 0.0201917
-1.5536572 1.2215263 0.0297150
-1.6117081 1.2295393 -0.0117675
-2.0530713 1.6070804 0.0379568
-2.6562412 2.0572691 0.0259317
-1.4047113 1.0941872 0.0228199
-2.1426558 1.5957989 -0.0448625
-1.9725898 1.5271072 0.0301470
-2.9880433 2.2297678 -0.0457433
-1.3985455 1.0849823 0.0289714
-1.7548218 1.3731354 0.0525554
-2.7140315 2.0464792 -0.0054230
-2.1345781 1.5940536 -0.0227884
-2.5514587 1.9746432 0.0556160
-2.7171032 2.0696974 0.0201345
-1.8496077 1.4160711 0.0232750
-2.2686279 1.7083601 -0.0037615
-2.6930842 2.0001588 -0.0356767
-2.2080612 1.6342757 -0.0346620
-2.1090420 1.7749299 0.2413153
-1.7311447 1.2954797 0.0151322
-2.1955778 1.6689996 0.0522080
-1.5576687 1.1661990 0.0217481
-1.2344060 0.9269245 0.0215495
-3.9618623 1.4846042 -1.6613223
-2.7796568 1.6705617 -0.4268037
-2.3393212 1.7725674 0.0730846
-1.5292751 1.1576879 0.0470064
-3.2649440 2.5599036 0.2176136
-3.0134079 2.2245262 0.0454109
-1.4710327 1.0919247 0.0321906
-2.9048255 2.0356165 -0.0384351
-2.2767936 1.6152175 0.0062794
-1.5857772 1.0990672 -0.0247485
-2.7316207 2.2382885 0.3462900
-2.4767755 0.9157145 -0.9346773
-2.8249939 1.9224196 -0.0748369
-3.3692148 1.9141473 -0.4790382
-1.9286376 1.3310028 -0.0116700
-2.5430535 1.7692988 0.0027349
-6.3717436 3.6399168 -0.8635321
-2.0725390 1.4090350 -0.0223698
-3.2711958 2.2435562 0.0006334
-2.1589970 1.4657498 -0.0149104
-2.1250631 1.4372706 -0.0100554
-1.5093525 0.9956430 -0.0342036
-2.7642142 1.8319613 -0.0518888
-2.8582797 1.9264653 -0.0099932
-1.6506814 0.5904706 -0.5712001
-1.1467481 0.4064437 -0.4001016
-3.0407476 2.3594350 0.3330138
-1.4007907 0.5020160 -0.4801788
-4.5757329 2.7235692 -0.3547306
-2.3432671 1.5353186 -0.0289700
-4.0513907 2.4393113 -0.2640670
-3.4357255 2.0712864 -0.2137234
-6.1713834 3.6760322 -0.4177646
-4.2894316 2.5465711 -0.2965312
-5.7825973 3.4692180 -0.3504485
-3.1778575 2.0516102 -0.0368685
-4.0152513 2.4001712 -0.2478910
-3.1309470 1.8655884 -0.1990279
-5.4924217 3.0901330 -0.5417689
-2.0311311 1.2015338 -0.1364033
-2.0534533 1.3174909 -0.0248804
-2.9815108 1.9262500 -0.0168568
-1.3020791 0.8373172 -0.0103034
-2.7085228 1.8163053 0.0607425
-4.6953024 2.7701773 -0.2877268
-2.9518028 1.7384148 -0.1796501
-2.8399611 1.8243963 -0.0120861
-3.9309378 2.2933203 -0.2599765
-3.4588581 2.0137625 -0.2323964
-4.2984036 2.5261340 -0.2607575
-4.4003824 2.5846126 -0.2556492
-3.7043941 2.1291311 -0.2563040
-3.7592878 2.1949018 -0.2225875
-2.9985765 1.7396346 -0.1871997
-5.4519689 3.1016869 -0.4031295
-4.2825697 2.4352827 -0.3035059
-4.3566803 2.5073576 -0.2705415
-3.8346370 2.2172334 -0.2261111
-4.2857786 2.3858940 -0.3326287
-3.6012139 2.0808097 -0.2008031
-4.6348166 2.6297231 -0.2899004
-3.2015350 1.3016968 -0.7223494
-3.5926856 2.0573656 -0.1972393
-4.5894686 2.5637234 -0.3167768
-5.5920365 3.1382287 -0.3649290
-5.1684443 2.8331209 -0.4000174
-5.7005745 3.1516392 -0.4132999
-4.6090369 2.5670389 -0.3123067
-4.6445156 2.7926870 -0.0941776
-4.4744722 2.6981988 -0.0801241
-5.3935941 3.2156290 -0.1279654
-1.9952768 1.2096189 -0.0268005
-3.6123433 2.2002640 -0.0361797
-3.6013523 2.0195711 -0.2101742
-4.2027540 2.3152990 -0.2859851
-4.4088954 2.6660270 -0.0393266
-4.1570125 2.4646492 -0.0817269
-5.7193188 3.3984929 -0.0893080
-3.0421810 1.7825823 -0.0700083
-3.4596495 2.0349111 -0.0704360
-4.1530728 2.4571628 -0.0673684
-3.8589348 2.2624441 -0.0754745
-4.1620475 2.5348853 0.0223590
-3.8092975 2.2053497 -0.0929926
-4.4730407 2.6633109 -0.0346974
-3.9688906 2.2733528 -0.1164899
-4.5445002 2.7113307 -0.0215669
-3.4698698 2.0685392 -0.0099019
-2.1019875 1.2569991 -0.0014730
-4.6537170 2.7791352 -0.0008834
-4.0455027 2.4063225 -0.0075698
-4.4661555 2.5691479 -0.0916791
-3.2493402 1.8492763 -0.0815759
-5.5209343 3.2766345 -0.0027049
-3.4910142 2.4087839 0.3355299
-4.8022696 2.9124602 0.0656490
-3.9465418 2.3671456 0.0410239
-5.5816663 3.2392375 -0.0469367
-3.1691548 1.9101735 0.0440446
-3.7887883 2.1236245 -0.0974852
-4.0037371 2.2492641 -0.0977662
-3.3170081 1.9023424 -0.0423177
-4.3074335 2.5478082 0.0227435
-4.2650439 2.4503922 -0.0473109
-4.5590527 2.6746591 0.0143837
-4.0645026 2.4207112 0.0501892
-3.9588985 2.2932284 -0.0093588
-4.4150525 2.5622323 -0.0024022
-3.6927960 2.0968623 -0.0433445
-3.6528232 2.0763121 -0.0354223
-2.4774266 1.3895394 -0.0422304
-4.9266398 2.9424717 0.1017442
-5.2257021 2.9420080 -0.0613743
-3.1656735 1.6292911 -0.1841779
-4.2066850 2.3627767 -0.0521431
-3.8850147 2.2242496 -0.0049339
-4.6731773 2.6233254 -0.0514614
-5.2008106 2.9068821 -0.0689023
-3.9086062 2.1885788 -0.0473445
-4.2961262 2.4834978 0.0268238
-4.2528562 2.4905697 0.0579052
-1.6046541 1.0465261 0.1262605
-4.1524247 2.3699111 0.0028620
-4.4211610 2.4356227 -0.0816297
-6.1917805 3.6212435 0.0952329
-4.7183063 2.7434546 0.0759707
-3.2147622 1.6153473 -0.1845388
-3.3800383 1.9425637 0.0469260
-4.8927940 2.8234171 0.0858802
-2.6716045 0.9074053 -0.5577945
-3.7477697 2.1719114 0.0899361
-4.2604747 2.3522699 -0.0072729
-4.3144883 2.4412082 0.1025565
-3.6983533 2.2132891 0.2116159
-4.2282778 2.5393236 0.2505154
-2.1003568 1.2744991 0.1445671
-3.4298014 1.7533035 -0.0643639
-3.6136431 2.1618313 0.2265057
-5.3809553 3.2211405 0.3410065
-4.2325153 2.5060870 0.2447154
-3.7746454 2.2307355 0.2386417
-3.0026931 1.7818982 0.2023752
-4.5247274 2.6228212 0.2520341
-4.2384341 2.4827455 0.2679487
-3.9179054 2.3201786 0.2717814
-4.6155492 2.6406899 0.2423442
-4.1647970 2.4520880 0.2835905
-4.8081852 2.8082971 0.3097461
-5.4664452 3.3015055 0.4530389
-3.2625623 1.9165288 0.2224212
-4.0909530 2.4012779 0.2796094
-4.7706188 2.7594715 0.2917113
-3.5423930 2.0854392 0.2520346
-3.6879889 2.2239783 0.3191512
-3.7763154 2.1731608 0.2381875
-3.0185183 1.7577158 0.2213925
-3.5337101 1.7699903 0.0085547
-4.0154676 2.2495175 0.2307017
-3.8296610 1.9118689 0.0117094
-4.1974237 2.3972652 0.2927841
-4.1253847 2.3075237 0.2502584
-4.5092855 2.6792730 0.4150519
-2.4022403 1.3500662 0.1557800
-4.3321255 2.4685712 0.3152222
-4.2655636 2.3795703 0.2769519
-3.3591641 1.9079781 0.2493840
-3.4244323 1.9427958 0.2559840
-2.4508890 1.3814003 0.1768745
-4.3586216 2.4543140 0.3231309
-3.5574046 1.7053453 0.0081442
-4.8583598 1.3330935 -0.8105079
-2.8194608 0.8171200 -0.4260353
-2.6778948 0.7557385 -0.4146934
-3.3466442 1.6104816 0.0611312
-5.7268369 3.2647906 0.5495293
-4.7065121 1.6194002 -0.4637207
-2.4763375 1.0725747 -0.0477837
-2.6221575 0.6879764 -0.4373180
-3.3693284 0.9459964 -0.5057539
-3.4862789 1.5964265 0.0142301
-4.6988838 1.3263779 -0.6934836
-5.2886900 3.0048927 0.5302112
-3.8340805 2.1350064 0.3473940
-5.3249377 2.9273948 0.4667472
-3.8791898 2.1257658 0.3389605
-4.9899719 1.2947923 -0.7976862
-3.4838299 0.9031739 -0.5571508
-2.7069573 0.7427746 -0.3975593
-4.6092777 1.2321258 -0.6839365
-3.2842524 1.3609745 -0.0740564
-2.1955350 0.9184624 -0.0416549
-3.0486951 1.3474842 0.0172354
-5.1027332 1.3681969 -0.7224114
-4.8524036 1.5972529 -0.4326245
-3.1591016 1.5935774 0.1889785
-2.6127083 1.0641645 -0.0479851
-3.7801894 1.5507911 -0.0468469
-3.1677498 1.2905656 -0.0431911
-2.3602790 0.6114263 -0.3219321
-3.3322626 1.3149246 -0.0628266
-5.5171680 1.4385188 -0.6702654
-3.6828521 1.5706609 0.0669741
-4.8298048 1.3431201 -0.4706183
-3.3328861 1.3204296 0.0017059
-3.1434283 1.3120743 0.0607329
-5.3955486 1.4830918 -0.5228271
-5.0591006 1.3949650 -0.4805813
-2.4768510 0.9631854 -0.0038024
-3.5670301 1.7046278 0.2584839
-5.3201896 1.4165033 -0.5193697
-3.2318820 1.2571716 0.0078435
-3.4077652 1.3102243 0.0008982
-2.3331423 1.3087742 0.3377187
-2.8488301 1.0994380 0.0122278
-4.0104806 1.6008236 0.0767356
-2.2703866 0.4810195 -0.2878555
-1.4063315 0.3943544 -0.0988326
-2.4087409 1.1710115 0.2468897
-3.3072239 1.8348237 0.5321871
-4.9731509 1.2360127 -0.3973376
-3.8134724 1.0527631 -0.2191067
-4.5295247 1.1098819 -0.3616093
-4.6513529 2.6662473 0.8581516
-1.8746040 1.2540485 0.4869533
-7.0303756 1.8059535 -0.4147339
-2.9057859 0.7360006 -0.1649855
-3.6715681 1.4619929 0.2139090
-3.1481496 0.6903051 -0.2394593
-3.0116471 0.0671180 -0.6421777
-3.8485754 0.6993310 -0.3173538
-2.8743954 -0.0255517 -0.6255766
-5.3873341 1.4816416 -0.0157113
-2.3182041 0.0434106 -0.4488158
-2.0072638 -0.0336075 -0.4005821
-3.3642629 0.5286930 -0.2248493
-2.2626248 0.7881621 0.1729236
-5.9199654 1.4504551 0.0596363
-3.7114634 0.8041130 -0.0258777
-4.4679244 0.9261208 -0.0610756
-3.9891730 1.5070213 0.4370423
-5.3314025 0.1189111 -0.7111317
-4.9519702 0.1137244 -0.6529402
-1.9640197 0.3869481 -0.0096145
-4.8696291 1.0134615 0.0159050
-7.2597542 -0.0880644 -1.0244381
-4.3425034 0.8836930 0.0534072
-2.5355022 -0.0464766 -0.3529594
-4.0890717 1.1855570 0.3089311
-4.3472521 0.9022230 0.0903849
-4.9768295 1.4302002 0.3797822
-5.6120745 1.4550282 0.3265776
-5.3495574 1.3842676 0.3147663
-4.3893195 1.1482030 0.2716277
-4.0017822 0.8107103 0.0856824
-4.8095932 -0.6433416 -1.0078070
-1.7868753 -0.0071831 -0.2107642
-3.1509114 0.5910428 0.0447811
-3.2125466 0.9088442 0.2586855
-8.2921050 -0.2572444 -1.0995542
-3.0425902 0.2574191 -0.1610953
-2.3846316 -0.4407090 -0.5618505
-3.8889967 0.5458733 -0.0320996
-3.6591428 0.5272510 -0.0153310
-2.1694300 0.3361724 0.0203447
-2.6543332 0.3585889 0.0030546
-1.1935200 -0.2536717 -0.2609005
-5.9898500 -0.0509229 -0.4573658
-3.6502587 -0.7890653 -0.7730591
-5.4437847 -0.0101425 -0.3836309
-4.2314778 0.7814100 0.2198433
-5.5118878 -0.0031226 -0.3747535
-7.2860016 0.0412336 -0.4520889
-5.6168138 0.0582511 -0.3292386
-3.8750060 0.2957694 -0.0544183
-3.1853209 0.6477308 0.2203604
-2.7300399 0.1998397 -0.0372428
-5.1322937 0.0335492 -0.2894784
-3.3692782 -0.7248713 -0.6709058
-6.2437777 0.0637642 -0.3285834
-6.3097493 0.0332857 -0.3510963
-3.5676858 0.2180686 -0.0682596
-5.8828877 0.0179787 -0.3310806
-4.9557648 -0.2875564 -0.4692643
-3.2664591 0.2157485 -0.0450229
-2.3612607 0.0153881 -0.1118514
-3.6620970 0.1986148 -0.0551127
-3.1698084 0.1914836 -0.0316713
-3.4726140 0.2267772 -0.0232805
-2.5013002 0.1922301 0.0034575
-5.1795155 -0.0481052 -0.2676912
-6.3808421 -0.0501477 -0.2876217
-3.3319035 0.1549171 -0.0335212
-3.3125059 0.1724541 -0.0211730
-3.4136301 0.1766707 -0.0216564
-3.0666629 0.1420658 -0.0213065
-4.9961020 1.4751607 0.7625265
-3.5169636 0.1440785 -0.0259327
-3.6111938 0.1956372 0.0086770
-3.7471905 -0.2760723 -0.2871261
-3.1253207 -0.1774571 -0.2055851
-4.6076535 0.0342242 -0.1118684
-4.6944678 1.2080866 0.6270726
-2.8090994 0.1508367 0.0170231
-4.9012511 0.0138634 -0.1162937
-3.6237085 -0.2816089 -0.2685602
-3.8788169 0.2012782 0.0278990
-2.8154288 0.1289633 0.0132161
-2.8660486 0.7296462 0.3904128
-3.6168823 0.0770242 -0.0333105
-2.7837958 -0.1907027 -0.1815164
-2.7007165 -0.1319788 -0.1428336
-2.9267206 0.0615487 -0.0266718
-4.8590151 -0.0101992 -0.1099859
-6.4563669 -0.0469663 -0.1560197
-4.0384912 0.0110794 -0.0714827
-3.9399286 -0.2878898 -0.2545338
-4.1219975 0.0046702 -0.0737705
-2.9638370 -0.2185097 -0.1892135
-3.5326877 0.1957688 0.0614471
-2.8922867 -0.2564997 -0.2078646
-4.3837739 0.0657257 -0.0280510
-5.5590277 0.0443272 -0.0574618
-3.7574108 0.4311723 0.2106940
-4.0390617 0.0362247 -0.0351478
-3.8742580 0.0527952 -0.0167318
-3.0838328 0.3733247 0.1927231
-4.4930712 0.0039787 -0.0503938
-4.8189398 -0.0550221 -0.0867932
-4.3422825 -0.0596156 -0.0690422
-6.2270364 0.1360311 0.0401001
-5.2333520 -0.0194919 -0.0397920
-4.7520627 -0.0196795 -0.0327615
-5.3398521 -0.0247626 -0.0349026
-5.5495275 -0.0772732 -0.0669320
-5.4618989 0.0363773 0.0048581
-3.0373400 -0.7661007 -0.4787237
-4.4989142 0.0172329 -0.0035127
-4.2209518 -0.0502790 -0.0384789
-3.1178330 -0.6507262 -0.3989157
-2.8564531 -1.1158583 -0.6793332
-4.8902735 -0.0047782 0.0073953
-4.7003265 -0.0862881 -0.0392798
-5.9740859 0.0517769 0.0501135
-2.4480991 0.0008387 0.0192142
-2.8606276 -0.4193617 -0.2179674
-3.1909936 -0.1413290 -0.0443638
-2.7630556 -0.1410904 -0.0491784
-4.0439220 -0.1795476 -0.0531053
-5.2517762 -0.2298581 -0.0645631
-3.0138143 -0.8261777 -0.4515831
-4.5541644 -0.0547010 0.0365328
-4.7745333 -0.1231495 0.0011036
-3.0943178 -0.1497841 -0.0389374
-1.6778262 -0.0378330 0.0062931
-3.3634976 -0.1871044 -0.0495885
-4.3406077 -1.1504009 -0.6035093
-2.6070262 -0.4009727 -0.1837525
-3.9340577 -1.5601472 -0.8451242
-1.8966545 -0.1388791 -0.0413884
-6.4913442 -0.0004015 0.1532497
-4.1816535 -1.1425734 -0.5787855
-3.1729525 -0.1831335 -0.0259877
-6.2819705 -1.7848228 -0.8893677
-3.5102637 -0.1659585 -0.0027981
-3.7153191 -0.1959876 -0.0125395
-3.9312118 -0.2538470 -0.0289561
-2.9945117 -1.3034939 -0.6733340
-4.2769609 -0.3250758 -0.0407467
-3.1306787 -1.3632081 -0.6828120
-3.8298524 -0.1974986 0.0277009
-3.3041585 -1.4441572 -0.7221382
-2.5188637 -0.6823300 -0.3048972
-4.3299523 0.0569988 0.2449261
-3.5727139 -0.4066776 -0.0563612
-4.1061538 -0.0147047 0.2051122
-4.2552748 -0.3813240 0.0040133
-3.0436761 -0.4056253 -0.0702091
-1.1021928 -0.0787696 0.0146633
-3.9045483 -0.4226220 -0.0279921
-5.4991936 0.0900540 0.3545686
-3.3797812 -0.2992785 0.0213973
-1.5305070 -0.3345173 -0.1011103
-3.1695226 -0.7051851 -0.2152102
-3.0463996 -0.8319765 -0.2942060
-3.7748202 -0.9745539 -0.3281807
-3.8542060 -0.5273827 -0.0649165
-3.9921216 -0.4452531 -0.0066886
-4.1820206 -0.5341150 -0.0379247
-6.7529254 0.0183869 0.4521402
-4.4747186 0.0619801 0.3359010
-4.1117797 0.0277925 0.2950484
-3.6848234 -0.7635022 -0.1774498
-2.5622526 -0.6974346 -0.2153765
-3.3530811 -0.9265491 -0.2791527
-2.6261742 -0.3089455 0.0176236
-6.5727496 -1.7341574 -0.4715327
-2.4681213 -0.4466369 -0.0511516
-6.5965386 -1.7774933 -0.4507919
-2.5343054 -0.6695311 -0.1632849
-5.1760448 -1.4259333 -0.3655111
-2.5500390 -0.6517342 -0.1507865
-4.3047490 0.8395060 0.8253506
-5.0669420 -1.3405018 -0.3219400
-5.1968024 -1.3939969 -0.3329026
-3.6928186 -0.6567285 -0.0473997
-3.6463964 -0.0840125 0.2719187
-4.6226710 -1.2220778 -0.2693179
-2.4560880 -0.4175361 -0.0141583
-3.0940245 -0.5277306 -0.0185128
-1.9971544 -0.3641451 -0.0242444
-2.8052897 -0.8949430 -0.2429579
-3.2061751 -0.6618438 -0.0781020
-4.5888139 -1.2310129 -0.2599234
-3.7564038 -0.7792126 -0.0867270
-2.8095224 -1.8211723 -0.7475746
-4.2861975 -1.1172439 -0.2221846
-1.5658377 -1.0307747 -0.4242158
-5.1724850 -1.3789877 -0.2801584
-3.9441090 -1.0649875 -0.2187697
-6.1092254 -1.5898975 -0.3003176
-2.7669421 -0.5083651 -0.0186761
-2.3649743 -0.4206745 -0.0076723
-1.9747834 -1.3360075 -0.5459608
-6.0641108 -1.6628602 -0.3252882
-1.9056433 -0.3319028 0.0028476
-1.2911645 -0.2240955 0.0031187
-3.5089827 -0.6411316 -0.0024987
-3.0507806 -0.5522079 0.0054723
-2.5462443 -0.5035231 -0.0183833
-5.2958340 -1.4606334 -0.2601129
-3.5519090 -0.6246208 0.0292765
-2.9969084 -0.5543534 0.0099952
-2.2198679 -0.4293697 0.0008149
-2.6990644 -0.5172071 0.0066324
-3.2520292 -0.6845881 -0.0243957
-3.4327610 -0.7388194 -0.0337009
-2.8437967 -0.5632460 0.0047270
-0.5666704 -0.3808959 -0.1438171
-1.5508549 -0.3411417 -0.0148659
-2.8448115 -0.5055183 0.0380011
-3.6730530 -0.7279017 0.0097813
-3.1617167 -0.7041554 -0.0317278
-1.5594736 -0.2927175 0.0148379
-2.0902102 0.4211254 0.4594201
-2.6459853 -0.5790064 -0.0145612
-3.6160877 -0.7767345 -0.0083820
-3.0134771 -0.5411763 0.0527754
-3.8963760 -0.8319982 0.0043474
-4.4139116 -1.1351903 -0.0976700
-3.8115908 -0.8095737 0.0092937
-2.4723987 -0.4581469 0.0421926
-4.5907912 -1.1405894 -0.0756470
-5.2431482 -1.3720637 -0.1173347
-3.7570999 0.0604674 0.4744784
-1.6761507 -1.1330182 -0.4070822
-2.8000729 -0.6808056 -0.0322589
-2.3707873 0.0054670 0.2834093
-2.3669136 -0.4403187 0.0459424
-2.7953540 -0.6791241 -0.0282271
-3.4408656 -0.6638487 0.0583412
-4.5250340 -1.1674192 -0.0791650
-4.1362209 -1.0364886 -0.0525787
-3.7590528 0.5260481 0.7343724
-3.1826542 -0.8067278 -0.0382910
-3.5670752 -0.8942935 -0.0371129
-1.1563476 -0.2350778 0.0205091
-1.5982861 -1.0657614 -0.3637311
-4.4353334 -1.1660733 -0.0600996
-4.3818539 -1.1484705 -0.0451165
-4.5145692 -1.1626425 -0.0350249
-3.2134851 -0.8116351 -0.0093235
-3.6262948 -0.9337577 -0.0196891
-2.6176610 -0.5548678 0.0524157
-3.5238084 -0.9197253 -0.0166989
-3.7965462 -0.9954588 -0.0198985
-5.2715477 -1.4339032 -0.0414370
-4.6634925 -1.1535458 0.0266289
-4.3679154 0.5447853 0.8819077
-4.5331132 -1.1770685 0.0075701
-5.4927936 -1.3440372 0.0583835
-2.6786938 -0.7752843 -0.0331651
-1.1533911 -0.2913049 0.0082818
-3.7604202 -1.1009244 -0.0430660
-3.2055751 -0.4097285 0.2390030
-4.1801562 -0.6185566 0.2794589
-3.6984912 -1.0730580 -0.0166562
-4.8216223 -1.3681657 0.0066350
-4.4986252 -1.2868300 0.0027974
-4.6688612 -1.2995365 0.0326160
-4.1868875 -1.0850835 0.0820102
-5.9674230 -1.5831162 0.0995355
-3.2395572 -1.3284020 -0.1858334
-3.7072202 -0.6903324 0.2199530
-3.0412954 -0.8422921 0.0425616
-0.6821788 -0.2873156 -0.0405025
-3.6078194 -1.2136960 -0.0573295
-2.7893774 -0.5175535 0.1717915
-3.5900635 -1.4575500 -0.1777606
-2.8878897 -1.9656037 -0.5436333
-2.6341677 -1.2513704 -0.2173785
-3.7526585 -2.2217986 -0.5279807
-2.9766293 -1.0356177 -0.0319980
-3.4744144 -1.1049722 0.0179083
-2.4820773 -0.5459390 0.1379858
-2.9424168 -1.0745324 -0.0387018
-3.9147368 -1.3577202 -0.0080902
-4.3707097 -0.8404553 0.3420727
-4.6115490 -2.6565229 -0.5025639
-4.0569558 -1.3893552 0.0349907
-3.5977563 -1.7062010 -0.2018199
-4.7775273 -2.2883360 -0.2744212
-1.9065809 -0.7004800 -0.0042012
-4.9061805 -2.3517721 -0.2778151
-3.9814489 -1.8689395 -0.2059146
-4.5208285 -1.1736747 0.2401496
-6.0438651 -3.4053558 -0.5815468
-4.4726867 -2.1126385 -0.2283708
-3.3492396 -1.9120043 -0.3330874
-3.4811524 -1.6879523 -0.1981649
-4.2589690 -2.0334243 -0.2227817
-4.1293320 -1.0651899 0.2313491
-4.0519766 -2.2206248 -0.3488563
-3.5712955 -1.7331952 -0.1957943
-3.1923976 -1.5660836 -0.1813412
-5.9152672 -3.2783448 -0.5167601
-3.1751741 -1.5583069 -0.1780937
-4.0976283 -2.0280532 -0.2364670
-3.9547485 -1.8859413 -0.1899916
-3.9059986 -1.9210136 -0.2146032
-3.3290603 -1.6030648 -0.1655752
-2.3289938 -0.8604464 0.0132280
-3.5140143 -1.6409459 -0.1473481
-4.3918244 -1.8099205 -0.0661549
-3.8498665 -1.8430671 -0.1782650
-1.9058421 -0.6729232 0.0288419
-4.3082285 -2.0893324 -0.2083705
-4.6983055 -2.7102340 -0.4346730
-2.8193609 -1.3941466 -0.1473536
-2.8990469 -1.4493095 -0.1564893
-3.2926587 -1.6155453 -0.1628373
-1.7286431 -0.8536452 -0.0874513
-4.3309597 -2.1022887 -0.1997170
-2.7078421 0.0639811 0.5521630
-3.8843875 -1.9600232 -0.2017839
-3.1904782 -1.5875045 -0.1538743
-3.6106337 -1.7415667 -0.1464616
-2.6148118 -0.9500870 0.0449169
-3.7456849 -1.7902776 -0.1428880
-1.1193756 -0.5661928 -0.0568543
-4.6286420 -2.2248746 -0.1786555
-4.6437859 -2.2768832 -0.2007647
-2.8730380 -1.1142832 0.0201336
-2.5722893 -1.3022820 -0.1273753
-3.4027005 -1.6552393 -0.1325507
-4.9798665 -2.2954169 -0.1308489
-1.9687319 -0.9927209 -0.0912599
-5.5388856 -3.3000957 -0.4996164
-3.8379690 -2.1355243 -0.2667089
-4.8843257 -2.8868706 -0.4200944
-4.1018457 -1.9705633 -0.1333883
-4.6737674 -2.2395464 -0.1429464
-4.8631313 -2.8108909 -0.3720784
-3.8758269 -2.2949775 -0.3190458
-5.2638904 -3.0372733 -0.3923179
-3.4361198 -1.7416698 -0.1400586
-2.0545734 0.0350916 0.4325348
-3.6953148 -1.8860566 -0.1507308
-3.8856229 -2.2623820 -0.2887251
-5.2255927 -2.4507856 -0.1037852
-4.7721227 -2.9008432 -0.4109763
-4.9008952 -2.8738211 -0.3680848
-3.5546100 0.0505868 0.7539161
-3.6563710 -2.0566388 -0.2281917
-4.1754690 -2.4226656 -0.2958894
-4.4940911 -2.6264040 -0.3272175
-4.4753924 -2.5761241 -0.3055512
-4.1744667 -1.9620124 -0.0739357
-5.1909067 -2.8819580 -0.2990242
-4.1256219 -2.0848942 -0.1355341
-3.0527656 -1.4962723 -0.0779733
-1.9467455 -0.9753313 -0.0596499
-2.7320042 -1.5275732 -0.1591904
-2.4617438 -1.2407468 -0.0786819
-4.4604821 -2.6733901 -0.3440013
-5.1731515 -2.6105435 -0.1645211
-4.1503093 -2.0504551 -0.1090151
-4.8362068 -2.7486946 -0.2973542
-3.9831757 -2.2537677 -0.2378582
-3.9350740 -2.3022361 -0.2691701
-6.1076453 -2.9219500 -0.1078132
-1.3442069 -0.6761724 -0.0385091
-4.8248378 -1.2832637 0.4087723
-2.5717978 -1.3338821 -0.0900879
-4.4235848 -2.5709518 -0.2859678
-4.5796648 -1.2170218 0.3890925
-4.3038481 -2.1237128 -0.0986696
-3.4253602 -1.6368164 -0.0512011
-3.2975136 -1.9076591 -0.2048608
-3.4456087 -2.0500518 -0.2400249
-1.6964547 -0.8237423 -0.0280710
-3.3019749 -1.6467619 -0.0750980
-4.1181847 -2.5169219 -0.3113531
-4.6073461 -2.2879481 -0.0963735
-4.6962039 -2.3023997 -0.0833256
-3.8049911 -1.9717401 -0.1142727
-4.2340646 -2.1112811 -0.0866786
-4.1004590 -2.0008426 -0.0631828
-4.4601910 -2.2814335 -0.1151095
-4.6780288 -2.8140097 -0.3168972
-2.6968775 -1.3907811 -0.0721042
-4.2648486 -2.5935384 -0.2990169
-4.8813703 -2.3862288 -0.0673882
-3.3125324 -1.7025764 -0.0836430
-5.0543036 -2.9952297 -0.3143133
-2.4519154 -1.4550025 -0.1529705
-3.6157790 -1.7721469 -0.0499681
-5.0263018 -2.4621735 -0.0666261
-4.0855572 -1.9333556 -0.0217556
-4.6278592 -2.2460572 -0.0488410
-2.1567883 -0.7144264 0.1333922
-5.5986699 -3.2698071 -0.3174632
-4.0778611 -2.0830975 -0.0901963
-2.5283127 -1.4529356 -0.1306605
-2.5046974 -1.2744287 -0.0513242
-3.3880020 -1.7397453 -0.0744712
-3.9541645 -2.0235308 -0.0833670
-3.6732505 -1.8683191 -0.0711075
-3.5110237 -1.7921116 -0.0703483
-3.2194740 -1.5674810 -0.0276495
-3.8285844 -1.8472533 -0.0241742
-1.3773164 -0.8851420 -0.1102937
-4.1227389 -2.0997410 -0.0722098
-4.7935889 -2.3929545 -0.0579510
-3.5778366 -1.7869021 -0.0361935
-3.2409916 -0.9211776 0.2938117
-2.9787418 -0.8197812 0.2842375
-3.3260131 -1.6333405 0.0109143
-3.4368295 -1.6822015 0.0205103
-3.6568678 -2.3007265 -0.2097568
-3.9179304 -2.1859075 -0.0929967
-4.0772242 -2.2847586 -0.0958802
-1.6795671 -0.7110933 0.0679203
-3.3371336 -2.1703249 -0.2118182
-5.1243650 -2.9082311 -0.1259311
-3.9346672 -2.2265049 -0.0903060
-3.7713594 -1.8867234 0.0289477
-4.3784206 -2.4111001 -0.0652736
-3.8310294 -2.2187131 -0.1049322
-2.1481306 -1.5859965 -0.2142435
-4.0363240 -2.2826959 -0.0816992
-5.8347981 -3.3556390 -0.1411053
-4.1891021 -2.1459252 0.0263258
-3.5233678 -1.5562269 0.1354341
-4.7001967 -2.7541435 -0.1251507
-3.3596870 -1.7263979 0.0258105
-5.1885428 -3.0056443 -0.1137269
-5.8924608 -3.4841699 -0.1598846
-4.2085643 -2.4906675 -0.1130585
-4.4636049 -2.4527845 -0.0288920
-4.4910235 -2.5079551 -0.0431714
-2.3833401 -1.2988940 -0.0072273
-4.0045342 -1.9247449 0.1099332
-4.3313522 -2.4310565 -0.0359009
-3.8138285 -2.0717043 -0.0004012
-4.5417047 -2.4995911 -0.0070029
-4.2793854 -2.5309279 -0.0821086
-4.7853755 -2.8729427 -0.1063811
-5.1818959 -1.2809339 0.7403046
-5.4236853 -2.9645050 0.0527812
-1.9888737 -0.8853639 0.1098495
-4.8768414 -2.8725701 -0.0348772
-5.0804865 -2.9057152 0.0023974
-4.7986608 -2.6643704 0.0413318
-3.4044996 -2.8970820 -0.4041173
-4.8894094 -2.9412342 -0.0324375
-4.5365587 -2.6912799 -0.0132190
-3.7323303 -1.6244232 0.2549667
-5.5135675 -3.1193057 0.0736852
-6.5186291 -3.6080989 0.1285078
-5.9632948 -1.5281412 0.9287733
-2.0871776 -1.8205975 -0.2346629
-2.6873577 -1.5269215 0.0549678
-4.5168516 -2.6614420 0.0530275
-5.4432173 -3.1680189 0.1105508
-3.9402866 -1.1798519 0.5659659
-5.7892777 -1.6106151 0.9093435
-3.1613083 -1.5568893 0.2116676
-3.6335291 -1.8437874 0.2224049
-2.0632714 -1.8500529 -0.2164334
-2.6784405 -1.3440593 0.1786515
-3.9944813 -2.0768343 0.2636118
-4.2201244 -0.8186118 0.8764155
-3.0125413 -1.5040002 0.2428864
-4.0164777 -1.3708617 0.6150781
-2.8534749 -2.1966514 -0.0656618
-3.0681114 -2.6872108 -0.2034820
-2.9753552 -2.6351660 -0.2013137
-6.4852026 -3.7063624 0.4232645
-5.6739789 -3.1864071 0.3999394
-2.6679741 -2.3781693 -0.1749372
-3.0409999 -2.3707536 -0.0551507
-3.5866571 -1.7733034 0.3593050
-1.9753888 -1.5267554 -0.0100018
-2.3264370 -1.7653634 0.0060465
-1.4071806 -1.3651637 -0.0970605
-2.0177867 -2.0063533 -0.1487678
-4.0305908 -2.6577043 0.2529183
-1.9685167 -1.9366915 -0.1285762
-2.6444349 -2.1286301 0.0218139
-3.2202293 -1.8268608 0.3426590
-2.8657362 -2.2874973 0.0485584
-3.5749637 -2.3107907 0.2864401
-2.5845882 -3.5434512 -0.4950999
-2.8508784 -3.9982997 -0.5616616
-3.0514509 -1.7111090 0.4140039
-3.6735055 -2.0746245 0.5018598
-6.0317899 -3.3058795 0.8797402
-3.1392657 -1.8199460 0.4203177
-4.0248248 -2.6800955 0.4262329
-2.2718097 -1.5145688 0.2440088
-3.3935917 -1.8652857 0.5205757
-3.9805442 -2.9391701 0.3551206
-3.5989937 -2.1532067 0.5204003
-4.1092677 -2.4912783 0.6143213
-4.2692980 -3.4046837 0.3463574
-3.0139217 -2.3826514 0.2688191
-2.0099001 -0.2281793 0.6772065
-3.0683407 -2.3882326 0.3282523
-5.7485221 -3.3367325 1.0287536
-4.1800884 -3.2515698 0.4531819
-2.9808681 -1.7140349 0.5451842
-5.6762673 -3.3210537 1.0436899
-3.9645286 -3.4694819 0.3943313
-3.2434099 -3.3479994 0.2356028
-4.7212491 -1.2813964 1.6409916
-2.5155678 -2.5779114 0.2773755
-2.1527749 -3.2270748 -0.0258430
-2.8421405 -3.2045837 0.3024205
-3.2231147 0.0687053 1.5075300
-3.2448574 0.3104098 1.6108548
-7.1413907 -2.5267971 2.7088578
-3.8148368 -3.7985740 1.9384171
-2.3348534 -2.2789063 1.2646761
-5.1513981 -2.9750251 3.5542256
-6.4951597 -4.6571002 4.9666603
0.0369209 -5.6688689 10.1727211
0.7043586 1.4636022 6.4681308
2.9118361 1.7710888 1.9846055
5.5612767 -0.0690537 1.1691645
9.1223512 -0.1367363 1.2457749
7.0264542 -0.0172003 1.0066331
6.8520968 -0.0656241 0.9429636
3.2149028 3.1815629 2.6880976
7.0641401 0.0299850 0.9719783
6.5290709 0.0079784 0.8462646
6.6254950 0.0965667 0.9072703
1.8807230 -0.0462247 0.0227175
5.3779533 1.8278430 1.2679333
4.6637029 1.6497122 1.1364968
1.3011586 -0.0602486 -0.0130555
1.5128030 -0.0599086 -0.0149987
5.1966881 1.7480259 1.1540770
2.0782729 0.0286757 0.0060319
5.8178234 2.0789411 1.2155325
4.6104018 1.6628090 0.9503565
5.9842175 0.7525443 0.2357762
4.9002044 2.1601755 1.0821396
1.3953862 0.1838502 0.0336624
4.1136937 1.4116444 0.5283085
4.0073754 0.0221153 -0.2979211
5.0154195 1.7699919 0.5833756
2.6450784 0.3566838 -0.0147640
6.1220073 2.2577006 0.7636002
3.7874204 1.2876355 0.4079641
2.1530815 0.2894592 -0.0148683
3.2687518 0.4436868 -0.0206454
4.9041414 1.8500935 0.6091399
3.8046016 1.4635233 0.4821689
4.1352199 1.5464705 0.4895555
3.7378184 1.3176844 0.3935545
4.6472566 1.7315904 0.5365904
2.9899174 1.0671965 0.3183928
3.2971827 1.1898677 0.3557100
2.6021853 0.9577084 0.2895518
3.5512505 1.2674971 0.3718652
3.5956514 1.3547413 0.4150615
4.9159660 1.8404879 0.5338020
3.2827298 1.1930130 0.3355371
4.7446355 1.6988780 0.4634930
4.4321965 1.5660712 0.4054453
4.1768667 1.6172670 0.4525015
4.7854049 1.7839323 0.4744572
4.9947074 1.8524496 0.4853981
4.8289353 1.8710497 0.5047267
1.7384113 0.3710747 0.0144782
2.9444101 1.1217211 0.2909995
4.3360092 1.6126113 0.4040385
2.0780611 0.5388886 0.0588479
4.1209687 1.5485328 0.3736657
5.5963060 0.7547759 -0.2713382
1.6783207 0.5323919 0.0756529
1.4517265 0.3589830 0.0095907
1.5652788 0.4557424 0.0465816
1.8532606 0.4393575 0.0018389
2.5946350 0.6162505 0.0030280
0.7960684 0.2365312 0.0251053
2.3262033 0.6365489 0.0193005
4.3868966 1.5280349 0.1973350
4.4308192 1.5772719 0.2160394
4.3652591 1.5650485 0.2089953
4.3569369 1.5494639 0.1983826
5.1991403 2.9194140 0.7915694
4.1862355 1.4879573 0.1887805
1.6816330 0.3476848 -0.0665421
5.0736542 2.9852372 0.7753951
5.7498216 3.3671330 0.8521665
3.7990470 1.9006374 0.3885199
1.8109617 0.7230032 0.0882198
4.8256385 2.4689405 0.5089980
2.9461367 1.4487679 0.2786356
4.2298639 1.5000325 0.0969386
2.0192543 0.8350734 0.1065121
4.4267205 2.5969379 0.6210956
2.0596756 1.0186039 0.1902638
1.8085698 0.6436225 0.0383575
1.7684428 0.4612988 -0.0540075
1.9440900 0.8157796 0.0952290
1.8180347 0.5685146 -0.0094499
3.0657669 1.4157403 0.2068260
2.8326697 1.2110173 0.1411951
4.2415956 1.4434999 0.0246151
2.1859282 0.7707158 0.0241822
3.9259658 2.0761197 0.3866802
2.0134458 0.8005822 0.0635497
2.1057484 0.5637091 -0.0728261
4.4177490 2.1823448 0.3444819
2.6164989 1.3179839 0.2153616
2.6004202 1.3716253 0.2440156
2.5888043 1.0954014 0.1070396
3.5187224 1.6892817 0.2416162
2.8262519 1.4238704 0.2272120
3.7448936 1.8852425 0.2969952
5.1206923 2.6971107 0.4614451
4.1356030 2.1132233 0.3351512
4.2911229 2.2773745 0.3855699
2.6699784 1.3455598 0.2043162
3.3842037 1.5435784 0.1777937
2.1619109 0.5899298 -0.0846872
2.3462414 1.0220891 0.0973985
4.4268888 2.3584162 0.3935017
5.5226596 2.9038367 0.4710877
1.2056055 0.4959953 0.0332091
1.2134600 0.4064312 -0.0139719
3.4829992 1.8811673 0.3129995
3.5105146 1.6697940 0.2026354
3.7670084 2.1658448 0.4015886
3.0424425 1.5728546 0.2367008
3.8800802 1.9115331 0.2547159
4.1297800 2.1831632 0.3403493
2.7052981 0.8110183 -0.0834980
2.4019085 1.2357705 0.1772235
4.7116709 3.0484525 0.6527248
1.5838481 0.6303763 0.0233571
4.3822184 1.7753753 0.0756690
2.4141335 1.0812663 0.0899294
2.8547683 1.4920410 0.2077755
3.8767169 1.9593153 0.2419728
3.2529300 1.5309401 0.1469190
3.1876482 1.4707055 0.1293662
4.8801359 3.1105049 0.6164439
1.8054787 0.9298295 0.1145928
3.6213784 1.8298449 0.2119063
2.4892315 1.1430038 0.0852187
4.5761422 2.3513826 0.2782401
2.7346117 1.2632750 0.0968559
2.6610319 1.3207026 0.1382313
4.5689555 1.9048167 0.0597149
1.9641136 1.0585828 0.1415788
4.4279751 1.7634462 0.0135253
3.0819026 1.3142128 0.0481566
3.4022594 2.0332192 0.3360946
4.4318262 1.8385973 0.0398274
1.5807415 0.8348536 0.1004570
4.4530912 1.8542162 0.0399541
2.4844205 1.2474673 0.1243531
4.3861949 1.9728204 0.1004890
2.5430940 0.9053178 -0.0588350
4.8681081 1.7050969 -0.1277724
2.2793482 1.3386789 0.2012513
2.8712154 1.2959995 0.0629267
4.5760465 2.0276202 0.0773499
4.2762320 1.5206207 -0.1095393
4.1169215 1.8945856 0.1014762
2.3361631 1.0732106 0.0560991
1.8791564 2.1954033 0.6872103
2.4446966 1.0880737 0.0361087
2.1531306 1.2225116 0.1580517
3.6444206 2.0944597 0.2790209
4.2156462 1.5064046 -0.1230590
2.6274032 1.1814499 0.0376671
2.4262718 1.0653681 0.0190554
1.2920219 0.5439526 -0.0014954
4.2561239 1.7701132 -0.0153881
3.8919205 2.5358337 0.4207117
1.9524441 0.8126544 -0.0101950
2.6691572 1.5825935 0.2109138
3.7328033 2.2593095 0.3149992
2.2406869 0.9943498 0.0129972
3.7934878 2.6722902 0.4933679
2.5914568 1.1759575 0.0256533
4.7339845 2.1580266 0.0482126
1.3629509 0.5641286 -0.0160221
2.9768269 1.7361200 0.2007906
4.4041162 1.8148463 -0.0622830
2.3132932 1.0717368 0.0196260
4.4733501 1.6129994 -0.1809531
5.2157900 1.8672812 -0.2177275
3.1501208 2.1457451 0.3437605
4.1240010 2.9309865 0.5006986
1.7407163 0.7886483 -0.0056607
3.8583827 1.7283778 -0.0256348
1.8311736 0.8276603 -0.0114651
4.8684919 1.7572352 -0.2402432
1.7604694 0.6301236 -0.0944815
2.9093149 1.3216868 -0.0570660
1.8443060 0.9384511 0.0044271
4.2313361 1.9440984 -0.0875310
3.9428859 1.7971072 -0.0887733
2.9785628 1.5275760 0.0106307
3.8771164 1.8127418 -0.0712779
4.0250961 1.8789248 -0.0762368
4.0392765 1.8868129 -0.0763728
3.4155500 1.9525472 0.0989828
3.5575875 1.5877942 -0.1062742
5.4021644 3.1018847 0.1529060
3.9870058 2.2915499 0.1106469
3.2540962 1.8550576 0.0818103
5.4324181 3.1064357 0.1398809
3.8096017 2.1311579 0.0759994
2.5034140 1.4069914 0.0507985
4.3578984 2.5427013 0.1230632
3.5957894 2.0552030 0.0780156
1.5692085 1.8058273 0.4482317
2.8907707 1.6155814 0.0458556
4.5642814 2.5423053 0.0681077
3.8106826 2.2278804 0.1016643
3.7377375 2.1602987 0.0882827
3.7645401 2.1468937 0.0727034
2.1158679 1.0719246 -0.0204888
4.1214505 2.3721325 0.0869532
3.1015819 1.7128223 0.0308380
1.3271677 0.7669584 0.0257615
3.5144006 2.0688724 0.0851784
4.9503698 2.7618956 0.0492869
1.9128786 0.9673227 -0.0265145
2.9712420 1.3370342 -0.1218943
3.9944653 2.2440835 0.0347092
2.4743334 1.3496683 0.0004970
2.5148656 1.5007570 0.0580522
3.3832977 2.0244142 0.0734675
2.8915961 1.6397189 0.0219406
3.4559075 1.7311388 -0.0770501
1.7153297 0.9887981 0.0200066
3.4616420 2.0587770 0.0682478
3.5939296 2.0071628 0.0106438
3.2625172 2.5517968 0.3374558
2.7221303 1.4810888 -0.0119686
3.0231924 1.7532588 0.0321836
2.8653055 1.7150559 0.0530593
2.7052670 1.5114454 -0.0014357
2.9720589 1.7255914 0.0265320
1.4462546 0.8613577 0.0218887
1.7686927 0.9912730 -0.0035729
2.2544073 1.2483205 -0.0122542
2.4458098 1.3757537 -0.0047652
3.6649990 1.7041197 -0.1687866
3.2879572 1.9614698 0.0413412
1.9633429 1.1553170 0.0159172
3.2244045 1.8857369 0.0202658
3.1590250 1.8151470 0.0048799
0.9803612 0.5469306 -0.0061129
2.4389149 1.3730140 -0.0102358
1.5877631 0.9145521 0.0025071
2.3100507 1.3962130 0.0324820
1.9172314 1.0768157 -0.0099011
3.1571808 2.4354973 0.2777782
2.5357093 1.4079698 -0.0215079
3.2291040 1.9544212 0.0417126
0.8985280 0.5463321 0.0119135
2.8782118 1.6827183 0.0078785
3.3369940 2.0050520 0.0303370
1.8815685 1.0662687 -0.0124494
2.2483818 1.3154828 0.0029449
2.5715962 1.5149681 0.0072727
2.8548513 1.5708816 -0.0425574
3.5287437 2.0043489 -0.0255996
3.4210279 1.9072036 -0.0422977
2.9503148 1.7348179 -0.0005984
3.0890911 1.8511371 0.0145596
1.8392470 1.0672077 -0.0074446
2.4339235 1.4846237 0.0194958
2.1407057 1.2433788 -0.0109752
2.2762934 1.6825203 0.1465524
2.6086325 1.5648702 0.0057311
2.2038102 0.9668743 -0.1516867
2.2235912 1.4548353 0.0575858
2.6456555 1.7360612 0.0702405
0.7086305 0.4118750 -0.0046189
3.1929638 1.9274417 0.0082922
2.7046595 1.7720553 0.0673389
2.9250639 2.8156376 0.4672497
2.4121897 1.3607114 -0.0374236
2.6390122 2.0255999 0.1950374
2.0158366 1.3410953 0.0581062
2.2394390 1.4851528 0.0602148
2.3047670 1.3745111 -0.0056938
2.9203112 1.6214289 -0.0601977
1.8081590 1.0797138 -0.0049546
2.8672442 1.6944680 -0.0180096
2.4797205 1.6735931 0.0738647
1.7048507 1.1234314 0.0388368
3.5315995 1.9828106 -0.0709838
3.3886847 2.0694044 0.0040181
2.1623822 1.2830975 -0.0158006
2.5862858 1.7662902 0.0788968
3.2557856 1.8156800 -0.0793835
3.0900260 2.0743513 0.0777586
3.1465640 1.9058123 -0.0111726
3.0074240 1.9538615 0.0469311
1.5003987 1.0179995 0.0422428
2.9456474 1.9214058 0.0475941
2.1253667 1.4445078 0.0591328
2.8074242 1.8357600 0.0442208
2.4982993 1.6997766 0.0676593
2.6775123 1.7765975 0.0527073
1.5368191 0.8947935 -0.0246731
1.6899585 1.1289761 0.0354721
1.3610016 0.9164579 0.0297005
1.9744032 1.9071234 0.2939905
3.4799183 1.9681511 -0.0881096
2.8555402 1.6829243 -0.0437231
3.1759678 2.1710983 0.0805629
3.0015188 1.9421008 0.0282846
2.7951457 1.2564401 -0.2154227
1.3212052 1.0540582 0.0974423
1.1011331 0.7605783 0.0293239
1.7144761 1.0338730 -0.0197681
3.0983891 1.4535328 -0.2160425
2.4122077 1.5412848 0.0093455
2.6144907 1.5399877 -0.0470329
3.1490353 2.1424384 0.0672214
3.0035421 1.9684372 0.0315756
2.9369480 2.0186041 0.0700489
2.7919840 1.7860565 0.0069721
1.5423374 0.9991629 0.0089984
2.8381195 1.8363063 0.0148973
2.9043977 1.6949732 -0.0674805
2.4605949 1.5823152 0.0057586
3.0810109 1.7794744 -0.0800742
1.8631366 1.2059593 0.0070132
2.0788337 1.3525780 0.0108032
2.3107496 1.5282941 0.0211691
1.8232281 1.4132320 0.1056687
2.4197048 1.4518294 -0.0429888
1.9479015 1.2463533 -0.0016279
2.1723190 1.4480646 0.0223455
3.0655751 1.8405906 -0.0580272
4.3285748 2.5885159 -0.0899635
3.6314775 2.3268762 -0.0104566
2.2848939 1.4684846 -0.0074650
3.5187666 2.2709371 -0.0079952
2.6687856 1.7419578 0.0014315
3.9976013 2.3652739 -0.1047394
4.2575189 2.7510544 -0.0134496
1.5753651 1.0349464 0.0009228
1.9054882 1.2346953 -0.0062849
3.3277218 2.1637982 -0.0115511
3.7097599 2.4109849 -0.0158583
2.0100852 1.3331248 0.0021249
2.9137297 1.9064158 -0.0096003
2.8735458 1.9107586 0.0000240
1.8136242 1.2537922 0.0196193
2.8646943 1.8794897 -0.0147846
2.7017737 1.7445473 -0.0260459
2.8770140 1.8955024 -0.0145343
3.8624287 2.4786644 -0.0476568
4.1978534 2.2179577 -0.2597104
3.2150838 2.0965998 -0.0384733
3.7908712 2.4460930 -0.0664947
2.6982549 1.7592467 -0.0416235
3.5310767 2.2931165 -0.0584228
0.5663692 2.1768367 0.7535929
2.6490993 1.7780263 -0.0215610
2.2127635 1.5196354 -0.0070596
1.9503479 1.3131616 -0.0174834
2.7525483 1.8142904 -0.0448409
4.2958054 2.7996332 -0.0870025
3.0106156 1.9533799 -0.0660269
4.8637939 2.8074830 -0.2532523
1.7904882 1.2434549 -0.0057456
1.4857274 0.9661561 -0.0343691
2.9659443 3.0881292 0.4151842
2.4980912 1.6994893 -0.0305178
3.1919557 2.1213007 -0.0628257
1.6058899 1.1927620 0.0205594
2.6328161 1.7468440 -0.0580940
3.9888719 2.6580970 -0.0922210
3.3327500 2.2001603 -0.0931281
2.9679819 1.7142061 -0.1890235
3.6630999 2.1424128 -0.2229916
5.8573494 3.1891216 -0.4710816
1.6381199 1.1299865 -0.0336134
4.2699707 2.4818393 -0.2798128
1.4819572 1.1102890 0.0055635
6.4544723 3.5650288 -0.5024016
1.6706422 1.3005734 0.0248984
6.4829122 3.6154938 -0.4952484
2.1197116 2.4290521 0.3488341
3.4811768 2.3401596 -0.1073825
1.0689764 0.7935321 -0.0049335
2.5806970 1.9078834 -0.0205953
1.7547998 1.2943028 -0.0174426
3.7492166 4.1545566 0.5161726
2.4965945 1.8950715 -0.0279714
2.2225316 1.6588485 -0.0405007
6.6908749 3.7399039 -0.6387327
1.2166983 2.0889975 0.4502779
6.4570900 3.7803485 -0.5697498
1.9329489 1.5025312 -0.0255982
2.6274471 1.5540686 -0.2494208
0.6924049 0.5536533 -0.0088845
1.7606883 1.3948355 -0.0285800
2.7000788 2.1222797 -0.0541700
5.3182701 3.1967574 -0.5112048
3.7930795 4.5333800 0.5217514
2.6272482 5.3787490 1.1538715
0.4446486 1.6583380 0.4829807
2.6417436 2.5353383 0.0505713
1.9652921 3.5135809 0.6478727
2.9862041 4.8959680 0.7884601
0.6974181 2.9009756 0.8459141
1.5335233 1.5343274 0.0273037
2.1366560 2.1898254 0.0504574
2.1461555 2.1611230 0.0210652
2.0382005 2.0588056 0.0218996
3.6129309 5.9669423 0.8740111
1.8520585 1.9353614 0.0298767
2.4198647 2.3646651 -0.0318122
2.1256067 2.6603003 0.1864771
1.4272660 1.4576692 0.0017601
2.1484412 2.1884077 -0.0008656
3.4386997 2.7007988 -0.3073285
1.5915471 1.6498755 0.0009268
0.8147822 1.0328582 0.0685839
2.7599023 3.0621552 0.0664010
2.4835520 2.8513986 0.0900094
2.1841332 2.7907541 0.1765825
3.6813664 4.1701406 0.1024389
2.3828141 2.6375998 0.0379388
2.8131110 3.2636222 0.0974349
2.1872436 2.8371409 0.1837124
1.7081244 2.1789499 0.1298932
1.3433321 1.4006638 -0.0118898
2.3122522 2.5683469 0.0352237
2.4371532 2.7348255 0.0377975
2.0607774 2.3145596 0.0319935
3.3332999 3.8509907 0.0879232
1.6813825 2.2307835 0.1473568
2.4435565 4.3249225 0.5989708
1.1432133 1.2988716 0.0049029
1.7150212 1.9278223 -0.0027228
2.3131872 2.7759724 0.0505971
2.4328749 2.9100506 0.0444583
1.7351858 1.9542468 -0.0113397
2.0287388 2.2936037 -0.0115004
1.3654418 1.5249773 -0.0143257
2.8028463 3.3549137 0.0422613
1.8983720 2.1188875 -0.0340150
2.9293733 4.8840251 0.5066897
0.5755498 2.3260408 0.5722520
1.8866351 2.1698570 -0.0180378
2.5545766 2.9235384 -0.0415094
1.9237342 2.4746123 0.0499756
2.3550886 2.7400868 -0.0437340
0.3626193 1.5518231 0.3785552
2.8357085 3.2754561 -0.0638539
2.7766784 3.2202214 -0.0607704
2.7874973 3.3346280 -0.0296298
0.3315493 1.6893791 0.4347521
3.6763684 6.4027317 0.6317620
1.6991796 1.9685182 -0.0537502
1.5103001 1.8752779 -0.0062852
2.6474342 4.4707777 0.3828712
3.1336642 5.3710865 0.4797619
2.2129056 2.9862951 0.0654308
1.7379086 2.2463634 0.0165543
1.9640600 2.5070316 0.0061832
2.2308496 2.6006548 -0.0801070
1.2884265 1.6674339 0.0086950
0.3945667 2.2092253 0.5687858
0.5528780 2.9531826 0.7485606
1.9526465 2.3172395 -0.0629790
1.6826507 2.2919992 0.0403225
1.6234209 2.1825644 0.0193790
1.6402526 2.1490711 -0.0041841
0.5242765 1.9339454 0.4052595
0.6832643 1.2384003 0.1074689
1.6235335 2.1918684 0.0082989
2.8398913 4.7819540 0.3083868
1.4566881 4.0957063 0.6916525
1.8095036 2.3652560 -0.0313622
2.4721867 3.1930559 -0.0638239
0.3646958 2.4300438 0.6235013
3.6320426 6.3186548 0.4222431
1.7032014 2.2277305 -0.0427163
1.8956907 2.5587354 -0.0246562
0.3573832 1.7865033 0.4126153
2.4387655 3.2318453 -0.0587654
2.0280541 2.7015051 -0.0453301
3.0361636 5.4931497 0.3692427
0.4080520 2.4745831 0.5999659
1.8912093 2.5669652 -0.0425590
3.0648115 5.2711158 0.2811729
0.3986078 2.5960349 0.6369855
0.4494758 2.9324872 0.7173154
0.3859841 2.8393761 0.7144681
0.4729230 1.4818412 0.2471737
0.3842304 2.4195120 0.5798324
2.7297739 4.8525726 0.2582302
0.4034278 2.0245871 0.4398777
0.5397950 2.6680498 0.5754345
2.4484099 3.0801032 -0.2002895
0.5720044 2.4898962 0.4932388
0.4316554 2.2699267 0.4909149
2.7583794 4.6010826 0.0874313
2.4339939 4.1402327 0.0909688
1.7038314 2.7980374 0.0327559
0.7952869 2.4289590 0.3497234
2.3105488 3.8600912 0.0526582
1.4019310 2.4047139 0.0504526
2.4193837 4.1363315 0.0799812
3.3839027 5.6902610 0.0816776
1.7182437 2.8699975 0.0355168
2.2829700 3.9375728 0.0785576
0.6760979 2.2268555 0.3382735
1.9323989 3.3328830 0.0625103
2.0377175 3.4131527 0.0354692
2.2087637 3.8143756 0.0724953
2.4996828 4.1037969 0.0169740
1.8839292 3.1608429 0.0323847
0.8761341 3.1342668 0.5080877
0.7204681 2.5098398 0.3942857
3.2554044 5.5877321 0.0741229
2.1512420 3.6659933 0.0338245
1.9627195 3.4635829 0.0619776
2.4684255 4.3426130 0.0730598
1.7485631 3.0224488 0.0282339
2.5107381 3.2789117 -0.2762186
2.1145013 3.6281214 0.0184789
2.2545114 3.9783056 0.0517356
1.5988675 2.7619980 0.0183129
1.4993971 2.7135379 0.0517076
1.3772945 2.4626059 0.0382485
2.2692206 2.8485002 -0.2893508
1.0392535 1.7664392 0.0014742
2.5478268 4.5175549 0.0569887
1.7878449 3.2388446 0.0591915
2.0124412 3.5097338 0.0248184
0.5303821 2.6756007 0.5143505
1.0442267 2.5125499 0.2113415
2.6875554 4.4486914 -0.0433934
2.5404143 4.6233932 0.0796177
2.2869185 3.9499835 0.0085872
2.3501136 4.0525539 0.0068737
1.5755465 2.7565145 0.0156777
1.1708047 2.0604212 0.0133560
2.1507101 3.9078492 0.0548534
1.5657676 2.6590864 -0.0156305
2.2094464 4.0284393 0.0569650
1.7291340 2.8908045 -0.0338535
1.8293234 2.3294238 -0.2462584
1.8992949 3.4220463 0.0293157
2.3399332 3.9290605 -0.0507086
1.7011885 2.9358898 -0.0146248
2.3212887 4.1695689 0.0125409
1.5510274 2.7347893 -0.0071293
2.0634125 3.4383291 -0.0736114
1.8477292 3.1304995 -0.0542615
1.9724550 3.3080294 -0.0689389
2.2920633 4.0501126 -0.0243249
2.1444897 3.6122167 -0.0785356
1.8358286 3.1288901 -0.0570820
1.5711190 2.8847825 0.0061855
2.1313007 4.2790380 0.1039558
0.3327004 1.5772794 0.2698750
1.9507124 3.3898926 -0.0534972
1.9385959 3.3795933 -0.0503126
1.8860782 3.4533896 -0.0032757
1.2805419 2.2372876 -0.0325244
2.0038757 3.4460166 -0.0666685
1.6643231 3.0096107 -0.0151154
2.2842917 4.6116497 0.1121672
2.0193989 3.6290652 -0.0256385
1.6517474 3.2293854 0.0508357
1.5831576 3.1648457 0.0661131
1.9379362 3.9129429 0.0908706
1.9975485 3.9053464 0.0568448
1.9247056 3.3177976 -0.0725462
1.6539552 2.9110786 -0.0459992
1.6940299 3.0505576 -0.0289426
1.6046741 2.8300678 -0.0469256
1.4383866 2.5696741 -0.0346812
1.2822101 2.5125104 0.0287599
1.9938482 3.4945498 -0.0706446
1.1787150 2.1472922 -0.0208274
1.7282178 3.0996265 -0.0445077
1.2025051 2.1397863 -0.0370578
2.2222238 4.4616207 0.0676973
1.0373092 2.6927811 0.1980087
2.0277468 3.5909441 -0.0776351
2.4994160 4.4692524 -0.0854170
1.6497145 3.0187727 -0.0378716
3.2059313 5.7698270 -0.1012895
2.0164676 4.1223869 0.0699236
2.1641884 4.2417840 0.0235931
1.9600827 3.9517450 0.0475858
1.7732053 3.2207372 -0.0556801
1.4058086 2.0316475 -0.1861084
1.6955907 3.2648308 -0.0084214
2.7501228 4.1091683 -0.3455751
1.8919910 4.0357060 0.0843654
1.9005297 3.8866241 0.0355318
1.2674320 2.6819102 0.0448744
1.3104284 3.2976249 0.1862184
2.3198431 4.9876407 0.0981921
2.0191507 4.2612860 0.0575305
0.5931389 1.1751129 -0.0069509
0.3879949 2.8208571 0.5361588
1.7174832 3.5793139 0.0240027
1.9422672 3.0300159 -0.2414948
0.2396994 1.7151576 0.3233315
1.0321339 2.0845837 -0.0045702
2.4712684 3.8461503 -0.3157229
1.6799011 3.4596738 0.0054632
1.3651505 2.6519906 -0.0379139
1.7672102 3.5383829 -0.0243164
3.4981005 3.3899060 -0.9947416
1.4482466 2.9073354 -0.0186361
2.3592347 5.0413180 0.0470779
2.3969782 3.7145523 -0.3204189
2.1641789 4.5443295 0.0180352
0.4333656 2.4598317 0.4055922
0.4140433 2.9152008 0.5344129
1.9828826 4.0926436 -0.0083471
1.6853156 3.3461145 -0.0415472
1.7341407 3.6020990 -0.0018158
2.4025549 3.7478776 -0.3257505
2.1185581 4.3923969 -0.0053527
1.5415908 3.0995900 -0.0306707
1.8698112 3.7985504 -0.0274862
1.5894660 3.1855677 -0.0355266
2.0751485 4.3516568 0.0009643
0.3337085 1.8675141 0.3022466
1.5393741 2.6281783 -0.1576249
3.8792844 6.7278395 -0.3704305
1.8744233 4.0204626 0.0147627
2.2452709 4.8746132 0.0288710
2.9824264 5.1129848 -0.3133497
2.1513673 4.5085048 -0.0175191
1.6634934 3.6428490 0.0217544
0.9830436 1.6069243 -0.1286546
1.6492479 3.4946021 -0.0127821
2.1929019 4.3528188 -0.0982831
2.3143869 5.0642415 0.0122142
1.3548533 2.7770142 -0.0415334
3.6277121 3.5413929 -1.1000502
1.5664940 3.2698298 -0.0339413
1.5911432 3.4040921 -0.0151931
1.5597178 3.1543989 -0.0617482
1.6894815 3.6818412 -0.0001313
2.0212931 3.4430230 -0.2442701
1.9631541 4.0876044 -0.0506888
1.3032856 2.6758776 -0.0432538
0.2364982 1.7612991 0.3144936
1.7986993 2.7855921 -0.2905816
2.3825610 3.5448072 -0.4276502
1.0214965 2.2147733 -0.0092502
1.5716166 3.4083835 -0.0193006
0.8666322 2.1088319 0.0443870
2.5941747 4.6472807 -0.2873455
1.4388085 3.0012958 -0.0557233
1.2093462 2.5822053 -0.0329241
0.2104291 1.3770238 0.2246308
1.9915304 4.2460416 -0.0588261
1.0735518 2.5752868 0.0381804
1.3275282 2.8354836 -0.0435209
1.5331342 3.4590533 -0.0175270
2.5812926 4.7069079 -0.3050378
1.9941851 4.2998662 -0.0736075
1.8403136 3.9699018 -0.0699729
1.5459828 3.3145170 -0.0646504
1.6110705 3.3868409 -0.0864524
1.6990845 3.5971472 -0.0854243
1.6537417 3.5085938 -0.0842140
1.7236997 3.6954164 -0.0786407
1.1862114 2.0743858 -0.1773213
3.6546087 6.6109138 -0.4946939
1.9607404 3.4094034 -0.3034938
1.0563404 2.4695795 -0.0178733
0.9780135 2.4767302 0.0227999
0.8544404 1.9700192 -0.0295085
1.1902637 3.0342976 0.0199531
0.6297417 1.5254243 -0.0100629
0.8597605 2.0210134 -0.0297449
2.5161370 2.9849300 -0.7727025
1.1752459 2.7165305 -0.0549743
1.7349535 3.0277297 -0.3098657
1.1861949 2.8465172 -0.0339435
1.4243894 3.5790080 -0.0053667
1.3264131 3.3912152 -0.0005135
1.2919671 3.2161711 -0.0325358
0.9425488 2.3375007 -0.0347589
1.4463117 3.5298726 -0.0715334
1.0469507 2.6334480 -0.0451518
1.1204980 2.8853778 -0.0342549
1.0870546 2.7363116 -0.0605423
1.2475237 2.8928770 -0.1723873
1.0821369 2.4872046 -0.1576387
0.8096505 1.9065623 -0.1120184
1.1876754 2.7731692 -0.1888800
1.3846460 3.2507689 -0.2248590
1.6015820 3.8486325 -0.2454294
1.7091155 3.9415127 -0.3007642
0.7023839 2.5261114 0.0539554
1.0923994 2.7784688 -0.1595328
2.0524943 3.5215601 -0.6316283
1.5428015 3.7520007 -0.2664646
1.0855684 3.8227163 0.0370033
1.0685733 3.8320791 0.0477359
0.5476133 1.8779775 0.0069232
0.8161050 2.8814710 0.0255410
1.0265198 3.9413309 0.0904696
0.9097146 3.5244547 0.0772826
0.4447397 1.6716776 0.0149867
0.3619654 2.3648651 0.1953242
1.1283894 4.2790450 0.0356943
0.4687511 1.6679724 -0.0072571
0.7005037 2.6456731 0.0099503
0.9436150 2.4312659 -0.1961670
0.5141319 2.0923216 0.0294870
0.4414198 1.7246058 0.0120953
0.6100086 2.1061187 -0.0339828
0.7659691 2.8264922 -0.0119713
0.8887422 3.3031915 -0.0187275
0.3550181 2.6569535 0.2244959
0.4421443 2.9546470 0.2066535
0.4895100 3.2427688 0.2076248
0.3718157 2.9923851 0.2436526
0.5564715 3.6906235 0.2319901
0.5752192 2.0853714 -0.0478937
0.8753531 3.3094422 -0.0515182
0.8193987 3.0547150 -0.0585628
0.7048984 3.3449062 0.0605194
0.4153765 3.1646496 0.2305501
0.4357627 1.6985854 -0.0234669
0.4098991 3.0900708 0.2213845
0.5174395 2.0491721 -0.0236446
0.7104454 2.7137107 -0.0551264
0.6512408 2.4427354 -0.0585963
0.6360665 3.0614090 0.0468647
0.7192818 2.8934619 -0.0381678
0.6640180 3.4500064 0.0842201
0.3141003 1.5313365 0.0218750
0.6396624 3.1880775 0.0463170
0.3497019 2.4361194 0.1328152
0.3992205 2.0021376 0.0292453
0.4704554 3.3056322 0.1767623
0.4037223 3.6619590 0.2768644
0.5216494 2.7770522 0.0557207
0.4502898 3.1786597 0.1661225
0.3886050 2.7813967 0.1485421
0.2903234 1.3277071 -0.0047535
0.4605084 2.4439448 0.0417146
0.3846634 1.7819437 -0.0060049
0.6097657 2.9054404 0.0010758
0.3663116 1.7493174 -0.0007107
0.4667361 3.4342885 0.1759361
0.2034162 1.4291036 0.0665388
0.4762061 2.2978404 -0.0007337
0.3951909 1.8983391 -0.0021531
0.3194198 1.7928755 0.0359559
0.2650114 1.3012386 0.0022137
0.4200753 2.0473782 -0.0003836
0.3556838 3.3614658 0.2263184
0.3969766 2.2008565 0.0297806
0.3256427 2.5250131 0.1265187
0.6179482 2.8537670 -0.0402442
0.3351966 1.9342787 0.0308241
0.3704101 2.8241473 0.1278304
0.0288619 5.3160374 0.7251468
0.4767668 2.6418325 0.0245663
0.5221844 2.4440241 -0.0376234
0.4130733 1.9289063 -0.0315882
0.3908642 3.3817149 0.1815479
0.3708406 1.7987181 -0.0235434
2.1126830 4.4198026 -0.9435078
0.5510196 3.2347574 0.0371275
0.3836289 2.1068066 0.0056454
-0.4039296 4.2978190 0.8788353
2.3567133 4.9392378 -1.0834243
0.7706252 3.8338002 -0.0623831
0.5769960 3.2526147 0.0011525
0.5331022 2.7467919 -0.0394233
0.3894315 1.9523235 -0.0399847
0.3840871 1.9997148 -0.0345338
0.3771722 2.1517059 -0.0122780
0.2482063 1.8554272 0.0463308
0.6037349 3.3694912 -0.0309684
0.1202241 0.9214259 0.0187435
0.1492531 0.9553446 -0.0003630
0.2864753 2.0968332 0.0278305
0.2847970 2.0786458 0.0268580
0.2628973 1.8961999 0.0103040
0.2833292 1.8600337 -0.0112914
0.2998050 2.2448897 0.0186433
0.2682500 1.7646469 -0.0111485
0.2635131 2.2545182 0.0370200
0.3273305 2.6906568 0.0315008
0.4818488 3.1869607 -0.0448729
0.1222596 8.1189026 0.7356078
0.2542817 1.9110741 -0.0042014
0.2372553 2.0141736 0.0196682
0.0721548 4.0744039 0.3591570
0.2306328 1.5685843 -0.0219819
0.0551969 7.2018409 0.6704160
1.0600632 4.2110903 -0.4195178
0.2534081 2.0002800 -0.0040638
0.0285810 4.3445995 0.4034228
0.3921363 2.6480109 -0.0511013
0.0278625 6.5898652 0.6163251
0.1060955 6.8358271 0.5772715
0.0543067 4.1615615 0.3576592
0.3504556 3.2105764 0.0299250
0.4247480 3.0393508 -0.0495721
0.3783562 3.4206695 0.0225789
0.4056463 2.9027028 -0.0485108
0.4263484 3.2084455 -0.0372189
0.3201547 2.7337641 0.0026436
-0.0017692 6.4553049 0.6048319
0.0969092 4.1557503 0.3103576
0.0627824 4.2272938 0.3360146
0.3963666 3.1934603 -0.0267915
0.4410972 3.3651207 -0.0504466
0.4448992 3.1637837 -0.0728737
0.0346572 5.0656237 0.4251162
-0.0047300 5.6157776 0.4994391
0.0780294 4.8123378 0.3615814
0.4279638 3.1289707 -0.0738776
0.1430569 1.3501311 0.0013046
0.0873967 4.9556107 0.3527002
-0.0162565 5.3951632 0.4720523
0.1785871 1.6519482 -0.0078598
0.1762731 1.5868070 -0.0114010
-0.0084902 6.2354602 0.5175089
0.4317723 3.4722645 -0.0708322
0.1085185 5.1816730 0.3242457
0.2625049 2.4543058 -0.0216742
0.1681387 1.5088185 -0.0199840
0.0578005 4.0146219 0.2644338
0.0714101 5.3687149 0.3521968
0.6761749 3.1608043 -0.3157572
0.0827757 6.8410288 0.4546103
0.0445871 4.2106911 0.2807183
-0.0808223 4.8969830 0.4323443
0.0744615 5.0070908 0.2961161
0.0093647 4.3303006 0.2816862
-0.0476550 2.8481017 0.2237382
0.2897986 2.2097759 -0.1045753
0.0109962 3.2824148 0.1977379
0.0048821 5.9203403 0.3587938
-0.0306901 4.3929232 0.2949745
-0.0146548 3.0726855 0.1997958
-0.0740720 4.1478837 0.3123538
-0.2653606 5.8653302 0.5721337
-0.0138752 1.7173489 0.1099256
0.0331794 5.0811110 0.2419637
-0.0040278 5.5235306 0.2862200
0.0145691 3.9941178 0.1872304
0.4150371 3.2748778 -0.1971928
-0.0183649 3.4305211 0.1851653
-0.0327333 5.3364226 0.2914090
0.0134213 4.8132177 0.2239710
-0.2278597 3.4455424 0.3574051
-0.0278247 2.9579108 0.1506307
-0.0178203 4.6590972 0.2083208
-0.3342349 5.1911601 0.5035856
-0.0495735 3.2546249 0.1745877
-0.4395513 5.8180428 0.5907950
-0.2967142 5.2168313 0.4398409
0.0285193 3.2452994 0.0788066
0.0643920 3.5222921 0.0536771
0.0847814 6.8137555 0.1365750
0.3572428 3.3727870 -0.2171857
0.0369175 3.5624083 0.0718499
-0.3178788 4.6558013 0.4157893
0.0628507 4.9066166 0.0739072
0.0603196 4.8517239 0.0659456
0.0305195 5.7662345 0.1060331
0.0844357 5.2421506 0.0442368
0.0430295 5.2449174 0.0564402
-0.0151038 1.9907558 0.0486774
0.0032712 4.5947957 0.0745883
-0.3368584 3.5785333 0.3628936
1.1082301 1.8726909 -0.9917802
0.0879012 6.0016880 -0.0037923
-0.0589018 6.1473250 0.1306883
0.0436594 4.8593968 0.0174618
0.0084591 4.2859564 0.0419883
0.0124443 1.8769925 0.0088002
-0.0147418 1.7130998 0.0321051
0.0825838 4.0951154 -0.0335464
0.0564856 3.2512135 -0.0196097
-0.0244162 4.5920241 0.0679767
-0.0084346 4.5309278 0.0467759
-0.0430600 4.8169905 0.0788501
-0.0160325 3.4740063 0.0420451
0.0135598 2.2869758 0.0051919
-0.0031604 4.7328144 0.0229627
-0.0257041 4.5933163 0.0351010
0.0245580 3.8984179 -0.0171391
-0.0321944 3.3267297 0.0314396
-0.0340612 3.9946086 0.0300291
-0.0111051 4.7279397 0.0052126
-0.0368428 5.0817490 0.0102087
-0.0194242 5.2386440 -0.0081074
-0.0138007 4.7266487 -0.0130211
0.0219905 2.9396605 -0.0430220
-0.0188634 4.4848529 -0.0176197
-0.0711996 5.4627291 0.0028520
-0.0190099 2.2826613 -0.0109354
0.0089059 5.6586000 -0.0818964
-0.0029459 4.3497697 -0.0536286
0.0197902 4.6491396 -0.0797130
-0.0040553 2.2243885 -0.0288415
-0.0097990 2.3009723 -0.0246192
0.0418824 6.3637276 -0.1371201
-0.0584805 4.0626186 -0.0057417
-0.1043116 5.1166320 0.0202899
-0.0082825 4.0322561 -0.0584378
-0.0692398 3.3379002 0.0055270
-0.0872935 4.1093911 0.0001404
-0.0553165 6.1586469 -0.0744136
0.0017377 5.8798699 -0.1271407
-0.0642732 4.0944816 -0.0260643
-0.0361476 3.9309838 -0.0564650
-0.0725988 4.1336867 -0.0382021
-0.0801047 4.1354928 -0.0364634
-0.0884931 3.6726844 -0.0182249
-0.1225049 6.1336783 -0.0581659
-0.2204040 4.3228793 0.0684406
-0.2613742 4.7406844 0.0810547
-0.2719371 4.8773406 0.0853788
-0.1736627 3.8143290 0.0241586
-0.5487877 4.4294511 0.3696950
-0.2802839 4.4679107 0.0800603
-0.1935354 4.3123669 -0.0018582
-0.2372505 4.0336306 0.0531508
-0.2396393 3.5272871 0.0775705
-0.2873459 4.0561234 0.0947127
-0.2971158 4.8407156 0.0639486
-0.2299026 4.0941583 0.0310309
-0.2450580 4.0292763 0.0485317
-0.3818911 5.5442492 0.1083451
-0.2796899 4.5358965 0.0536404
-0.2063120 3.0861543 0.0525212
-0.2526038 3.3919694 0.0786709
-0.2287323 4.0600609 0.0165430
-0.1722243 2.3533419 0.0497849
-0.1939180 2.5697265 0.0584729
-0.0008314 4.1520957 -0.2361303
-0.1141417 2.3104990 -0.0144729
-0.3121146 4.0166439 0.0915040
-0.1908726 3.0201845 0.0216516
-0.3022571 4.5317398 0.0488283
-0.3617712 5.0509266 0.0780602
-0.3142909 4.3752590 0.0640524
-0.2461065 3.2873855 0.0523257
-0.2005156 3.7954794 -0.0320227
-0.0945158 1.8848849 -0.0237695
-0.4898049 3.4190298 0.2850439
-0.3308272 4.0990385 0.0685561
-0.4695362 3.6160232 0.2453779
-0.3210415 3.7685577 0.0761323
-0.3559125 4.1383766 0.0827530
-0.4520556 3.7017586 0.2132370
-0.2302058 2.7097327 0.0448607
-0.3508937 4.2282903 0.0599502
-0.4166477 1.5057337 0.3286981
-0.3955131 4.5103861 0.0811611
-0.3351553 3.8177618 0.0550971
-0.3696753 4.5203030 0.0337187
-0.3033082 4.9320775 -0.0796836
-0.3059791 3.6886081 0.0228766
-0.2712571 3.6225878 -0.0113140
-0.3176195 3.8177011 0.0167526
-0.3062306 4.3504848 -0.0427739
-0.3016373 3.2992594 0.0407450
-0.0144293 6.6611466 -0.5640931
-0.2877988 4.2086286 -0.0639378
-0.4337887 5.0184764 0.0141711
-0.0600413 3.7350494 -0.2743645
-0.3987369 3.0045843 0.1566513
-0.3838599 5.0700568 -0.0777057
-0.3831137 4.5373251 -0.0614499
-0.3454685 4.3730134 -0.0856572
-0.3009097 3.9264786 -0.0940451
-0.3117581 2.8859760 0.0308855
-0.3941918 5.1007268 -0.1223855
-0.4639882 3.9232418 0.0670027
0.0486772 3.8229822 -0.4971214
-0.3924224 3.3392696 0.0402068
-0.6691689 3.6940626 0.2892474
-0.4765633 3.8707129 0.0433146
-0.3545011 3.2620319 -0.0181753
-0.4526951 3.3428970 0.0781382
-0.2079893 1.7457454 0.0002644
-0.2875317 1.9906892 0.0392213
-0.5110762 3.5509678 0.0639981
-0.0566355 3.4227224 -0.4654114
-1.5296960 4.3946265 1.1017801
-1.7454174 5.1269037 1.2329288
-0.5781260 2.9946979 0.1737179
-0.4987571 3.2697435 0.0245753
-0.6272416 4.1760734 0.0185824
-0.6247631 4.0125678 0.0444831
-0.3701140 2.2851046 0.0390097
-0.4388107 2.6959396 0.0466412
-0.6805460 4.1945936 0.0666492
-0.3349210 2.1537771 0.0122957
-0.7283097 4.7425112 0.0114990
-0.3460859 1.7404587 0.0978564
-0.7090094 4.3625464 0.0401949
-0.5562852 3.3358371 0.0415409
-0.3679826 2.3769431 -0.0145580
-0.8614704 4.8332861 0.1073328
0.0341876 2.3431687 -0.5168024
-0.7908051 4.9561020 -0.0119737
-0.7188238 3.6008237 0.1674233
-0.7711081 3.6935328 0.2070104
-0.5206499 5.7903761 -0.5447780
-1.8930037 10.4679131 0.2155744
-0.7429845 3.5921608 0.1896383
-0.5732155 3.5415759 -0.0206129
-0.7676748 4.5948152 -0.0051304
-0.3783934 3.0509999 -0.1770953
-0.7992859 4.6864793 -0.0134007
-0.8366355 5.1929269 -0.0793047
-0.9634657 5.3776630 0.0345237
-0.7500059 4.1114686 0.0430769
-0.8119279 4.8825529 -0.0587069
-0.7485243 4.3186131 -0.0149558
-0.8175171 5.0089991 -0.0837224
-0.8725962 4.6462957 0.0700020
-0.8890140 4.7839547 0.0498134
-0.7536175 4.2357009 -0.0017598
-0.8493205 4.5102492 0.0541431
-1.0103835 5.3483928 0.0674202
-0.6390461 4.6302395 -0.2611238
-0.9535885 4.9063408 0.0775521
-0.7479070 4.0766492 0.0011076
-0.8879504 5.2671296 -0.1020154
-0.5002535 2.7925705 -0.0158817
-0.4847111 2.8052957 -0.0441750
-0.8548582 4.8286563 -0.0641086
-0.9250987 4.8719251 0.0155827
-0.9264705 4.9971563 -0.0309638
-0.9671751 4.8974572 0.0471691
-0.3313531 2.1961078 -0.1230404
-1.0646926 5.3825846 -0.0286905
-0.6196586 4.5400652 -0.4371722
-1.2114877 3.2977525 0.7288912
-0.6721442 2.7664250 0.0317648
-1.8415426 5.6248042 0.7639442
-0.8407348 3.3446488 0.0357315
-0.7273213 3.2565665 -0.2061107
-0.8991776 2.8717133 0.2176699
-0.7588659 2.7055279 0.0611636
-0.9196296 3.2885345 0.0603327
-1.5351094 4.2937808 0.5703717
-0.5509375 1.9349125 0.0048711
-1.0094560 3.1716860 0.1793834
-1.1991212 3.5958467 0.2302112
-1.1438039 3.4553249 0.2054198
-1.0078357 3.0774905 0.1594306
0.5831626 1.9713079 -2.0746354
-1.2239066 3.6331831 0.2259290
-1.1094866 3.2447557 0.1766826
-1.3214830 4.1168843 0.0654870
-1.1476256 5.8725169 -1.2547738
-1.1718150 3.4051630 0.1803674
-0.7616128 2.1450876 0.1552826
-1.4519983 4.4024873 0.0894942
-1.4208552 4.4307262 0.0097205
-1.0751179 3.0875431 0.1551768
-1.1526476 3.4984088 0.0338758
-1.0152387 3.0349841 0.0463284
-1.0150920 3.0402520 0.0414341
-1.2654153 4.7590667 -0.5583390
-1.2100965 3.6658187 0.0161950
-1.3802656 4.2402740 -0.0219361
-1.0943239 3.9989709 -0.4172153
-0.8201065 2.9263822 -0.2734998
-1.6538466 5.0636932 -0.0654641
-1.2796395 3.8340168 -0.0041904
-1.0538023 3.0274550 0.0787714
-1.6987429 5.2202327 -0.0991133
-1.0726475 3.7805929 -0.4336709
-1.4053605 4.0870283 0.0173269
-1.6136603 4.6408034 0.0389225
-1.4185447 4.1924134 -0.0550453
-1.4606170 4.0726362 0.0955185
-1.2025187 3.0788236 0.2658965
-1.2763809 3.7233612 -0.0456896
-1.4768198 3.8023784 0.3037122
-1.2292884 3.5787123 -0.0492402
-1.5616494 4.3258620 0.0714428
-1.6670112 4.6805522 0.0117884
-1.5193410 4.3604510 -0.0744489
-1.3442532 3.4350511 0.2341860
-1.4189933 3.5888814 0.2748954
-1.0716372 4.0219774 -0.8100653
-1.0161733 2.9943355 -0.1392967
-1.2829536 3.4998270 0.0109856
-1.3679545 3.7724525 -0.0253457
-1.0278912 2.8206816 -0.0101765
-1.3281994 3.2846106 0.2700702
-1.5118139 4.2099221 -0.0799362
-1.1403428 2.8761563 0.1583367
-1.3333001 3.2545468 0.2657864
-1.3386283 3.1672597 0.3245345
-1.4277187 3.4192768 0.2782363
-1.3899992 4.3083660 -0.5929315
-1.3652439 3.5071464 0.0060319
-1.5203209 3.5448409 0.3299304
-1.3110736 3.3620419 -0.0056072
-1.4952529 3.7429333 0.0131555
-0.8901686 2.1237899 0.1084261
-1.1985473 2.9065731 0.0804333
-1.0891231 2.5227254 0.1901324
-1.4051836 3.4826441 -0.0434157
-1.0322756 2.4477681 0.0659603
-1.1178625 2.8629112 -0.1680264
-1.0933187 2.6874491 -0.0501722
-1.2196165 2.9724039 -0.0778029
-0.8929312 1.9344757 0.1415672
-1.4697346 3.3927022 -0.0400425
-1.7243336 3.6070684 0.3543594
-1.5715964 3.3038363 0.2408329
-1.5807558 3.2521801 0.3422724
-1.9023812 4.1487474 0.0231046
-1.8344253 3.9958624 0.0216853
-1.8597759 3.9826327 0.0867461
-1.8533623 3.9733448 0.0789065
-1.6381411 3.3156642 0.3498576
-1.5996678 3.4229733 0.0579506
-1.8107256 3.9016591 0.0121884
-1.8506056 3.9295000 0.0961539
-1.1258685 2.4451867 -0.0311745
-1.4168980 2.9326455 0.1756444
-1.4704478 3.1189948 0.0645821
-1.7253567 3.7264350 -0.0284618
-1.6673877 3.3748356 0.3128257
-2.2549947 4.8270040 0.0010676
-1.5807543 3.2421150 0.2203004
-1.6730880 3.5307603 0.0757157
-2.1974284 4.6126928 0.1188319
-2.1618874 4.5446856 0.1045089
-1.5691875 3.3553898 -0.0305677
-1.7461142 3.6378565 0.0968212
-2.3330587 4.9135679 0.0243940
-1.8258639 3.6831816 0.2872258
-1.9928165 4.2379745 -0.0533673
-2.2011820 4.6286444 0.0174360
-1.8810660 3.9894560 -0.0458345
-1.2803795 2.6503514 0.0628529
-2.2144208 4.6096127 0.0637957
-1.3062420 2.6408059 0.1676147
-2.1517211 4.4435356 0.1076852
-1.4019506 2.7867582 0.2382938
-1.8530362 3.8778945 -0.0492450
-1.5812222 3.1161592 0.2804479
-1.9732780 4.1065510 -0.0409131
-1.4773301 2.9563260 0.1769522
-2.3235719 4.7674565 0.0595890
-1.5478203 3.2119532 -0.0316908
-2.1497578 4.4288528 -0.0225786
-2.3083207 4.7156287 0.0485042
-1.7991117 3.7173733 -0.0433914
-1.7035482 3.4318629 0.1113701
-0.9298060 1.8048608 0.1747630
-1.7449107 3.5870934 -0.0534939
-1.4332445 2.7893057 0.2483589
-2.0325369 4.1809307 -0.1099158
-1.3237805 2.5569444 0.2471666
-2.2422557 4.5966069 -0.1064363
-1.5942812 3.1351970 0.1776047
-2.3604283 4.7396101 0.0705225
-1.5707185 3.3747061 -0.4130310
-2.4208099 4.7542675 0.2332655
-1.0596687 2.1969948 -0.1322054
-1.8102873 3.4963596 0.2842467
-1.8038653 3.5940562 0.0463730
-1.0406781 2.0179798 0.1376451
-1.6013309 3.0977197 0.2084186
-1.4536894 2.8027643 0.2057056
-2.7241866 5.3859772 0.0915525
-1.4408658 2.7619550 0.2282650
-1.5092137 2.9301220 0.1606526
-1.6448540 3.2896483 -0.0380862
-2.7105480 5.3945406 -0.1236321
-2.2617200 3.8996630 0.8703355
-1.6703250 2.8780717 0.6375090
-2.3576682 4.3175161 0.0308566
-1.5779841 2.7147923 0.4778593
-2.1645252 3.9154035 -1.0108196
-1.7146180 3.0015785 -0.4270821
-3.5123477 5.8254482 0.9529349
-2.3688164 3.8982887 0.6838346
-1.9899301 3.3638893 -0.0258145
-2.1253053 3.5274757 -0.4516594
-2.1235669 3.5140342 -0.4921745
-0.9083828 1.4127498 -0.1011838
-2.6657218 3.9033411 -0.0043108
-3.1257980 3.5476822 0.0537037
-2.8221393 3.2407420 0.2137209
-2.5040750 2.4914674 -0.2847644
-2.7330863 2.8168724 -0.0585410
-3.3170936 2.6461719 -0.4605652
-0.4430826 0.2964458 -0.0403333
-2.3986406 1.9342042 0.2868062
-1.2272666 0.4436422 -0.4301719
-2.6623423 1.9915951 0.2300503
-1.0303113 0.6668270 0.0013256
-2.3106151 1.1005438 -0.2271872
-3.4675203 1.9975175 0.0530275
-3.1923936 1.2908566 -0.2803616
-2.4279026 1.6622384 0.4528044
-0.5183807 0.1433990 -0.0842531
-0.5449203 0.1984087 -0.0407665
-2.3348631 1.1896550 0.1262129
-1.2555002 0.5098858 -0.0260537
-3.2318532 0.8446641 -0.4083649
-2.7847784 1.3381565 0.2707321
-3.7855685 0.9560226 -0.0533149
-4.6894638 -0.0883001 -0.9325602
-3.7512335 1.3755994 0.3112478
-3.0931458 1.0840060 0.2785096
-1.4695287 0.1971174 -0.0917578
-3.5620732 1.1331641 0.2522250
-2.0960236 -0.0162431 -0.3051911
-3.4887440 0.2715267 -0.2532669
-6.0143557 1.7148164 0.5513348
-1.0100670 -0.0026041 -0.0953132
-2.3549050 -0.5391504 -0.5268580
-6.2123128 0.0792829 -0.4005032
-3.4242212 0.2633896 -0.0699590
-2.8279527 0.2196869 -0.0290996
-2.0559499 0.1023017 -0.0281852
-4.5368035 1.2659755 0.6070519
-2.8604547 -0.7236831 -0.5763190
-4.5590981 -0.8283282 -0.7088442
-4.4943949 1.1223005 0.5760837
-4.0594236 1.0242591 0.5784511
-2.2335662 -0.0307920 -0.0072828
-5.3311290 0.0523739 0.0630719
-1.1337256 -0.2995828 -0.1689704
-5.1034157 -0.0921727 0.0265489
-3.4062083 -0.9067345 -0.4423979
-2.8392000 0.2100031 0.2270075
-5.3260000 0.1144329 0.3393848
-1.3499474 -0.0845102 0.0227471
-3.0861442 -0.3988593 -0.0362311
-3.5148181 -0.3959855 0.0176077
-3.6944528 -0.4478023 0.0955075
-2.1893203 -0.7046940 -0.1563468
-3.3465639 -0.8773250 -0.0503517
-3.7879862 -0.4012000 0.2579950
-3.1402049 -0.8566441 -0.0434261
-2.8629469 -1.0103729 -0.1454417
-2.6079001 -1.1380934 -0.2458448
-3.1034656 -1.7434126 -0.4465060
-4.2839975 -2.5747516 -0.6855109
-3.2625713 -1.0475790 -0.0134723
-4.2692034 -1.1490903 0.0952888
-2.2382114 -0.0110753 0.3527438
-3.2265018 -0.6424458 0.2095513
-3.8255583 -1.8022183 -0.2536610
-2.4452125 -0.8190185 0.0348465
-3.5635597 -0.9053000 0.2036830
-3.6417201 -1.4458114 -0.0467033
-4.1587502 -2.3617969 -0.4025010
-3.8824223 0.0128439 0.7464587
-0.5420423 -0.2779193 -0.0189667
-4.7073532 -1.2923757 0.3830156
-4.2772148 -0.0401842 0.9468619
-2.8823797 -0.9743777 0.2097731
-2.3425118 -0.8492714 0.1737934
-3.3526016 -1.2202320 0.2572111
-4.1886628 -1.1292098 0.5017372
-3.1699439 -2.0161615 -0.1279535
-3.2270824 -1.7824058 0.0085166
-2.4073422 -1.3614754 -0.0011090
-2.6751956 -2.2661514 -0.2827806
-1.8488719 -1.5591002 -0.1822883
-2.8218626 -2.4006925 -0.2780114
-5.6075119 -1.4707284 0.9074195
-3.7891098 -0.7207926 0.7393495
-2.1789295 -1.6108733 -0.0453626
-2.1116967 -1.5451716 -0.0278306
-5.0115439 -2.7465231 0.4115453
-2.7269931 -1.6211309 0.2817877
-3.7955254 -2.2645283 0.4044796
-1.5042624 -1.6407984 -0.1258775
-1.8046040 -2.0997347 -0.1955996
-3.1815294 -1.8158406 0.4712761
-3.6403640 -2.4794861 0.4009965
-4.0083225 -2.1998682 0.6574315
-5.5752986 -3.3053557 0.8428352
-2.4849913 -1.4260807 0.4313315
-3.2073230 -2.7327680 0.2338771
-3.4360887 -1.9916678 0.5983565
-1.0894237 -1.0893587 0.0822026
-2.7458362 -2.6918925 0.3221829
-3.2199661 -3.5459883 0.2940557
-4.1577782 -1.3225275 1.4750203
-2.6010664 -0.8498390 0.9761572
-2.0924157 -0.0706456 1.0763883
-0.0791837 -0.2468448 0.4384247
-0.1200926 -0.0755194 0.5571933
-0.3157350 0.2028514 1.0211116
0.0673899 -0.2970248 0.5323123
2.4589485 0.0878855 1.1079456
1.8519754 0.0513589 0.0407561
5.5012194 0.0501412 -0.3799161
4.4091605 2.5227827 0.9661505
4.7248913 3.0372453 1.2020564
0.8108275 0.1653839 0.0032875
3.6380931 2.0078401 0.6061604
1.5590665 0.6492882 0.0201903
2.3725824 0.8519280 -0.1123037
1.3301754 4.5081702 1.6932499
3.1790354 2.4168457 0.2860424
1.3404361 1.0299650 0.1205977
2.6153678 2.6051943 0.4399715
0.7832833 2.5974585 0.9205646
1.6116702 1.0899072 0.0292057
0.4412245 1.9128875 0.6922741
3.5258302 1.6861266 -0.2982779
1.8306434 1.2608974 0.0060824
2.7692655 5.7795200 1.4988619
4.4484037 2.3184399 -0.4404155
2.0208195 1.1407506 -0.1804038
0.0871138 0.4867815 0.1674666
3.7655122 4.4897870 0.5203316
2.5728624 4.2491256 0.6997345
1.3832747 2.3306508 0.3920038
1.6475504 2.8251321 0.4757653
0.4314216 1.9491377 0.5723002
1.4431907 2.4023373 0.3478975
0.9961793 1.7564358 0.2703387
2.2271198 2.5193563 -0.0094657
1.2530972 4.5851072 1.0670136
1.5828275 2.8841419 0.2761575
0.2739116 1.8996220 0.4939577
0.3635275 2.0477247 0.5012769
3.7448417 3.6823964 -0.4761049
0.6465550 2.0595811 0.3373900
2.0850558 2.6282972 -0.1939071
1.2986914 1.6916707 -0.1163535
1.5053645 3.4140134 0.2551848
1.6077485 2.6482653 -0.0404583
2.7931304 3.5940926 -0.4030207
1.0762043 1.5968290 -0.1261856
0.4311695 2.6715252 0.5018667
0.4032264 2.7408434 0.5167893
1.3549254 2.8086458 0.0242930
0.3509004 2.4675911 0.4639959
0.3891517 2.7577741 0.5178965
0.3055028 2.0976517 0.3881438
0.4500432 3.0560700 0.5592458
0.2643745 1.8832903 0.3488808
0.3117421 2.2220582 0.4107767
0.2973336 2.2424467 0.4110634
0.3065963 2.0918115 0.3616644
1.6381361 2.9338518 -0.1919246
2.2649814 3.8022861 -0.6678131
0.4649094 1.6619055 -0.0058622
0.8549795 3.2600058 0.0188427
0.4951808 2.5235213 -0.2214436
0.7558388 3.9874579 -0.3280992
0.6125100 3.1663252 -0.2790790
0.0111012 2.4441348 0.1257733
0.1144544 6.2552542 0.0775308
-0.0327434 4.0571364 0.0668577
-0.3132559 2.3795106 0.2068238
-0.2412597 1.6860936 0.1416372
-0.0451900 4.9298867 -0.3191508
0.0278961 7.0063735 -0.5759637
-0.0153390 4.3212179 -0.3277991
0.0087631 3.6602898 -0.3464475
-0.4729437 3.8449857 -0.2596899
-0.5491088 3.9538040 -0.2327569
-0.5239183 2.0685106 0.0403882
-0.3868314 2.3069908 -0.4393097
-1.2145316 4.6848205 -0.3939381
-1.3378514 2.7856790 0.2740719
-1.5188559 3.1338972 0.0225359
-0.9581079 1.9163543 -0.0214941
-0.2400703 0.4206414 0.0987468
-3.0357343 5.3734966 0.9858795
-2.2376849 4.1063448 -0.6801197
-2.0191521 3.6411996 -0.4878217
-0.2362797 0.4447449 -0.5006349
-0.0686469 0.1139909 -0.4836844
-2.0400014 2.9252687 0.3052042
-2.0906130 2.0565239 -0.6539311
-2.3472101 2.0112566 -0.5944420
-2.5548834 2.5646905 0.3628300
-2.9369171 2.5179612 0.3935658
-2.8111415 2.3081251 0.4130938
-3.4626079 -1.1707584 -3.5675369
-3.3690555 1.9203608 -0.2211954
-4.1768212 1.4861097 -0.9500237
-4.1036781 1.1858391 -0.5338286
-1.9535409 0.9893393 0.1537762
-1.9210418 1.3540405 0.5211773
-4.2679179 1.1301661 -0.2071729
-4.2797813 1.5004259 0.2383354
-5.8864290 1.4879190 0.4413180
-4.9273637 0.0268228 -0.4463829
-2.7507204 0.0684992 -0.1750852
-4.6908107 0.8980970 0.3810720
-2.7832314 -0.7136889 -0.5598319
-1.2537722 -0.0956451 -0.0836558
-2.1938322 -0.1786346 -0.1327149
-2.2989455 -0.4250188 -0.2734004
-4.0409168 0.2198972 0.2510741
-2.6070339 -0.3728432 -0.1249258
-4.8731827 0.8320830 0.7502724
-3.0022467 -0.4155122 -0.0449327
-2.7801207 -0.8004531 -0.2451789
-4.1363334 -0.5732198 0.1047273
-2.7149122 1.1452131 0.9028627
-1.1817558 -0.2403114 0.0003473
-2.9856390 -0.3976595 0.1673697
-4.1371099 -1.9533708 -0.3637552
-6.6542177 -1.7570627 0.4031984
-4.5017178 -1.2695698 0.2812913
-3.5766365 -1.7229857 -0.1140675
-4.5254788 0.0881689 0.9798394
-2.3170082 -1.1318347 -0.0054430
-3.9462099 -1.0753473 0.4921037
-2.0830063 -1.5787086 -0.1533763
-1.9424658 -1.1057612 0.0255148
-0.9777782 -0.7320791 -0.0616973
-3.6112041 -1.0004659 0.5661060
-1.5131493 -1.3082874 -0.1140869
-2.3683163 -1.7381649 -0.0430424
-2.5022559 -2.4163707 -0.2894496
-3.4521820 -1.7406020 0.2839862
-3.2775736 -1.8047910 0.2372938
-4.5511020 -1.5063959 0.7869267
-2.8575949 -2.2602071 -0.0254191
-5.3712312 -3.2485921 0.3661514
-5.5666595 -3.1801464 0.5348643
-4.4097054 -2.4903793 0.4648717
-2.4543723 -1.4462656 0.2411529
-1.8169330 -2.1037801 -0.1925318
-4.0240450 -2.2375864 0.6054113
-2.3972515 -1.4142401 0.4303203
-2.0807947 -2.1240242 0.1738050
-3.3505875 0.4699065 1.8428971
-0.1991715 -0.3658319 0.4317253
-0.9053770 -0.0995285 1.4426246
-1.4769482 0.7789275 3.1556616
-0.3356052 0.3065022 1.3806992
0.1680197 -0.4293916 0.8145222
-0.0066739 0.2442399 0.5614128
0.0354273 0.2537948 0.6053548
-0.0217317 0.2787242 0.4752165
0.0219756 0.4015977 0.6675349
-0.0103504 0.2845083 0.4203682
0.1970843 0.3484167 0.6659125
-0.2153248 0.3683070 0.2467499
0.2168511 0.3809660 0.6253979
0.1030457 0.3369277 0.4355144
4.1705376 0.0335382 -0.2816668
6.4280842 0.1321644 -0.4246093
2.5023858 0.1627407 -0.1090605
1.6360742 0.6766140 -0.0051502
0.1278489 0.5429747 0.1786670
0.8239611 2.2386904 0.6061652
0.5416503 2.1024667 0.6393690
0.6964635 2.0541778 0.5492593
3.8644342 2.9587286 -0.2702737
2.1721775 3.5991888 0.5587457
2.1331100 1.2835950 -0.3185130
0.5972579 2.3032026 0.5548342
3.0956388 5.4815138 0.5618877
0.7111561 2.8292419 0.6491982
0.6141905 2.2060717 0.4529296
1.1946071 3.6595352 0.5689172
0.4362644 2.5257080 0.5676937
0.7431176 2.3487588 0.3456315
1.3585607 1.7779401 -0.1614723
1.5017191 2.1730235 -0.1951475
2.6682769 4.0078761 -0.3370861
2.8053125 4.7958074 -0.3080245
3.8964090 6.8229733 -0.4909400
0.1270423 0.6736913 0.0934287
0.3734918 2.1094361 0.2742422
2.4912977 4.5672988 -0.6871640
0.4795847 3.1660572 -0.1844221
0.5363436 2.5974955 -0.3044622
0.6430440 4.1374323 -0.3126251
0.9330462 5.0860106 -0.5278990
0.0131608 2.6480085 0.0606705
0.0738270 3.7239550 -0.0101536
0.0854468 3.7618081 -0.0207893
-0.8589597 3.1390984 0.7332672
-0.0692784 4.3031305 -0.5617101
-0.3238368 4.5297331 -0.3815881
-0.5690359 4.8560153 -0.3113271
-0.6374397 3.2976720 -0.1839805
-0.8706940 4.1078262 -0.2049480
-0.8274750 3.0764537 -0.3127575
-0.8974047 3.6325098 -0.8139443
-1.2723215 3.1375698 -0.1942510
-2.3010218 5.0076300 0.0648672
-1.5445876 3.2832697 0.0116089
-0.9562817 2.0035535 -0.1926370
-0.7185921 1.3123539 -0.1420818
-1.7566733 3.1345190 -0.5019870
-1.6399294 2.6966693 -0.3102534
-1.0305760 1.3274214 0.1328389
-2.7578923 3.0257014 -0.2445463
-0.2735553 -0.1011755 -0.5159663
-3.1840422 1.5250347 -0.1849394
-2.8597849 1.9945698 0.4666063
-4.2564998 1.5377548 -0.3576767
-2.1360987 0.3142474 -0.5063828
-3.6338189 1.3414991 -0.0008056
-1.9919614 0.5379008 -0.0954492
-2.5251982 0.6485264 0.2329797
-3.0037318 0.2547258 0.0420740
-3.1685951 -0.0516219 -0.0287858
-3.6273472 -0.9038130 -0.4585992
-2.1174218 -1.4601225 -0.5055235
-3.7003233 0.0711047 0.5376923
-4.7468715 -2.2962937 -0.0379578
-0.5025607 0.1366662 0.1759444
-2.2707994 -0.7701493 0.3428593
-0.3685501 -0.3792742 -0.0470983
-1.8884845 -1.6590609 -0.1173927
-3.5065809 -2.6885318 0.0770232
-2.8457571 -1.9554087 0.1861185
-0.9720061 -0.2258187 0.4770233
-0.5656933 -0.0691144 0.5014907
-0.0125782 -0.6723482 1.2328964
-0.0718725 -0.2079341 1.0209486
-0.0912465 0.2949315 0.5345432
0.0078846 0.2648238 0.5717776
0.2808912 0.3273093 0.2654776
1.6966891 0.6060922 -0.0517456
1.1690617 3.6135067 1.2868441
0.1005141 0.6776239 0.2191086
1.1714989 4.2265706 0.9765775
0.6630691 2.5424878 0.5591105
0.6588096 2.2921770 0.3596084
0.4068203 2.7469348 0.5618636
1.2525952 3.0278274 0.1494561
0.2876158 1.8604595 0.3305082
0.2246664 0.7766843 -0.1808185
0.0238593 2.0429522 -0.0320529
0.0993856 4.6040332 -0.3021246
0.0875991 3.6030043 -0.2575101
-0.0170790 3.3326882 -0.1878296
-0.5770477 3.2376479 0.2644180
-0.0354357 3.0058891 -0.6205985
-0.9599799 3.6189335 -0.4223393
-2.2654675 3.8835473 1.0616750
-1.6570757 1.3094502 0.0349111
-2.3524567 1.4200256 -0.4119264
-4.7360522 -1.2505218 -0.7573369
-4.1888560 -1.3321150 -0.3817980
-2.6970483 -0.9381307 -0.0553585
-4.3589539 -2.0842863 -0.3731294
-3.5554967 -1.1716410 0.0059996
-4.4847949 -1.1172003 0.6262467
-5.0834209 -2.9858731 0.7040424
-3.2039265 -2.5148236 0.3146030
-0.4527445 -0.1976930 0.1032195
-0.5399608 0.2016604 0.9808355
-0.6036069 0.8236360 2.8598766
-0.0646490 0.2011988 0.5308368
0.0326789 0.2869331 0.4667967
0.2904123 0.5369351 0.5186831
2.2709775 0.0289876 -0.0722299
0.1930114 0.5515586 0.1880266
2.7106984 2.0303871 -0.2632574
0.9560997 2.6412645 0.4656521
1.1621681 3.6428069 0.5877340
-1.5815039 2.6942601 0.0061129
-3.9809473 -3.0382366 -0.3928802
0.4697851 -0.3753532 0.5902579
0.3264885 0.3522050 0.6480929
0.2391108 0.5513205 0.5532715
1.7741514 2.6767244 -0.2786696
0.0779269 0.5536499 0.0265332
-6.2780592 -1.7184737 1.0392932
3.7053157 1.3726313 0.3776825
