2.000000 21753825.606000
2.100000 21709683.801726
2.200000 21664983.729681
2.300000 21617435.210821
2.400000 21569282.463443
2.500000 21519639.695226
2.600000 21481158.377771
2.700000 21448881.845688
2.800000 21417921.614346
2.900000 21390385.831829
3.000000 21364775.654379
3.100000 21342404.674166
3.200000 21322051.798969
3.300000 21302827.791798
3.400000 21285271.285931
3.500000 21269211.489965
3.600000 21253966.715656
3.700000 21238645.312083
3.800000 21225294.244889
3.900000 21214197.228832
4.000000 21204248.511810
4.100000 21192919.354153
4.200000 21183672.269717
4.300000 21175763.459915
4.400000 21170063.018190
4.500000 21163593.741411
4.600000 21156408.016990
4.700000 21149279.353257
4.800000 21142442.293163
4.900000 21136393.892580
5.000000 21130777.407396
5.100000 21125312.650696
5.200000 21120292.236873
5.300000 21115927.511852
5.400000 21112032.279589
5.500000 21108284.648559
5.600000 21104775.013233
5.700000 21101823.093394
5.800000 21100697.203368
5.900000 21098148.786435
6.000000 21095743.772659
6.100000 21093531.570786
6.200000 21091501.598961
6.300000 21089644.125045
6.400000 21087855.040447
6.500000 21086258.673699
6.600000 21084817.293845
6.700000 21083643.506134
6.800000 21082450.796343
6.900000 21081820.991532
7.000000 21081081.396844
7.100000 21080041.181709
7.200000 21079232.752805
7.300000 21078387.880979
7.400000 21077645.952149
7.500000 21076902.120093
7.600000 21076222.394145
7.700000 21077072.188100
7.800000 21076497.405977
7.900000 21076178.301846
8.000000 21075973.315090
8.100000 21075851.612803
8.200000 21075794.138513
8.300000 21075790.230860
8.400000 21075833.338713
8.500000 21075919.194107
8.600000 21076045.157123
8.700000 21076209.831594
8.800000 21076412.728141
8.900000 21076654.960941
9.000000 21076948.972426
9.100000 21077104.353424
9.200000 21077247.201106
9.300000 21077521.292284
9.400000 21077820.417493
9.500000 21078138.321218
9.600000 21078473.405124
9.700000 21078824.659617
9.800000 21079191.188142
9.900000 21079572.105262
10.000000 21079966.511670
10.100000 21080373.493507
10.200000 21080792.130920
10.300000 21081221.509648
10.400000 21081660.732567
10.500000 21082108.929654
10.600000 21082565.265778
10.700000 21083028.946243
10.800000 21083499.220276
10.900000 21083975.382794
11.000000 21084456.774785
11.100000 21084942.782652
11.200000 21085432.836785
11.300000 21085926.409608
11.400000 21086423.013300
11.500000 21086922.197318
11.600000 21087423.545864
11.700000 21087926.675347
11.800000 21088431.231939
11.900000 21088936.889225
12.000000 21089443.346000
12.100000 21089950.324217
12.200000 21090457.567086
12.300000 21090964.837332
12.400000 21091471.915598
12.500000 21091978.598992
12.600000 21092484.699765
12.700000 21092990.044108
12.800000 21093494.471063
12.900000 21093997.831530
13.000000 21094499.987368
13.100000 21095000.810582
13.200000 21095500.182571
13.300000 21095997.993458
13.400000 21096494.141467
13.500000 21096988.532358
13.600000 21097481.078910
13.700000 21097971.700450
13.800000 21098460.322406
13.900000 21098946.875920
14.000000 21099431.297465
14.100000 21099913.528512
14.200000 21100393.515206
14.300000 21100871.208080
14.400000 21101346.561777
14.500000 21101819.534801
14.600000 21102290.089278
14.700000 21102758.190741
14.800000 21103223.807921
14.900000 21103686.912558
15.000000 21104147.479220
