8.140480 97.777044
7.601532 104.012784
9.020782 115.859003
7.088791 93.530065
9.067749 117.789202
9.349617 113.665706
8.065315 104.049346
8.165817 106.735459
7.940483 105.594351
9.071228 109.841339
7.636917 101.400707
8.366432 107.137127
9.142799 122.013461
7.292244 100.311268
9.704475 126.178493
9.277084 125.049654
7.739731 96.555807
8.906456 118.550223
8.133087 102.801283
8.325874 106.787232
8.178886 104.372421
8.406715 106.558593
8.265289 112.908266
7.849365 102.118861
7.364227 93.845691
7.304100 93.163517
7.701851 94.977326
9.114441 120.425711
7.575623 99.385466
7.889992 100.325534
8.631363 115.302130
10.702652 138.252976
9.188118 115.305149
8.384857 107.530121
7.697388 98.083321
7.558983 104.656245
8.457275 103.976739
7.744286 98.276946
8.027069 109.807508
7.251480 96.666140
8.225212 106.659954
9.086906 112.754224
7.742455 109.093421
7.254890 96.355425
7.362602 92.476674
9.075348 122.095121
9.114441 120.425711
9.687698 124.242382
8.318962 107.365612
7.605492 98.211773
8.035858 102.469640
8.501862 113.951891
7.728424 99.650455
8.786156 117.778076
9.087158 111.920281
7.575623 99.385466
8.631363 115.302130
6.158295 85.414080
7.662918 101.788849
7.922310 107.220412
9.044815 116.398069
8.285362 112.912659
7.733665 90.833730
8.364624 111.439357
8.306557 106.212078
8.156204 103.398147
9.015976 118.332624
9.079720 107.877471
7.701210 102.457131
8.471169 111.632562
9.026871 117.564499
9.201027 118.430278
9.635468 122.751046
8.969650 112.657718
7.710045 98.204090
7.238365 94.242191
8.345261 108.794483
8.923050 110.123402
8.976814 116.797655
8.646492 106.775250
8.142036 110.589123
8.181152 111.366671
8.566635 113.807920
8.048790 105.898547
8.729416 114.334229
7.628014 97.554545
8.177284 105.010213
9.356827 121.619781
8.112373 109.235330
8.871185 118.362125
8.275909 103.023231
9.257835 111.219111
7.675301 105.127839
8.140480 97.777044
7.765480 99.653706
8.067696 110.090162
8.954315 119.165912
8.179733 108.784402
7.714096 100.934610
9.230164 112.795291
8.073532 103.455210
8.514336 106.307188
7.898849 98.756796
7.326599 104.615980
7.665665 94.426456
9.196152 119.144402
7.627075 98.308966
6.528374 89.398198
8.073532 103.455210
7.705147 94.445033
7.688713 102.026807
7.806244 96.553052
8.536446 109.797285
7.647285 93.591683
7.640099 91.447574
8.403122 101.770353
9.141678 116.113087
7.628014 97.554545
7.989944 104.429910
6.536362 90.224858
7.637421 97.682457
7.605972 95.321990
8.012878 104.253443
9.340164 125.075094
7.680817 91.540396
8.057693 103.265158
9.078735 112.084925
7.731857 98.870967
7.606750 93.412976
8.926140 114.644181
7.682190 97.465537
8.843811 113.398762
7.935242 105.210176
8.126862 105.765993
7.076271 95.543025
6.944572 86.501626
7.692101 99.323514
6.944572 86.501626
7.919884 99.829732
8.301567 103.821258
7.689743 104.750732
8.914192 113.283606
8.285362 112.912659
7.827049 93.607268
9.746246 124.844764
8.274010 106.186190
6.847252 86.938902
6.543434 80.174653
8.450500 106.062431
8.319122 109.190374
9.229179 122.131667
8.713051 110.376347
8.871185 118.362125
9.019524 111.306038
8.677299 107.424370
7.495445 94.693659
8.531914 104.705461
7.650810 100.896920
8.315071 107.662920
7.726181 101.716495
8.778053 113.756589
8.677299 107.424370
7.254890 96.355425
7.850899 95.802589
9.148544 115.134487
7.689102 99.917975
7.653992 95.743548
7.634331 94.469649
8.934288 108.166086
8.252563 102.257892
8.932686 112.073712
9.762222 119.038273
8.031532 106.168383
8.779312 113.383265
9.061203 118.440728
9.349617 113.665706
7.620872 95.195182
8.225761 110.571424
8.475403 112.568492
8.786156 117.778076
8.926231 118.933674
9.134743 120.681338
8.142036 110.589123
7.206642 94.414112
7.687752 101.329643
8.820213 119.485041
8.859558 123.745099
7.697388 98.083321
7.304100 93.163517
7.710365 96.735525
8.296532 104.128649
9.188118 115.305149
8.027069 109.807508
7.629890 101.717657
8.000084 104.960465
7.243790 94.790743
8.252312 108.193039
7.837212 106.208705
8.677299 107.424370
8.789497 116.529083
7.638451 97.914325
7.918327 101.339146
9.061203 118.440728
7.691368 99.364152
8.750702 109.425455
8.659355 115.890702
8.665581 113.581130
9.069534 111.908147
9.054337 120.366730
6.751534 92.997349
8.529099 101.448155
8.729416 114.334229
6.158295 85.414080
8.078178 107.827851
7.710365 96.735525
8.852966 109.403021
9.131905 124.185401
8.156204 103.398147
9.101990 119.716720
7.387184 105.931988
8.000542 105.273615
7.745728 103.509711
7.716820 93.974630
8.265312 104.104087
7.971336 101.264480
7.640488 106.925685
8.873726 122.835081
7.733047 98.415976
9.172737 114.203198
8.830765 110.417181
9.026871 117.564499
9.199974 118.894027
8.852257 112.145331
8.767914 118.521674
8.818977 113.916244
7.708305 99.675640
7.903084 102.146018
8.509735 110.430490
9.086197 113.082223
8.477005 104.294814
9.078735 112.084925
7.682190 97.465537
7.804665 104.071166
7.675301 105.127839
8.796661 111.181306
7.703064 100.236899
8.155632 103.463832
9.172737 114.203198
7.087189 88.632852
9.665039 135.036864
8.251488 109.135872
9.068687 122.039420
7.642296 97.338882
7.678139 99.176518
7.104218 94.628861
9.040878 116.936660
7.495445 94.693659
9.349617 113.665706
9.051819 118.150591
8.513672 109.513172
7.994087 105.781389
9.201118 110.462501
7.304100 93.163517
8.455925 111.995201
8.618019 117.349775
8.795380 117.534324
7.691437 92.654536
7.724121 96.638827
8.714516 110.994637
8.086533 99.494306
8.976814 116.797655
7.989944 104.429910
9.132614 115.933934
7.680771 101.255301
8.112373 109.235330
8.818977 113.916244
8.636765 113.495137
7.692398 90.592162
7.943275 104.309244
7.575623 99.385466
7.921005 105.327828
8.531914 104.705461
7.703064 100.236899
8.545578 111.717947
8.051857 105.532762
8.922684 115.712163
7.640099 91.447574
7.277275 92.986388
7.620872 95.195182
9.183815 114.542628
8.127777 109.788692
7.828125 98.936839
10.572899 131.417412
7.606750 93.412976
8.570091 111.579177
7.674934 96.973687
7.989944 104.429910
8.199051 103.445255
9.626381 126.153613
9.303543 117.319124
8.315071 107.662920
7.240562 98.304522
7.765869 103.867108
7.640465 103.011440
7.943275 104.309244
7.101379 90.219483
8.448326 114.836664
9.141380 109.924737
7.363403 97.168524
8.539581 112.545773
8.560432 104.152379
9.356827 121.619781
10.086708 123.483680
8.139336 108.845645
8.027550 106.149184
7.896240 104.193949
8.934288 108.166086
8.260529 103.057344
9.054268 114.818976
7.450882 98.855413
8.172043 110.126751
7.737717 108.240388
7.636391 95.226561
7.868614 100.506802
7.734283 99.790586
8.471169 111.632562
7.985161 108.582631
7.661842 102.456118
8.390831 107.712339
7.680382 92.629290
7.769531 98.911618
7.978226 103.241467
7.987152 95.658848
8.086098 101.337009
7.706635 94.671662
11.001846 144.324755
8.446609 107.390258
8.301567 103.821258
8.179733 108.784402
7.363403 97.168524
9.020782 115.859003
7.387184 105.931988
8.140480 97.777044
7.985161 108.582631
8.205940 105.322169
7.558983 104.656245
7.667381 96.203244
8.303902 109.372008
8.545578 111.717947
9.063148 119.011219
7.675598 98.070848
9.494637 120.331195
8.172043 110.126751
8.386162 104.574291
7.680244 97.694351
8.220680 108.047836
8.614471 118.900237
8.767914 118.521674
8.456337 109.451939
8.659355 115.890702
8.448326 114.836664
8.106651 111.478112
7.983078 103.449927
8.813393 113.214446
8.928909 119.459232
7.998482 103.521846
8.713943 113.820440
7.981407 110.241072
7.834991 98.666512
9.149048 116.141732
8.471947 114.567398
8.860703 114.714136
9.079720 107.877471
7.744286 98.276946
8.536446 109.797285
9.302238 119.229779
7.384918 99.515509
8.142036 110.589123
8.795380 117.534324
7.623024 98.266351
9.189857 108.904903
8.528732 104.740739
7.705147 94.445033
7.240562 98.304522
7.628220 97.685974
7.744034 98.665358
9.184135 115.803275
8.265312 104.104087
8.329857 104.502443
8.207130 105.024771
9.086197 113.082223
9.085144 115.235534
7.715721 98.973219
8.696182 114.314481
8.448326 114.836664
7.720093 105.103375
7.741127 96.638453
8.329857 104.502443
8.914192 113.283606
8.792084 108.665946
8.925568 116.710753
8.157166 102.464789
8.679222 111.190999
7.984085 100.288150
9.055984 114.539597
7.796539 98.649381
8.821060 110.683536
7.238365 94.242191
7.690178 100.131930
8.972443 112.225568
7.628380 98.636680
8.938797 106.650051
7.896240 104.193949
8.288567 109.446378
8.528732 104.740739
7.943138 105.414193
9.119133 122.069485
7.634171 94.923033
7.684570 92.160866
7.828125 98.936839
8.225761 110.571424
7.897339 102.972311
8.668236 116.828659
8.898010 117.339789
7.650536 99.003674
7.706635 94.671662
7.692398 90.592162
8.036842 98.561569
9.201027 118.430278
8.378586 106.345400
7.574158 92.548740
7.978226 103.241467
9.164360 114.643940
7.669281 101.746180
8.531914 104.705461
8.771690 113.625198
8.390831 107.712339
8.550865 107.799334
8.182457 100.426701
8.051857 105.532762
7.765869 103.867108
7.943275 104.309244
8.395248 109.470998
7.991524 106.582332
7.706635 94.671662
10.595810 127.575391
9.041016 114.073926
9.217781 118.458839
7.634628 97.650051
8.132721 108.088017
8.534706 111.244200
7.959961 100.748118
9.687698 124.242382
7.548088 95.981521
9.103729 115.054066
7.914734 100.573616
8.217911 103.973613
8.381744 109.400089
7.667770 93.179745
9.123962 121.777495
8.948387 127.482701
6.556549 87.660938
8.332283 110.746346
7.658318 95.708609
7.575623 99.385466
7.706772 101.319015
8.914192 113.283606
8.570091 111.579177
9.264244 119.501648
7.907547 98.162528
7.943024 99.321918
8.769882 110.007426
8.125259 97.277870
7.965408 105.665289
9.687698 124.242382
8.189461 103.995525
8.696182 114.314481
7.898277 102.315223
8.749237 115.287764
8.557320 117.434430
8.325439 101.253724
8.319122 109.190374
9.141678 116.113087
7.667770 93.179745
6.847252 86.938902
8.103607 106.590599
7.674957 100.762486
8.236313 101.368710
7.686058 100.241048
9.106110 121.653868
8.159317 106.798440
8.629692 115.279125
7.104218 94.628861
7.945839 100.994623
8.450500 106.062431
7.798943 97.627951
9.079720 107.877471
7.612999 95.918461
6.723404 84.903489
9.054337 120.366730
7.364227 93.845691
8.932686 112.073712
7.897339 102.972311
7.637695 107.931749
7.237633 92.051643
8.139336 108.845645
7.731857 98.870967
9.176949 120.505595
9.131905 124.185401
7.732887 100.740846
7.672989 104.176777
8.948387 127.482701
7.751221 102.497234
7.796608 91.267323
9.223961 119.739864
7.708305 99.675640
8.036041 106.716711
9.706993 122.912251
7.791298 101.511513
8.208366 104.867433
8.859558 123.745099
8.531914 104.705461
8.231026 102.311321
7.809013 95.663804
8.343842 113.895528
9.066170 123.219972
9.078735 112.084925
7.667679 100.096152
7.300896 90.490706
8.087975 104.691574
7.632156 100.112688
8.073509 103.246842
7.689262 95.050275
7.251480 96.666140
8.127777 109.788692
6.591591 90.462538
8.366432 107.137127
8.111069 99.804215
9.217781 118.458839
7.623962 105.712598
8.351280 109.112887
8.225212 106.659954
7.612999 95.918461
9.196152 119.144402
8.947334 119.187456
8.325874 106.787232
8.072479 105.266221
8.137688 105.590191
9.086197 113.082223
9.415398 114.948712
7.684570 92.160866
8.896843 107.086293
8.513672 109.513172
7.093964 90.002412
7.642296 97.338882
7.632065 108.724276
9.133209 117.139060
7.796539 98.649381
7.873833 103.164205
7.554588 93.047986
7.697388 98.083321
8.226997 109.121115
8.074150 103.689282
7.636917 101.400707
9.062279 117.036917
8.715088 115.789708
7.754700 99.209701
8.906456 118.550223
8.172775 106.496234
8.048790 105.898547
7.263771 95.228968
7.691437 92.654536
7.850899 95.802589
7.088791 93.530065
8.036041 106.716711
6.556549 87.660938
8.115143 104.530131
8.320221 109.614337
9.303246 121.548007
8.254829 108.364647
8.189461 103.995525
8.457275 103.976739
7.428566 90.982574
8.514336 106.307188
8.381744 109.400089
8.736649 111.273980
7.936272 101.495799
8.783089 111.032278
7.698647 99.493746
8.789497 116.529083
8.813393 113.214446
8.715088 115.789708
7.679443 94.258264
8.290123 100.659850
7.729477 95.552753
8.624542 106.091164
9.349617 113.665706
8.455925 111.995201
8.263458 105.853968
8.898010 117.339789
8.153366 97.968082
7.624420 106.400016
8.879105 99.601650
8.796661 111.181306
7.708328 90.040540
8.713943 113.820440
9.045525 108.211738
8.107269 105.889466
8.252563 102.257892
8.040733 104.739773
9.208237 117.657700
7.363403 97.168524
7.772873 102.702774
9.143784 119.566006
7.078835 96.918424
7.457016 97.606300
9.172737 114.203198
8.870682 113.397493
8.225212 106.659954
7.257729 91.922929
9.009361 109.679862
7.733665 90.833730
7.813705 105.347904
7.277275 92.986388
8.803322 106.254892
7.086662 93.080950
7.697388 98.083321
9.263786 120.076624
7.661499 96.523642
8.875145 108.991392
8.976814 116.797655
8.624176 106.921642
7.985161 108.582631
9.071228 109.841339
7.268074 91.817053
8.199051 103.445255
9.177933 119.188284
8.525276 107.271966
7.219139 97.807018
8.860703 114.714136
10.702652 138.252976
7.263771 95.228968
8.017868 104.740398
8.735504 113.580314
8.238785 108.915907
8.952667 117.793541
8.536263 108.683406
7.745728 103.509711
8.078178 107.827851
7.387184 105.931988
7.985275 107.412876
8.142036 110.589123
8.797783 111.207263
7.554588 93.047986
8.225761 110.571424
9.066353 123.126809
7.638680 93.517264
8.181152 111.366671
8.471947 114.567398
7.789055 104.646334
8.735504 113.580314
8.263458 105.853968
7.658318 95.708609
8.151169 100.317888
8.636765 113.495137
7.651176 100.216093
7.308083 91.608629
8.236313 101.368710
7.692055 94.205093
6.528374 89.398198
7.943138 105.414193
9.117531 112.331872
9.085144 115.235534
9.150948 124.302147
9.148544 115.134487
8.448326 114.836664
8.132172 104.999731
8.526993 110.905459
9.143784 119.566006
8.030571 107.042758
8.381744 109.400089
8.509735 110.430490
10.287781 136.665174
7.720093 97.963626
9.132614 115.933934
7.971336 101.264480
6.952812 94.621926
8.692200 111.362925
7.798943 97.627951
9.207184 120.732146
8.265312 107.957649
7.364227 93.845691
9.020782 115.859003
8.101135 104.878310
7.689262 95.050275
8.970612 113.627664
8.921356 113.905437
8.786156 117.778076
8.158951 104.723675
8.792084 108.665946
8.406715 106.558593
7.828125 98.936839
8.819298 112.205753
9.166557 115.533386
7.087189 88.632852
9.149048 116.141732
9.176949 120.505595
8.107269 105.889466
8.859558 123.745099
8.435944 107.634790
7.725998 98.664006
8.689819 111.261471
8.923050 110.123402
7.698647 99.493746
9.044815 116.398069
8.921356 113.905437
8.450500 106.062431
7.931168 97.310523
7.965408 105.665289
7.893402 100.994511
9.155960 118.002229
8.659355 115.890702
9.331306 125.541785
7.710365 96.735525
7.347382 97.003888
9.626381 126.153613
7.191353 92.792716
9.120049 123.163724
7.689743 104.750732
7.091835 90.014116
8.475403 112.568492
7.789055 104.646334
7.640030 103.663642
8.885902 117.986310
8.263458 105.853968
7.923523 104.193947
7.219139 97.807018
8.624542 106.091164
8.181152 111.366671
8.566635 113.807920
7.994087 105.781389
8.723648 105.388482
9.063148 119.011219
8.012878 104.253443
9.040878 116.936660
8.932686 112.073712
8.982353 110.482332
9.071228 109.841339
8.804878 112.925530
8.280190 101.357097
7.450882 98.855413
9.264244 119.501648
7.086662 93.080950
9.208237 117.657700
7.667770 93.179745
9.197342 115.243245
8.501747 108.914919
9.157265 118.033522
6.158295 85.414080
7.940483 105.594351
7.680473 95.022450
7.697388 98.083321
7.825287 99.668759
8.159317 106.798440
7.798943 97.627951
7.632065 108.724276
7.898849 98.756796
7.640465 103.011440
9.043602 118.123361
7.628380 98.636680
7.955612 99.539425
7.722862 98.862101
7.738403 104.944343
7.658318 95.708609
8.715088 115.789708
7.262970 89.209934
8.455925 111.995201
8.651230 110.959589
7.896240 104.193949
8.805840 115.262834
6.712852 92.574910
7.779030 92.958309
8.153595 107.469080
8.199051 103.445255
9.012772 121.571980
7.184578 96.061843
9.141380 109.924737
8.171768 110.188551
7.634628 97.650051
9.114441 120.425711
8.050598 105.461049
8.347641 105.187213
8.471169 111.632562
8.545578 111.717947
9.064293 110.864971
8.181152 111.366671
7.834991 98.666512
7.570953 96.759741
9.626381 126.153613
7.680382 92.629290
7.720093 105.103375
7.720093 105.103375
7.701210 102.457131
8.207130 105.024771
9.101990 119.716720
10.108498 123.044658
9.225769 117.285766
7.922310 107.220412
8.207130 105.024771
8.137985 110.291549
9.211029 112.208228
8.534706 111.244200
8.858459 111.696268
7.689262 95.050275
8.982079 116.095381
8.970612 113.627664
9.302193 127.038128
7.705147 94.445033
7.692055 94.205093
9.616608 118.864892
8.981644 116.882452
6.556549 87.660938
7.675827 101.488600
10.287781 136.665174
9.197342 115.243245
8.536446 109.797285
7.634331 94.469649
9.241653 116.714130
9.075348 122.095121
9.077133 119.523883
8.852966 109.403021
8.265312 104.104087
7.923523 104.193947
7.737717 108.240388
8.395248 109.470998
7.718033 103.061959
8.220680 108.047836
8.140480 97.777044
8.677345 118.882374
7.675301 105.127839
8.550865 107.799334
8.127640 94.882094
8.981644 116.882452
7.674957 100.762486
8.852257 112.145331
8.101135 104.878310
8.688492 116.067841
9.149757 107.735043
7.716820 93.974630
8.614632 112.412899
7.734283 99.790586
7.243790 94.790743
8.265289 112.908266
8.252563 102.257892
8.000542 105.273615
7.100761 94.552155
8.115143 104.530131
8.132172 104.999731
7.681732 100.955910
8.100632 106.290344
7.849365 102.118861
8.220909 106.587888
8.102188 95.852747
8.677345 118.882374
7.612999 95.918461
7.744400 104.744433
8.646492 106.775250
9.111145 110.130942
8.036041 106.716711
7.708305 99.675640
8.102188 95.852747
7.971565 102.435719
7.240562 98.304522
9.683258 125.051945
8.786156 117.778076
8.528732 104.740739
8.148582 105.107628
8.779312 113.383265
7.088791 93.530065
8.898766 113.323254
8.735504 113.580314
10.160408 133.847467
7.634331 94.469649
9.044815 116.398069
8.290260 104.254052
8.550865 107.799334
8.439377 109.380246
8.288567 109.446378
8.260529 103.057344
8.689819 111.261471
8.073715 105.099841
7.978226 103.241467
8.201775 112.712018
9.066353 123.126809
8.225464 110.963107
7.943275 104.309244
8.142769 108.401504
7.207237 97.750799
7.834991 98.666512
9.746246 124.844764
8.981644 116.882452
8.220680 108.047836
8.779312 113.383265
8.100746 103.996833
7.697388 98.083321
8.598495 108.665389
7.686058 100.241048
8.796982 105.251676
7.804665 104.071166
8.548691 116.095841
7.237633 92.051643
7.191353 92.792716
7.805328 101.491247
7.078835 96.918424
9.075348 122.095121
8.896843 107.086293
9.159760 118.287969
9.023071 108.714238
8.460823 112.146724
8.224983 105.102735
7.326599 104.615980
9.683258 125.051945
7.705147 94.445033
8.036842 98.561569
8.166412 110.853145
7.605492 98.211773
8.142769 108.401504
7.022507 92.019827
7.240562 98.304522
9.106110 121.653868
7.605972 95.321990
7.689102 99.917975
9.746246 124.844764
8.631363 115.302130
8.288567 109.446378
8.529099 101.448155
8.065315 104.049346
9.143784 119.566006
8.012878 104.253443
9.131516 115.583452
8.190651 104.329367
7.751221 102.497234
8.694351 110.246081
9.123962 121.777495
8.551460 110.653922
8.306557 106.212078
9.173561 117.641474
7.697090 103.754604
8.171768 110.188551
8.107269 105.889466
8.952667 117.793541
9.251678 122.714340
7.880219 105.328669
8.611771 104.214721
9.274612 116.098527
7.634628 97.650051
9.173012 118.557926
8.665581 113.581130
8.036842 98.561569
8.386162 104.574291
8.906982 114.715098
7.078835 96.918424
8.269615 102.262819
9.020782 115.859003
7.767586 103.587409
10.114014 128.518825
7.304100 93.163517
10.160408 134.394856
6.723404 84.903489
8.074150 103.689282
7.686241 100.167153
8.733376 113.426519
9.001373 103.813765
7.251480 96.666140
8.922684 115.712163
8.870682 113.397493
7.730072 100.131801
8.536446 109.797285
8.954475 116.237060
7.968773 103.352820
8.715088 115.789708
8.172775 106.496234
7.111290 92.323545
9.148544 115.134487
8.116905 101.059742
9.251678 122.714340
9.041016 114.073926
8.077354 110.700034
7.850121 98.811230
7.732887 100.740846
9.045525 108.211738
8.251488 109.135872
7.802948 105.261259
7.848152 99.035597
8.201775 112.712018
8.548691 116.095841
7.699722 95.194027
8.251488 109.135872
8.329857 104.502443
7.669281 101.746180
