2.000000 16.808652 73.650720 -40.033416
2.100000 25.212576 79.471845 -29.046694
2.200000 33.611039 85.658701 -18.436624
2.300000 41.967630 92.090258 -8.154997
2.400000 50.249272 98.659127 1.839418
2.500000 58.426053 105.272306 11.579799
2.600000 66.471066 111.851056 21.091076
2.700000 74.360261 118.330102 30.390421
2.800000 82.072288 124.656437 39.488140
2.900000 89.588354 130.787922 48.388786
3.000000 96.892079 136.691853 57.092305
3.100000 103.969363 142.343608 65.595118
3.200000 110.808249 147.725412 73.891085
3.300000 117.398795 152.825269 81.972322
3.400000 123.732952 157.636035 89.829869
3.500000 129.804439 162.154658 97.454220
3.600000 135.608628 166.381533 104.835724
3.700000 141.142435 170.319993 111.964877
3.800000 146.404204 173.975895 118.832513
3.900000 151.393608 177.357301 125.429915
4.000000 156.111546 180.474250 131.748842
4.100000 160.560043 183.338600 137.781486
4.200000 164.742160 185.963958 143.520363
4.300000 168.661903 188.365676 148.958131
4.400000 172.324134 190.560922 154.087345
4.500000 175.734487 192.568818 158.900156
4.600000 178.899296 194.410605 163.387986
4.700000 181.825507 196.109784 167.541229
4.800000 184.520615 197.692092 171.349138
4.900000 186.992588 199.185088 174.800089
5.000000 189.249804 200.617030 177.882579
5.100000 191.300985 202.014731 180.587239
5.200000 193.155137 203.400382 182.909892
5.300000 194.821494 204.788018 184.854969
5.400000 196.309462 206.181010 186.437914
5.500000 197.628570 207.571987 187.685153
5.600000 198.788417 208.945448 188.631386
5.700000 199.798631 210.281895 189.315366
5.800000 200.668821 211.561773 189.775869
5.900000 201.408542 212.768157 190.048928
6.000000 202.027253 213.888001 190.166505
6.100000 202.534282 214.912348 190.156217
6.200000 202.938797 215.835948 190.041645
6.300000 203.249769 216.656660 189.842877
6.400000 203.475951 217.374827 189.577075
6.500000 203.625849 217.992710 189.258989
6.600000 203.707699 218.514017 188.901381
6.700000 203.729445 218.943529 188.515361
6.800000 203.698722 219.286797 188.110647
6.900000 203.622839 219.549906 187.695772
7.000000 203.508761 219.739286 187.278235
7.100000 203.363100 219.861573 186.864628
7.200000 203.192105 219.923484 186.460725
7.300000 203.001646 219.931729 186.071562
7.400000 202.797214 219.892933 185.701495
7.500000 202.583914 219.813578 185.354250
7.600000 202.366459 219.699950 185.032968
7.700000 202.149169 219.558102 184.740236
7.800000 201.935970 219.393818 184.478123
7.900000 201.730398 219.212591 184.248205
8.000000 201.535595 219.019597 184.051594
8.100000 201.354322 218.819683 183.888960
8.200000 201.188954 218.617350 183.760558
8.300000 201.041494 218.416744 183.666245
8.400000 200.913579 218.221652 183.605506
8.500000 200.806487 218.035497 183.577477
8.600000 200.721147 217.861333 183.580962
8.700000 200.658154 217.701849 183.614459
8.800000 200.617775 217.559370 183.676181
8.900000 200.599969 217.435861 183.764078
9.000000 200.604394 217.332931 183.875858
9.100000 200.630427 217.251841 184.009013
9.200000 200.677177 217.193513 184.160841
9.300000 200.743500 217.158534 184.328466
9.400000 200.828020 217.147173 184.508867
9.500000 200.929142 217.159385 184.698900
9.600000 201.045075 217.194826 184.895323
9.700000 201.173844 217.252868 185.094819
9.800000 201.313313 217.332606 185.294021
9.900000 201.461207 217.432875 185.489540
10.000000 201.615125 217.552266 185.677983
10.100000 201.772563 217.689140 185.855987
10.200000 201.930937 217.841642 186.020232
10.300000 202.087598 218.007721 186.167474
10.400000 202.239854 218.185145 186.294563
10.500000 202.384994 218.371522 186.398466
10.600000 202.520302 218.564314 186.476290
10.700000 202.643081 218.760861 186.525302
10.800000 202.750674 218.958401 186.542947
10.900000 202.840479 219.154087 186.526872
11.000000 202.909974 219.345012 186.474936
11.100000 202.956731 219.528229 186.385234
11.200000 202.978440 219.700773 186.256107
11.300000 202.972923 219.859686 186.086161
11.400000 202.938155 220.002032 185.874279
11.500000 202.872278 220.124927 185.619629
11.600000 202.773620 220.225557 185.321683
11.700000 202.640712 220.301203 184.980220
11.800000 202.472300 220.349260 184.595340
11.900000 202.267361 220.367258 184.167465
12.000000 202.025119 220.352888 183.697350
12.100000 201.745052 220.304020 183.186085
12.200000 201.426912 220.218726 182.635098
12.300000 201.070726 220.095299 182.046152
12.400000 200.676813 219.932278 181.421349
12.500000 200.245791 219.728466 180.763117
12.600000 199.778582 219.482954 180.074211
12.700000 199.276420 219.195143 179.357698
12.800000 198.740855 218.864766 178.616944
12.900000 198.173756 218.491916 177.855597
13.000000 197.577316 218.077066 177.077565
13.100000 196.954047 217.621102 176.286992
13.200000 196.306784 217.125349 175.488219
13.300000 195.638679 216.591602 174.685757
13.400000 194.953200 216.022167 173.884234
13.500000 194.254121 215.419894 173.088348
13.600000 193.545517 214.788226 172.302808
13.700000 192.831753 214.131246 171.532260
13.800000 192.117473 213.453731 170.781215
13.900000 191.407588 212.761219 170.053956
14.000000 190.707256 212.060076 169.354437
14.100000 190.021871 211.357571 168.686171
14.200000 189.357037 210.661966 168.052107
14.300000 188.718550 209.982603 167.454497
14.400000 188.112374 209.329993 166.894754
14.500000 187.544610 208.715905 166.373316
14.600000 187.021476 208.153444 165.889508
14.700000 186.549266 207.657097 165.441436
14.800000 186.134324 207.242739 165.025908
14.900000 185.783003 206.927585 164.638421
