2.000000 21766709.355185
2.100000 21727929.523730
2.200000 21681869.897759
2.300000 21632258.892856
2.400000 21581980.807353
2.500000 21529204.120589
2.600000 21491820.948696
2.700000 21462072.706810
2.800000 21432246.668193
2.900000 21405694.642995
3.000000 21380402.784339
3.100000 21359576.447183
3.200000 21341804.401203
3.300000 21322531.256414
3.400000 21305291.290204
3.500000 21289605.510648
3.600000 21276815.971063
3.700000 21265053.987719
3.800000 21252297.009711
3.900000 21239594.899279
4.000000 21227506.735749
4.100000 21217227.813471
4.200000 21206891.379125
4.300000 21197013.788866
4.400000 21187198.740905
4.500000 21178383.584580
4.600000 21171155.588732
4.700000 21164388.352955
4.800000 21157834.853314
4.900000 21151550.871923
5.000000 21145610.235170
5.100000 21139993.093251
5.200000 21134720.335030
5.300000 21129773.334253
5.400000 21125138.178032
5.500000 21120782.305248
5.600000 21116725.411250
5.700000 21113105.141609
5.800000 21110880.754994
5.900000 21108025.275341
6.000000 21105404.564681
6.100000 21103022.716180
6.200000 21100695.841182
6.300000 21099052.805735
6.400000 21097427.967627
6.500000 21095930.289659
6.600000 21094591.568578
6.700000 21093317.160960
6.800000 21092268.541966
6.900000 21090837.117330
7.000000 21089665.478984
7.100000 21089383.835594
7.200000 21088772.273840
7.300000 21088235.326771
7.400000 21087958.877707
7.500000 21087735.891073
7.600000 21087490.587988
7.700000 21083931.944296
7.800000 21082553.027691
7.900000 21082027.498924
8.000000 21081708.256519
8.100000 21081502.781961
8.200000 21081376.761991
8.300000 21081320.975396
8.400000 21081333.646199
8.500000 21081414.865715
8.600000 21081564.327525
8.700000 21081778.605283
8.800000 21082043.042991
8.900000 21082294.924799
9.000000 21082226.672190
9.100000 21082964.383493
9.200000 21085334.831313
9.300000 21086092.039817
9.400000 21086499.324032
9.500000 21086827.786484
9.600000 21087136.916321
9.700000 21087444.677338
9.800000 21087757.764460
9.900000 21088079.037462
10.000000 21088409.816242
10.100000 21088750.705762
10.200000 21089101.925618
10.300000 21089463.454496
10.400000 21089835.101571
10.500000 21090216.548533
10.600000 21090607.379653
10.700000 21091007.106482
10.800000 21091415.189407
10.900000 21091831.056483
11.000000 21092254.119527
11.100000 21092683.787400
11.200000 21093119.476523
11.300000 21093560.618867
11.400000 21094006.667682
11.500000 21094457.101356
11.600000 21094911.425741
11.700000 21095369.175278
11.800000 21095829.913237
11.900000 21096293.231282
12.000000 21096758.748595
12.100000 21097226.110688
12.200000 21097694.988041
12.300000 21098165.074640
12.400000 21098636.086490
12.500000 21099107.760142
12.600000 21099579.851263
12.700000 21100052.133279
12.800000 21100524.396083
12.900000 21100996.444835
13.000000 21101468.098840
13.100000 21101939.190509
13.200000 21102409.564400
13.300000 21102879.076332
13.400000 21103347.592576
13.500000 21103814.989100
13.600000 21104281.150885
13.700000 21104745.971288
13.800000 21105209.351465
13.900000 21105671.199830
14.000000 21106131.431566
14.100000 21106589.968166
14.200000 21107046.737016
14.300000 21107501.671005
14.400000 21107954.708171
14.500000 21108405.791364
14.600000 21108854.867941
14.700000 21109301.889481
14.800000 21109746.811520
14.900000 21110189.593304
15.000000 21110630.197559
