8.967224 110.876060
7.808350 101.074548
8.098892 101.067953
9.010002 111.841906
7.961563 101.254047
7.671570 96.044285
7.671570 96.044285
8.822617 108.053630
8.423721 105.272399
9.318787 120.086456
8.537498 108.727570
8.419830 104.086178
8.580551 110.383790
8.917168 115.454531
8.187195 105.776163
9.040398 108.928472
8.423470 106.715077
8.480782 107.330518
8.513008 105.914678
8.313927 107.997282
8.280991 103.182349
7.860809 100.091671
8.000084 102.108405
6.676643 86.924703
8.837448 110.215998
8.965508 119.958635
8.047371 105.379618
7.683243 103.138821
8.926117 115.420779
7.784958 95.936830
8.432121 109.575715
8.690758 108.184184
7.676651 101.617467
9.041451 111.957017
8.680138 107.458307
9.119545 115.033198
7.915237 99.905720
7.785919 100.102535
8.590851 113.326281
8.628891 105.439865
7.903038 102.304712
9.145042 112.579764
7.897499 94.248158
7.926361 98.007881
7.978775 96.794549
8.307564 100.737891
8.145927 104.053712
7.993469 106.868658
9.127029 115.177919
8.405411 105.327293
7.090187 86.050012
7.655159 104.099100
9.092422 119.511525
8.052544 102.898868
7.957214 101.593167
8.853172 111.565457
7.775848 97.186577
8.372017 106.563287
7.963806 99.505567
7.684250 93.824683
8.536629 111.488250
8.110588 106.785584
7.681435 96.378113
7.687820 95.100104
7.654816 96.209911
9.131836 115.694860
7.139351 92.613726
9.052872 110.034266
8.225281 104.208734
7.960373 100.966147
9.137764 112.167359
7.957214 101.593167
8.963264 115.423361
8.714333 109.409094
7.639343 94.557076
8.938545 112.900726
8.852371 112.401897
8.401039 107.397354
8.674782 113.369926
7.698212 100.081798
8.107407 103.511934
6.676643 86.924703
8.360252 106.655721
9.125336 110.285146
7.785919 100.102535
7.658867 99.072888
9.102974 119.873915
9.103249 115.431263
7.835838 103.450962
7.256538 94.737583
9.052872 110.034266
8.107407 103.511934
8.947380 116.325600
8.412758 107.172578
9.063560 113.718223
8.225487 102.823511
7.752846 95.785835
8.110588 106.785584
8.898216 109.543882
7.681641 96.350816
7.704849 101.995684
8.241119 105.786418
8.311501 107.375814
8.590851 113.326281
8.152290 108.970359
9.041679 121.528694
7.840279 101.999434
9.158684 112.466189
8.232033 105.601096
8.580849 109.910745
9.201141 115.424787
9.047951 111.793804
8.166412 100.471007
8.289230 106.616714
8.432121 109.575715
7.664680 100.635084
9.808411 125.226107
8.690987 109.620268
7.808350 101.074548
7.756599 98.658151
8.300766 108.057773
9.052391 112.556767
8.448715 105.962059
8.232010 101.602974
8.024666 99.246363
9.160194 120.171452
8.463501 109.177290
7.651428 97.658310
8.725388 112.339520
7.764198 97.822585
7.733597 101.579974
8.052635 106.521020
9.119545 115.033198
8.254189 107.029306
8.974411 111.046303
8.386116 102.011128
8.293625 107.135880
8.513008 105.914678
8.527473 108.216070
8.893204 115.190419
7.986923 103.770693
8.126907 96.632140
8.868942 111.422655
8.667595 105.530010
8.202095 100.814411
9.122337 113.138259
7.927551 98.702755
7.252647 92.022013
8.169182 103.350254
8.142517 98.222793
8.123772 104.776322
8.270348 103.505332
7.702446 100.126343
7.678619 97.467063
8.541595 114.465706
7.795120 100.782624
8.320885 97.746999
7.790428 101.259636
9.047951 111.793804
8.699730 106.254618
9.019615 113.049077
8.405846 107.492864
8.233177 105.727616
8.389664 107.624301
8.072227 102.627011
9.092216 116.250022
8.336700 101.755602
9.110252 116.469311
7.105247 90.525374
9.127281 111.255420
9.134193 121.452192
8.536240 105.713204
7.883606 98.120342
7.855911 99.337874
7.497093 94.552445
9.056076 112.164482
9.065826 112.805138
7.966759 99.379460
7.681641 96.350816
8.537086 110.442677
7.675575 94.962299
8.897141 112.625362
7.671547 96.181909
7.785919 100.102535
8.440498 104.295558
9.045204 107.980463
9.002769 110.306341
9.061523 123.603592
8.139748 102.597550
8.651962 112.458696
7.883606 98.120342
8.329971 113.565054
8.462723 106.745687
7.655159 104.099100
8.191429 107.257214
9.131836 115.694860
8.210220 108.110640
8.462379 104.277691
9.052391 112.556767
8.402664 109.969369
8.751961 114.543063
8.200172 103.959690
9.127029 115.177919
8.834908 116.803798
7.782944 104.890714
8.520332 105.695067
8.270348 103.505332
8.911835 107.597740
6.472275 83.793433
8.238991 106.835005
9.235657 117.866817
8.752464 107.354309
8.953377 111.457992
7.746117 98.088312
8.440498 104.295558
9.058502 113.749184
9.068184 120.313255
8.052155 106.780398
7.775848 97.186577
8.951431 114.026443
9.070038 118.941910
8.965508 119.958635
8.818474 109.701584
8.512367 105.937820
8.082458 106.850961
8.194565 107.968752
7.958771 104.840109
9.021973 118.632293
8.444092 105.177840
7.671547 96.181909
8.520332 105.695067
7.293617 98.099708
8.094292 103.172387
8.758987 110.489369
9.010712 119.936045
9.175232 115.974790
9.032455 107.951102
7.654816 96.209911
8.580551 110.383790
7.830231 101.286940
7.830231 101.286940
8.400719 103.785652
8.897324 112.773542
8.837219 110.983405
8.080009 106.618784
9.127029 110.334643
7.855911 99.337874
8.225281 104.208734
7.634972 94.111699
9.202675 117.372760
8.590851 113.326281
8.094292 103.172387
9.037788 117.006867
9.019981 111.213821
8.361717 105.118026
9.102974 119.873915
7.681435 96.378113
7.818810 95.446619
9.044083 117.557992
8.434250 107.482110
9.010002 111.841906
7.759117 98.175258
8.749374 114.082671
8.174767 99.630224
9.035820 109.591627
8.897141 112.625362
8.142975 107.257729
9.175232 115.974790
8.145927 104.053712
7.997681 101.481587
7.252647 92.022013
7.790428 101.259636
7.972023 102.673693
8.225281 104.208734
8.492683 102.241329
8.628891 105.439865
8.923119 117.172975
8.080009 106.618784
8.920372 115.587698
8.279572 103.435988
8.941383 109.230683
8.177216 106.288960
8.410583 104.457282
7.890564 98.397760
7.733322 97.562257
8.336975 108.517697
8.897186 110.762205
9.079536 116.141881
8.967224 110.876060
8.269089 102.376897
8.762123 111.316836
8.868942 111.422655
7.678619 97.467063
8.976562 110.995584
8.174767 99.630224
8.634499 107.838458
8.177216 106.288960
8.099510 109.617188
8.142517 98.222793
8.762695 111.606088
7.667130 91.596305
7.680336 103.161467
9.202675 117.372760
7.798576 101.409435
9.033417 107.654766
9.061203 107.666401
8.813416 107.797113
8.402664 109.969369
8.012123 101.138022
8.402367 105.504581
8.961617 112.601251
8.508842 106.405039
9.137764 112.167359
8.180901 103.730831
8.926529 107.577594
8.897141 112.625362
8.485611 111.116865
6.292168 82.532602
7.741791 97.242264
8.234756 105.167128
8.338921 111.345785
9.041451 111.957017
7.661865 92.435349
7.679718 99.183499
8.043846 100.493283
7.659233 101.236785
9.147835 113.483920
8.668716 110.754728
7.944626 99.275196
7.940735 99.168639
8.157852 99.705311
8.389664 107.624301
9.193863 120.127110
8.947975 113.574775
8.353569 110.958650
8.553680 107.604095
8.341301 109.763315
8.423721 105.272399
8.603119 119.651100
7.927551 98.702755
8.279572 103.435988
8.505753 104.300725
8.144646 98.477447
7.686974 99.310565
8.674782 113.369926
8.030708 98.644279
8.434250 107.482110
9.002632 114.080801
8.122673 105.091955
8.990868 113.811386
8.328506 107.834982
7.650856 96.650253
8.205734 107.779020
8.855072 111.139715
7.749161 98.280936
8.881828 110.372663
7.759048 97.028377
7.818810 95.446619
8.401039 107.397354
9.145042 112.579764
7.698212 100.081798
8.402664 109.969369
7.775620 97.913385
9.033073 113.704282
8.372017 106.563287
8.327728 109.127064
8.592270 108.933225
8.923988 108.393938
8.133018 98.513469
9.044083 117.557992
9.065826 112.805138
7.683907 95.438984
8.136497 102.265485
8.834908 116.803798
9.052391 112.556767
7.713432 100.156263
9.076035 116.171026
8.063484 103.623613
7.918716 103.722112
8.181061 102.036052
8.713577 110.820951
7.905281 102.555335
8.846603 102.120490
8.654091 104.812654
8.883064 106.322668
7.728699 102.259737
7.912743 103.907697
7.680725 94.217275
8.045906 101.554919
8.462379 104.277691
9.110252 116.469311
7.683746 96.470856
8.218071 104.264103
8.988487 110.728072
7.702286 96.780384
9.016617 115.939787
7.753281 95.062795
8.887001 106.773245
8.042381 100.913703
9.052391 112.556767
8.989838 111.827722
8.180901 103.730831
9.193863 120.127110
8.967224 110.876060
9.032455 107.951102
9.170013 114.216161
7.756805 97.905004
8.861618 112.509058
8.328506 107.834982
7.707756 97.039408
8.229492 107.724255
7.113968 88.965632
8.310562 102.346234
8.979195 115.727427
7.651794 99.216898
7.927299 98.360570
7.689583 100.268691
9.172394 114.203496
7.928490 99.686644
8.275543 107.432677
7.197304 92.907517
8.541458 105.413950
9.201141 115.424787
8.581741 110.844054
8.280830 106.051903
7.083916 96.302494
6.472275 83.793433
7.265762 98.876258
8.897324 112.773542
7.725769 102.614817
8.518410 112.298048
8.922958 111.289734
9.076035 116.171026
8.441460 110.219006
8.067558 100.121109
8.034554 100.803762
8.354027 109.400793
10.397026 124.108516
7.416756 93.912571
9.020554 121.741424
7.677383 102.682964
8.749374 114.082671
8.405846 107.492864
8.737175 114.859686
8.510078 112.729082
7.690521 93.815882
8.852371 112.401897
8.570366 110.582653
8.230797 107.523519
8.202095 100.814411
7.281075 89.679520
8.126907 96.632140
8.536240 105.713204
10.218063 124.475031
8.152863 106.932541
8.520332 105.695067
8.415230 103.187171
8.125946 97.965390
8.037712 100.201799
8.144646 98.477447
7.952614 96.341611
7.784615 97.728545
7.970123 104.393790
8.176071 104.622240
8.960060 108.063478
7.927299 98.360570
9.065826 112.805138
8.361717 105.118026
8.512367 105.937820
7.889328 97.464255
8.917168 115.454531
8.128464 105.510162
9.035820 109.591627
7.748268 96.516542
7.797112 97.758714
8.405846 107.492864
8.094292 103.172387
7.295334 97.181987
7.775848 97.186577
8.339882 105.496336
8.714722 110.534948
8.987000 110.935860
8.509438 103.300379
8.592270 108.933225
7.973854 103.698328
9.092422 119.511525
8.517998 108.543343
8.072227 102.627011
8.979195 115.727427
8.072731 99.185818
8.662560 110.639457
7.685944 99.363846
6.073196 79.648554
8.328506 107.834982
8.256935 104.003387
7.655159 104.099100
8.352974 112.063719
8.423470 106.715077
8.301933 110.481793
7.680336 103.161467
8.678810 110.778791
9.047653 113.076701
8.043938 107.420004
8.582886 110.636735
8.434250 107.482110
9.061203 107.666401
8.142517 98.222793
7.729820 100.237163
8.307541 106.816931
8.785789 116.284882
8.450958 107.926240
8.541458 105.413950
8.234756 105.167128
8.354027 109.400793
8.747269 106.356174
8.843880 112.846873
8.119812 104.685677
7.683907 95.438984
8.356384 105.568953
7.784958 95.936830
8.418755 104.389652
7.007172 87.186276
8.713577 110.820951
7.741791 97.242264
8.462379 104.277691
9.019615 113.049077
8.635162 110.322266
8.401039 107.397354
8.310562 102.346234
7.730415 101.395174
8.295250 107.979585
8.511543 107.052444
8.758987 110.489369
10.952408 139.268752
8.367554 107.274020
7.995758 97.514627
8.356087 110.620807
7.755043 96.640367
8.283852 101.554514
8.908493 114.551163
8.432121 109.575715
8.531639 103.524368
7.791321 100.923707
6.073196 79.648554
8.016197 102.070087
7.860809 100.091671
7.746117 98.088312
7.093620 87.463011
8.055840 103.850471
8.174767 99.630224
8.462379 104.277691
9.051544 108.962015
7.960533 96.250358
7.654266 103.062881
8.205734 107.779020
8.484055 106.831826
8.674782 113.369926
8.926392 111.383148
8.602135 107.689359
7.688118 93.963552
8.440498 104.295558
8.564964 106.836006
7.775620 97.913385
8.210220 108.110640
8.606964 110.989245
9.064590 112.089319
7.676651 101.617467
9.092216 116.250022
6.182671 75.857044
8.575127 113.067387
8.238441 105.012767
7.109344 93.626462
8.440498 104.295558
7.757011 99.312797
8.987000 110.935860
9.014763 115.495081
8.954750 110.779817
8.200882 102.984649
8.203217 104.777632
9.103249 115.431263
8.881828 110.372663
8.379524 107.789629
8.581009 112.113909
9.056076 112.164482
8.063049 103.471310
9.058502 113.749184
8.295250 107.979585
7.878410 100.648843
8.174080 110.782893
9.064980 120.841718
7.733597 101.579974
8.200172 103.959690
7.686035 104.649784
9.127281 111.255420
8.752464 107.354309
7.952614 96.341611
7.940414 95.659733
8.498611 109.055361
9.063560 113.718223
7.822449 100.124822
8.926117 115.420779
7.926361 98.007881
7.654266 103.062881
8.751961 114.543063
8.072731 99.185818
9.235657 117.866817
8.678810 110.778791
7.784958 95.936830
8.175797 105.804607
8.127960 100.774535
8.662033 112.761067
8.115143 106.521130
9.808411 125.226107
8.537498 108.727570
8.309761 100.989568
8.180901 103.730831
8.938545 112.900726
7.980492 102.477392
8.169228 104.693831
8.862831 111.629275
7.811508 100.732990
7.894913 103.105717
8.088364 104.508510
8.920006 109.576118
9.125336 110.285146
8.350113 102.570997
8.837219 110.983405
7.295334 97.181987
7.840279 101.999434
8.107407 103.511934
8.353569 110.958650
7.768593 102.381383
8.121735 105.848317
8.428551 106.868025
8.721153 105.640373
8.921951 104.433186
7.763718 96.924256
8.223976 100.847051
8.608475 111.027693
8.921951 104.433186
7.656441 97.948780
8.823280 107.711875
7.944717 100.529219
8.837997 110.905401
7.684685 101.325275
8.400719 103.785652
9.052391 112.556767
8.953308 118.250192
7.855911 99.337874
8.126907 96.632140
8.342285 109.194891
8.878601 112.238061
9.068436 114.103990
8.302620 110.602000
9.072716 119.541418
8.367554 107.274020
8.925728 115.643949
8.000084 102.108405
7.905281 102.555335
8.762123 111.316836
9.095146 112.122477
7.944626 99.275196
7.724945 97.649980
10.218063 124.475031
8.409462 105.270818
9.062073 116.940104
8.232033 105.601096
7.759048 97.028377
7.998436 99.655105
7.636047 95.344971
8.076851 102.489987
7.265762 98.876258
8.881828 110.372663
8.580849 109.910745
7.932541 96.887070
7.724098 102.607469
8.628891 105.439865
8.580849 109.910745
9.113937 116.808311
9.135086 117.315397
8.366730 108.154097
7.944626 99.275196
8.518410 112.298048
8.274422 104.851911
7.970123 104.393790
9.041451 111.957017
8.713577 110.820951
9.058502 113.749184
8.822617 108.053630
9.632217 113.623545
8.519142 102.013931
8.654091 104.812654
9.027420 115.102462
8.109764 95.988731
6.073196 79.648554
6.472275 83.793433
7.692535 97.149126
9.049919 113.402950
8.068840 105.003754
7.788689 97.908214
8.960358 114.094673
8.569267 106.010930
7.667130 91.596305
8.274994 105.666829
7.729820 100.237163
8.034554 100.803762
8.886269 115.237279
7.680336 103.161467
8.795998 107.983371
8.807991 111.940565
7.791321 100.923707
9.128815 121.840957
8.960358 114.094673
8.953308 118.250192
7.671547 96.181909
8.172981 102.004096
8.386528 109.176523
7.986099 100.786431
8.202827 104.827512
7.646278 97.578212
8.174767 99.630224
7.724098 102.607469
8.191429 107.257214
9.099335 106.628051
6.613907 86.341126
9.031242 115.988815
8.303261 108.457646
9.034859 119.959937
7.866394 99.584876
8.678810 110.778791
8.438988 107.016040
9.318787 120.086456
9.158684 112.466189
9.031242 115.988815
8.179893 106.339697
8.381447 111.194594
8.536240 105.713204
7.679718 99.183499
8.923531 111.816756
7.667130 91.596305
9.014763 115.495081
8.690758 108.184184
8.678810 110.778791
8.868942 111.422655
9.035225 117.637549
8.180901 103.730831
8.238441 105.012767
7.830231 101.286940
9.124763 111.988460
8.143501 103.547058
8.608475 111.027693
8.410583 104.457282
8.512367 105.937820
8.809525 107.474937
8.360252 106.655721
7.752846 95.785835
7.818306 105.294597
8.128464 105.510162
8.354027 109.400793
8.432121 109.575715
8.179688 103.631647
8.899612 110.308859
8.537086 110.442677
9.019341 117.829754
9.034859 119.959937
9.055824 113.838379
10.952408 139.268752
9.724022 122.390399
7.966759 99.379460
8.236794 100.421787
8.917397 114.000052
7.684250 93.824683
8.072731 99.185818
8.096512 102.334841
8.899796 113.248719
8.458282 103.220361
8.887001 106.773245
7.927551 98.702755
8.982010 115.394341
9.019341 117.829754
7.856758 97.212070
7.702286 96.780384
8.582886 110.636735
8.762695 111.606088
7.856758 97.212070
8.218071 104.264103
8.082458 106.850961
9.015289 113.292256
8.204041 105.345866
9.019501 111.508484
8.897186 110.762205
8.076851 102.489987
7.755043 96.640367
8.511681 103.888592
6.852722 87.271198
8.628891 105.439865
8.360252 106.655721
7.747742 101.648135
8.441460 110.219006
7.636047 95.344971
9.059303 116.401389
7.880424 101.162644
8.911835 107.597740
8.908493 114.551163
8.067558 100.121109
8.179688 103.631647
8.064079 104.492660
8.259956 106.179166
8.932114 109.103886
8.307564 100.737891
8.418755 104.389652
8.230797 107.523519
9.082809 117.745302
9.068184 120.313255
8.234756 105.167128
7.645889 97.210218
8.463501 109.177290
8.295250 107.979585
7.972023 102.673693
8.307564 100.737891
8.511681 103.888592
8.434250 107.482110
8.324272 111.165487
8.341301 109.763315
8.096512 102.334841
7.768593 102.381383
9.172874 116.115158
9.065964 115.301602
8.982010 115.394341
7.256538 94.737583
9.082809 117.745302
9.012474 113.541181
8.204041 105.345866
7.679420 91.989086
8.288223 109.754779
8.309761 100.989568
8.308136 104.797171
8.361717 105.118026
7.693153 97.059514
9.028999 121.093240
8.096512 102.334841
7.664360 102.172354
8.346405 104.745795
8.401016 103.025444
8.307541 106.816931
8.741638 113.831597
8.536240 105.713204
8.450958 107.926240
7.755043 96.640367
8.605431 106.485162
8.990868 113.811386
9.979591 127.363823
9.070038 118.941910
8.336861 106.678722
7.893219 102.306704
8.099510 109.617188
8.289230 106.616714
8.883179 115.540194
8.004593 104.946843
8.043938 107.420004
7.802124 99.136346
8.320885 97.746999
8.574989 107.710985
8.339195 103.239569
7.775620 97.913385
7.635292 93.652113
9.160194 120.171452
7.943871 99.606470
7.725769 102.614817
8.043846 100.493283
8.008186 103.019542
9.158684 112.466189
9.127029 115.177919
8.265175 106.446958
7.759666 100.078676
7.863647 103.397494
8.947975 113.574775
8.155861 107.272346
7.252647 92.022013
8.360619 107.418853
8.590851 113.326281
9.061592 117.115848
7.677383 102.682964
8.140594 109.226553
8.275543 107.432677
8.434250 107.482110
8.379524 107.789629
8.356087 110.620807
8.534180 111.004159
8.288223 109.754779
8.180901 103.730831
8.529373 105.925544
9.064087 114.427812
8.234756 105.167128
7.993469 106.868658
8.076851 102.489987
8.418755 104.389652
9.024994 107.165676
7.746117 98.088312
7.966759 99.379460
8.389664 107.624301
7.637764 90.679869
8.579407 105.784157
8.230797 107.523519
8.837997 110.905401
8.474556 107.499023
7.943871 99.606470
8.569267 106.010930
8.590851 113.326281
9.170013 114.216161
8.914192 107.274283
8.329971 113.565054
9.106407 116.300218
9.052391 112.556767
8.191429 107.257214
7.240654 90.384822
9.059875 111.073313
8.051216 96.061605
7.598923 98.366487
9.086929 117.257708
8.472816 113.499957
8.818474 109.701584
8.414841 109.465194
7.749161 98.280936
7.756599 98.658151
9.224464 114.556679
8.947884 112.516703
8.288223 109.754779
8.714127 111.964533
9.056076 112.164482
8.921951 104.433186
9.050812 111.641494
7.103233 87.729696
8.804512 108.500451
7.281075 89.679520
9.022911 114.565459
8.386116 102.011128
7.729820 100.237163
9.128815 121.840957
9.192375 116.729403
7.966759 99.379460
7.986099 100.786431
8.667595 105.530010
9.064590 112.089319
8.416237 103.102939
7.677269 92.977209
7.960533 96.250358
8.281174 105.467476
8.602135 107.689359
8.932114 109.103886
9.113937 116.808311
9.318787 120.086456
8.347343 109.471423
8.463501 109.177290
9.065826 112.805138
8.412758 107.172578
8.480782 107.330518
8.354027 109.400793
7.884132 101.858030
8.440498 104.295558
8.916687 111.678514
8.695518 113.848181
8.990868 113.811386
8.234756 105.167128
9.082352 112.713282
9.135086 117.315397
9.072716 119.541418
8.047371 105.379618
8.404381 104.702137
8.274994 105.666829
7.733597 101.579974
8.269089 102.376897
8.307724 102.642747
7.942909 105.517716
8.823280 107.711875
8.289230 106.616714
7.677383 102.682964
8.338921 111.345785
8.082458 106.850961
9.968102 118.078343
9.032455 107.951102
8.925911 110.809145
8.076988 107.678985
7.692535 97.149126
8.098892 101.067953
7.680336 103.161467
8.898216 109.543882
8.307724 102.642747
8.662033 112.761067
9.116478 113.479777
7.986099 100.786431
8.690758 108.184184
8.044785 101.929648
9.028999 121.093240
7.730415 101.395174
8.288223 109.754779
8.889130 114.546558
8.350113 102.570997
8.826485 111.742833
6.535423 86.203377
