2.000000 33.109333 91.373992 -25.155326
2.100000 43.874896 98.886620 -11.136828
2.200000 54.123501 106.007077 2.239926
2.300000 63.872686 112.749347 14.996025
2.400000 73.139618 119.127214 27.152023
2.500000 81.941104 125.154269 38.727939
2.600000 90.293587 130.843922 49.743253
2.700000 98.213154 136.209411 60.216898
2.800000 105.715538 141.263821 70.167255
2.900000 112.816121 146.020104 79.612138
3.000000 119.529937 150.491097 88.568777
3.100000 125.871679 154.689558 97.053800
3.200000 131.855698 158.628198 105.083198
3.300000 137.496008 162.319725 112.672291
3.400000 142.806291 165.776905 119.835678
3.500000 147.799900 169.012625 126.587174
3.600000 152.489858 172.039984 132.939732
3.700000 156.888869 174.872390 138.905349
3.800000 161.009316 177.523686 144.494946
3.900000 164.863266 180.008286 149.718246
4.000000 168.462473 182.341308 154.583638
4.100000 171.818384 184.538694 159.098074
4.200000 174.942138 186.617242 163.267033
4.300000 177.844572 188.594479 167.094665
4.400000 180.536227 190.488246 170.584208
4.500000 183.027346 192.315855 173.738837
4.600000 185.327881 194.092760 176.563002
4.700000 187.447496 195.830883 179.064109
4.800000 189.395570 197.537022 181.254118
4.900000 191.181200 199.212002 183.150398
5.000000 192.813206 200.851047 184.775366
5.100000 194.300134 202.445322 186.154945
5.200000 195.650256 203.984072 187.316439
5.300000 196.871579 205.456618 188.286540
5.400000 197.971846 206.853739 189.089952
5.500000 198.958537 208.168375 189.748700
5.600000 199.838878 209.395773 190.281983
5.700000 200.619839 210.533320 190.706358
5.800000 201.308139 211.580218 191.036061
5.900000 201.910253 212.537140 191.283366
6.000000 202.432410 213.405896 191.458924
6.100000 202.880599 214.189152 191.572045
6.200000 203.260574 214.890208 191.630941
6.300000 203.577856 215.512805 191.642907
6.400000 203.837735 216.060993 191.614477
6.500000 204.045275 216.539014 191.551537
6.600000 204.205319 216.951219 191.459419
6.700000 204.322489 217.302003 191.342974
6.800000 204.401191 217.595755 191.206627
6.900000 204.445620 217.836817 191.054422
7.000000 204.459762 218.029459 190.890064
7.100000 204.447396 218.177850 190.716942
7.200000 204.412101 218.286047 190.538156
7.300000 204.357257 218.357977 190.356537
7.400000 204.286047 218.397430 190.174664
7.500000 204.201465 218.408051 189.994880
7.600000 204.106316 218.393332 189.819300
7.700000 204.003219 218.356614 189.649824
7.800000 203.894613 218.301078 189.488148
7.900000 203.782760 218.229748 189.335771
8.000000 203.669745 218.145489 189.194000
8.100000 203.557485 218.051006 189.063963
8.200000 203.447727 217.948844 188.946610
8.300000 203.342057 217.841393 188.842721
8.400000 203.241897 217.730882 188.752913
8.500000 203.148515 217.619388 188.677643
8.600000 203.063024 217.508833 188.617215
8.700000 202.986386 217.400987 188.571785
8.800000 202.919417 217.297470 188.541364
8.900000 202.862791 217.199756 188.525826
9.000000 202.817041 217.109173 188.524910
9.100000 202.782563 217.026904 188.538223
9.200000 202.759622 216.953994 188.565249
9.300000 202.748350 216.891350 188.605351
9.400000 202.748758 216.839744 188.657773
9.500000 202.760731 216.799814 188.721648
9.600000 202.784035 216.772071 188.796000
9.700000 202.818322 216.756897 188.879748
9.800000 202.863131 216.754552 188.971711
9.900000 202.917892 216.765175 189.070609
10.000000 202.981930 216.788787 189.175073
10.100000 203.054468 216.825296 189.283640
10.200000 203.134631 216.874496 189.394766
10.300000 203.221449 216.936076 189.506821
10.400000 203.313860 217.009619 189.618100
10.500000 203.410715 217.094608 189.726822
10.600000 203.510779 217.190425 189.831133
10.700000 203.612738 217.296361 189.929115
10.800000 203.715199 217.411614 190.018783
10.900000 203.816694 217.535293 190.098094
11.000000 203.915686 217.666425 190.164946
11.100000 204.010570 217.803954 190.217185
11.200000 204.099676 217.946745 190.252608
11.300000 204.181277 218.093590 190.268964
11.400000 204.253585 218.243206 190.263965
11.500000 204.314762 218.394244 190.235279
11.600000 204.362917 218.545287 190.180546
11.700000 204.396114 218.694855 190.097373
11.800000 204.412375 218.841408 189.983342
11.900000 204.409680 218.983346 189.836013
12.000000 204.385974 219.119016 189.652931
12.100000 204.339169 219.246712 189.431626
12.200000 204.267149 219.364678 189.169620
12.300000 204.167771 219.471111 188.864431
12.400000 204.038868 219.564163 188.513574
12.500000 203.878258 219.641946 188.114570
12.600000 203.683740 219.702533 187.664946
12.700000 203.453102 219.743964 187.162240
12.800000 203.184125 219.764246 186.604004
12.900000 202.874583 219.761358 185.987808
13.000000 202.522249 219.733256 185.311242
13.100000 202.124898 219.677877 184.571919
13.200000 201.680310 219.593142 183.767478
13.300000 201.186274 219.476962 182.895585
13.400000 200.640590 219.327243 181.953937
13.500000 200.041076 219.141891 180.940260
13.600000 199.385566 218.918819 179.852313
13.700000 198.671920 218.655950 178.687890
13.800000 197.898021 218.351228 177.444814
13.900000 197.061783 218.002620 176.120946
14.000000 196.161152 217.608127 174.714177
14.100000 195.194111 217.165790 173.222433
14.200000 194.158684 216.673699 171.643669
14.300000 193.052935 216.129998 169.975872
14.400000 191.874977 215.532899 168.217055
14.500000 190.622973 214.880688 166.365258
14.600000 189.295140 214.171735 164.418544
14.700000 187.889750 213.404508 162.374992
14.800000 186.405138 212.577576 160.232700
14.900000 184.839702 211.689629 157.989775
