2.000000 15853835.040163
2.100000 15791733.342021
2.200000 15725933.565199
2.300000 15656195.829732
2.400000 15591159.538908
2.500000 15520320.150442
2.600000 15460558.015148
2.700000 15407927.545205
2.800000 15365777.717524
2.900000 15325768.914103
3.000000 15291587.253111
3.100000 15261612.660161
3.200000 15236475.150345
3.300000 15211639.932548
3.400000 15187542.501713
3.500000 15164678.355384
3.600000 15143521.161968
3.700000 15123119.282990
3.800000 15103227.713679
3.900000 15083314.948083
4.000000 15064833.355644
4.100000 15049422.919346
4.200000 15035353.804468
4.300000 15021849.139503
4.400000 15008653.053077
4.500000 14996224.612524
4.600000 14984918.915349
4.700000 14974928.436702
4.800000 14965464.639014
4.900000 14956428.052845
5.000000 14947830.553596
5.100000 14939717.875334
5.200000 14932128.266450
5.300000 14925038.967739
5.400000 14918390.033699
5.500000 14912158.362246
5.600000 14906468.743392
5.700000 14901169.772217
5.800000 14897090.884373
5.900000 14892721.820946
6.000000 14888702.993656
6.100000 14884949.637727
6.200000 14881389.657359
6.300000 14878546.374408
6.400000 14875746.926277
6.500000 14873204.209299
6.600000 14870814.395763
6.700000 14868430.345136
6.800000 14866602.863257
6.900000 14865330.516167
7.000000 14863594.925947
7.100000 14862316.869179
7.200000 14861035.964743
7.300000 14859830.245580
7.400000 14858736.828072
7.500000 14857808.891918
7.600000 14856993.882463
7.700000 14855994.060770
7.800000 14855361.922369
7.900000 14854834.029659
8.000000 14854366.262047
8.100000 14853952.341635
8.200000 14853595.657924
8.300000 14853298.673888
8.400000 14853062.192166
8.500000 14852886.262280
8.600000 14852770.999314
8.700000 14852717.546701
8.800000 14852730.225425
8.900000 14852823.573748
9.000000 14853059.105639
9.100000 14854018.223849
9.200000 14855198.034440
9.300000 14855671.278973
9.400000 14856006.029403
9.500000 14856335.256901
9.600000 14856681.239134
9.700000 14857048.330296
9.800000 14857436.941424
9.900000 14857846.370513
10.000000 14858275.562981
10.100000 14858723.360784
10.200000 14859188.595443
10.300000 14859670.125616
10.400000 14860166.852674
10.500000 14860677.726835
10.600000 14861201.749032
10.700000 14861737.970753
10.800000 14862285.492901
10.900000 14862843.464166
11.000000 14863411.079154
11.100000 14863987.576414
11.200000 14864572.236404
11.300000 14865164.379480
11.400000 14865763.363893
11.500000 14866368.583841
11.600000 14866979.467583
11.700000 14867595.475609
11.800000 14868216.098900
11.900000 14868840.857252
12.000000 14869469.297688
12.100000 14870100.992945
12.200000 14870735.540043
12.300000 14871372.558930
12.400000 14872011.691203
12.500000 14872652.598899
12.600000 14873294.963358
12.700000 14873938.484147
12.800000 14874582.878049
12.900000 14875227.878113
13.000000 14875873.232756
13.100000 14876518.704916
13.200000 14877164.071262
13.300000 14877809.121439
13.400000 14878453.657368
13.500000 14879097.492577
13.600000 14879740.451577
13.700000 14880382.369270
13.800000 14881023.090395
13.900000 14881662.468999
14.000000 14882300.367943
14.100000 14882936.658437
14.200000 14883571.219594
14.300000 14884203.938016
14.400000 14884834.707401
14.500000 14885463.428166
14.600000 14886090.007102
14.700000 14886714.357035
14.800000 14887336.396517
14.900000 14887956.049522
15.000000 14888573.245170
