8.868553 128.945117
8.433701 127.295872
8.153687 122.766510
8.760384 123.781075
8.771095 127.218037
9.056259 128.017284
8.306557 118.496580
8.405617 120.493605
8.428391 123.696348
8.418640 123.189706
9.084160 133.427711
8.136246 117.262809
8.844749 128.871502
9.008537 127.028418
8.997780 132.507823
8.605843 122.966812
8.143433 121.182371
8.303261 118.964424
8.853996 123.537177
8.982582 130.095609
8.302002 119.148906
8.494789 125.751015
7.928604 112.071672
8.767548 128.008683
8.558762 124.588753
8.419189 127.226170
7.657837 109.659184
8.609390 117.207097
8.306557 118.496580
7.974701 120.267233
8.749969 128.793145
8.621361 121.274429
9.074661 125.164739
8.814491 124.571025
9.098717 135.174062
8.985626 130.535001
7.907318 114.467294
8.556221 125.944626
8.357941 121.945436
8.982582 130.095609
8.571648 124.032520
9.371384 130.975079
8.523537 120.516744
8.854500 128.990229
8.494789 125.751015
9.084160 133.427711
8.628433 122.751654
8.444458 116.069930
7.640488 116.466195
8.554001 125.125074
9.027214 127.904258
8.374603 119.494764
8.983131 131.727339
8.854500 128.990229
8.801559 129.173927
8.570274 122.143408
8.404541 120.719418
8.463730 125.753344
8.920074 126.099915
8.906982 132.102893
8.977730 130.631076
8.026085 120.975643
8.939919 127.529290
8.238579 122.885429
8.486320 128.547773
8.530128 121.161104
8.847862 127.102327
8.673889 125.907548
9.161339 136.163880
8.904053 127.205577
8.694832 124.972878
9.135841 126.286430
8.454964 121.591750
8.374603 119.494764
8.419189 127.226170
8.812225 129.285989
9.599167 140.317673
9.634598 134.755569
9.599167 140.317673
8.171928 116.957926
8.867867 128.326901
8.257965 119.536751
8.969765 133.012407
8.502342 127.894358
8.914879 125.758031
8.901878 129.307503
8.517860 124.199846
9.127304 132.015061
9.469917 139.055386
8.905151 128.310755
8.829895 123.490809
8.929482 131.218939
8.163940 118.181739
8.179047 116.850849
8.418892 120.657207
9.012589 124.797286
8.825661 130.417725
9.185760 128.770477
8.825729 128.453486
7.911438 113.744909
8.957909 126.906283
8.545280 118.256666
8.920532 126.372954
8.829895 123.490809
8.727470 126.698839
9.098717 135.174062
9.397018 131.741117
9.060081 135.986153
8.299782 118.333255
8.869652 126.997154
8.707489 130.376147
8.478333 121.776136
8.494766 119.746251
8.088158 117.970555
8.905746 130.688376
8.953239 133.139363
8.026085 120.975643
8.573112 121.296866
8.223518 123.141527
9.818893 142.284049
7.760742 116.405948
8.968048 129.482408
8.225601 119.101101
9.244926 136.456474
8.422806 122.730297
9.619011 138.654627
8.415985 122.144967
8.186165 117.244571
8.779518 126.435926
9.298920 134.855104
9.098282 125.263791
9.114899 128.231870
8.700417 126.418762
8.329948 122.604120
8.954979 128.325339
8.084221 120.005898
8.708061 120.995567
8.306557 118.496580
8.964409 132.282362
8.813347 125.078493
9.078964 130.498404
8.580002 124.795748
8.708221 130.707055
8.186165 117.244571
8.500053 120.603378
8.435532 125.640394
8.534935 125.227110
8.825958 126.480590
8.539055 121.895232
8.949692 133.144828
8.960724 132.953407
8.566772 122.186105
8.258629 118.006038
8.953239 133.139363
7.657837 109.659184
9.081963 131.708939
9.105011 128.878020
8.072227 119.988725
8.694832 124.972878
8.906410 128.253484
8.519051 122.149118
8.547340 121.172343
8.294083 124.841212
8.840103 127.462746
8.768463 129.864469
9.113548 132.871099
8.892609 131.610020
8.508865 122.660675
9.062370 137.026864
9.108902 131.357731
8.325966 117.666808
8.718658 123.100593
8.180489 119.921339
9.084984 125.362126
8.935295 127.964988
8.223518 123.141527
8.580002 124.795748
9.037056 131.667482
9.178574 132.383400
9.017120 134.302942
9.053925 129.077290
8.827263 129.492108
8.768646 127.767323
8.768898 126.050198
8.622963 124.461156
8.768349 127.218016
8.894119 135.484884
8.420906 125.968349
8.978966 130.139353
8.898331 126.969656
9.167358 132.552287
8.814491 124.571025
9.090660 133.565714
8.497307 124.715951
8.620857 122.496291
8.855782 129.500948
8.892494 134.098580
8.435532 125.640394
8.553040 126.707323
9.059555 135.441509
9.027649 129.996943
9.066513 131.112119
8.307220 118.673070
8.458855 119.786912
8.926369 127.218476
7.927116 119.768767
8.679291 126.505969
8.968048 129.482408
8.513512 126.738601
7.643074 114.483853
8.581970 124.736953
9.057404 128.820675
8.177238 121.599300
8.497307 124.715951
8.573982 128.754617
8.777092 123.575951
9.006615 130.537982
8.756607 134.341602
8.349541 119.759127
8.312210 124.985156
8.097885 122.206503
8.484192 128.446896
10.668388 156.293777
8.167648 120.832062
8.553337 121.618928
8.646286 122.939863
8.957817 126.639734
8.893295 129.704736
9.027924 131.548627
8.626717 122.715130
8.926437 127.491761
8.305275 117.502029
8.949074 128.309600
8.457733 120.608055
8.938271 127.500974
8.911354 132.294430
7.999329 115.969665
8.665489 123.650060
8.216904 121.111782
8.829346 126.972689
8.432419 116.960572
9.026344 132.222713
8.802361 126.735744
8.887596 129.524247
8.651161 124.936805
8.415733 122.648129
8.699226 125.742080
8.236153 117.863523
9.023918 139.669605
7.958359 109.484734
8.614883 123.886399
8.878899 126.444606
9.185760 128.770477
8.979675 129.567184
8.551369 123.719721
8.404541 120.719418
8.551369 123.719721
8.394356 121.240511
8.479500 123.048656
8.423904 122.146085
8.920258 129.640709
8.915016 127.104732
8.435532 125.640394
8.443703 123.614097
8.416740 119.566448
8.963768 125.215115
8.236153 117.863523
8.869789 127.208857
8.460045 122.113651
7.885300 117.087966
7.912697 115.280941
8.577438 124.687870
8.143433 121.182371
8.733444 124.115271
8.711128 130.164676
8.977730 130.631076
8.555649 120.227936
8.499344 118.383986
8.344688 118.760265
7.910683 114.076811
8.089188 114.640896
8.679291 126.505969
8.998283 131.764468
8.577438 124.687870
9.010574 128.096138
8.748184 127.928389
9.105011 128.878020
8.263000 123.858706
8.317383 120.262124
8.194450 120.876737
8.855782 129.500948
9.244926 136.456474
8.349037 118.160147
9.051910 132.139075
8.243774 114.592931
8.948959 131.841509
9.070244 129.307363
8.787804 123.837121
9.124992 131.101879
9.059830 137.494572
8.494789 125.751015
8.945526 129.850205
8.835617 127.670075
8.988762 130.528759
9.001282 132.786985
8.678833 122.408887
8.812546 125.382354
9.039230 131.386025
8.840103 127.462746
8.956947 128.535885
8.265495 122.173722
9.045181 129.309412
8.583755 123.034350
9.167358 132.552287
8.868874 126.293739
8.977730 130.631076
8.985809 126.185233
8.303261 118.964424
8.502342 127.894358
8.240570 118.699320
8.263000 123.858706
8.654915 123.527189
9.056259 128.017284
8.340431 124.183748
7.796974 109.597408
8.862328 125.412261
8.804352 127.330977
9.084480 134.232477
9.021584 126.975557
8.260872 116.937488
8.287788 118.160081
7.770996 114.341989
8.200516 122.203174
9.308144 138.326941
8.177238 121.599300
8.636581 128.244251
8.997780 132.507823
8.274078 118.301280
8.985809 126.185233
8.192276 122.040951
8.841591 128.732047
8.385315 124.885602
8.955414 124.498715
8.779610 124.202615
8.352631 119.759835
8.551804 119.570689
9.237946 132.176842
8.416740 119.566448
9.084663 132.186575
9.123848 132.905863
8.958321 127.436766
8.940125 124.711343
8.762787 125.411600
8.978966 130.139353
8.985580 133.118228
8.938202 124.133740
8.517860 124.199846
8.389046 121.825091
8.977730 130.631076
8.878281 128.543863
9.322174 129.769584
8.494789 125.751015
8.926369 127.218476
8.449448 120.443839
9.008537 127.028418
8.801971 130.363509
8.484192 128.446896
9.397018 131.741117
8.556221 125.944626
7.748795 115.221990
8.202530 118.189232
8.875397 131.780395
8.901031 126.880499
8.899498 124.029372
9.178574 132.383400
9.056259 128.017284
8.026039 118.713941
8.816414 127.201086
8.336815 120.237716
9.045181 129.309412
8.867867 128.326901
8.088158 117.970555
8.284538 120.283138
9.092995 129.771878
8.494766 119.746251
8.153687 122.766510
9.004944 130.217648
9.088737 131.736408
8.539810 125.857442
8.898903 129.139434
8.646286 122.939863
9.037056 131.667482
8.026680 116.729013
7.845154 113.434561
9.088669 131.841567
8.180374 117.456741
9.006752 133.153579
9.075233 133.327711
8.991623 125.530051
8.997643 127.632924
8.497993 126.945340
8.581970 124.736953
9.040947 126.121751
9.026344 132.222713
8.862328 125.412261
9.075417 134.516846
8.313629 124.531924
8.626717 122.715130
7.977196 117.096662
8.915909 126.697479
9.105240 130.311392
8.835617 127.670075
9.036163 130.148771
9.619011 138.654627
9.075417 134.516846
8.412048 121.607860
9.075233 133.327711
8.180489 119.921339
8.936508 134.121498
8.651390 128.422086
8.454964 121.591750
8.883430 126.778553
8.576385 121.143853
8.957108 126.645168
8.200516 122.203174
9.124924 129.739131
9.249527 131.790463
9.078758 130.642325
8.667046 123.964932
7.956413 116.476051
9.167358 132.552287
9.539474 135.213865
7.670380 110.562625
7.956413 116.476051
8.856560 122.080277
9.065987 128.743998
8.118187 121.732811
8.926781 132.006844
9.067863 132.590671
8.829529 128.945912
9.197983 132.411368
8.825958 126.480590
8.973770 134.169616
8.576385 121.143853
8.998283 131.764468
8.711494 127.720690
9.027924 131.548627
8.415733 122.648129
8.097885 122.206503
8.329948 122.604120
9.032021 123.180289
9.178574 132.383400
8.681900 126.258697
8.566772 122.186105
8.126610 118.039688
8.702660 125.176172
8.733284 127.969858
8.595291 123.474883
8.901031 126.880499
9.098717 135.174062
8.978188 131.142187
9.076584 125.530756
8.536789 117.340332
8.200516 122.203174
8.385017 119.392589
8.850014 121.852836
8.707489 130.376147
8.464119 124.064621
8.835617 127.670075
8.735504 122.821769
8.368973 122.871085
9.018288 133.553760
8.771805 125.432123
8.485222 121.757133
8.535027 122.858714
7.917068 115.640602
8.385017 119.392589
8.904053 127.205577
8.753609 125.435211
8.383118 118.917766
8.236153 117.863523
9.096268 131.603311
8.844749 128.871502
7.670380 110.562625
8.166298 118.041331
8.532715 121.699703
8.988762 130.528759
8.158676 116.681404
8.978096 132.417597
8.992676 127.855427
9.057404 128.820675
7.770996 114.341989
7.640488 116.466195
8.681900 126.258697
9.124924 129.739131
8.692223 126.428866
8.936508 134.121498
8.488060 117.873935
8.459335 119.295612
8.496620 127.846534
8.315025 122.433845
8.825729 128.453486
9.018288 133.553760
8.767548 128.008683
7.618309 110.891700
8.394356 121.240511
9.043236 129.606128
8.708221 130.707055
8.459015 121.562046
8.868874 126.293739
8.844749 128.871502
9.238014 133.607045
8.856560 122.080277
8.779610 124.202615
9.064751 129.970059
9.124924 129.739131
8.539055 121.895232
7.885300 117.087966
8.573112 121.296866
8.869789 127.208857
8.768349 127.218016
8.892906 131.131632
9.029823 129.381893
8.826576 131.089006
10.058418 138.503685
8.584213 130.264771
8.777092 123.575951
8.448967 121.872402
8.167648 120.832062
8.449448 119.999256
8.840172 124.322981
8.179047 116.850849
8.665077 124.297602
8.768898 126.050198
8.255630 116.846312
7.956413 116.476051
8.397057 124.804018
8.302002 119.148906
8.885124 136.079060
8.382820 119.492723
9.328285 131.648919
7.961884 116.695904
8.915016 127.104732
8.810898 124.477341
8.284676 121.836030
8.481216 122.550164
8.768463 129.864469
8.250572 119.594232
8.935295 127.964988
9.127304 132.015061
8.328140 126.369542
9.189880 133.067092
8.911880 131.997689
9.037994 131.239727
8.512001 124.880131
8.779518 126.435926
8.619530 127.502868
8.523537 120.516744
8.985512 130.674244
9.011353 130.373246
9.634598 134.755569
8.362770 118.964744
8.324249 122.179995
8.979675 129.567184
8.906982 132.102893
8.898903 129.139434
9.068939 131.074771
8.679268 120.434235
8.841591 128.732047
9.116570 135.921919
8.986107 126.087926
8.577438 124.687870
9.237946 132.176842
9.084663 132.186575
8.479500 123.048656
8.571648 124.032520
8.088135 112.651553
8.415733 122.648129
8.712570 127.904528
8.496620 127.846534
9.027214 127.904258
9.012657 134.227454
8.415733 122.648129
8.255630 116.846312
9.015976 133.794116
8.938911 128.805702
8.880089 128.351528
8.781372 125.379422
10.072952 138.560055
8.553337 121.618928
8.382820 119.492723
8.801559 129.173927
8.713371 128.737055
8.403397 119.484048
8.192276 122.040951
8.026085 120.975643
8.761024 122.797917
8.086967 118.838127
9.311028 134.806029
8.052910 116.347123
8.977730 130.631076
8.593460 128.571537
8.584213 130.264771
8.536217 125.055178
8.052910 116.347123
8.352631 119.759835
9.065140 133.966482
8.860886 125.803328
10.056473 146.500391
9.007233 128.956803
8.359909 125.111308
10.668388 156.293777
8.179825 117.740201
8.442329 122.988576
8.341827 125.592745
8.844749 128.871502
8.569908 122.365647
9.065346 133.370050
8.665855 124.210911
8.573112 121.296866
8.225967 119.192636
8.768898 126.050198
8.911057 127.273817
8.585976 123.586413
8.825958 126.480590
9.084984 125.362126
8.651161 124.936805
8.539169 122.837936
8.985626 130.535001
9.065140 133.966482
9.012657 134.227454
8.692223 126.428866
9.162552 128.489591
9.004486 121.176244
8.459335 119.295612
9.341057 140.095224
8.348442 122.168610
8.236153 117.863523
8.423904 122.146085
8.816414 127.201086
8.991531 133.812141
8.304337 114.879926
9.135773 134.682778
8.753609 125.435211
8.359909 125.111308
9.026825 128.312294
8.829895 123.490809
9.027649 129.996943
8.938271 127.500974
8.357941 121.945436
8.926781 132.006844
8.628433 122.751654
8.965691 125.667851
8.449448 119.999256
8.090401 117.094114
9.238014 133.607045
8.727654 122.786338
9.135841 126.286430
8.534157 123.450528
8.205917 120.695644
7.911438 113.744909
9.055847 132.510170
8.913963 132.186157
8.512001 124.880131
8.250801 122.900359
9.371384 130.975079
8.523537 120.516744
8.963768 125.215115
8.644409 127.407251
8.680687 124.487595
9.244881 134.374174
8.274078 118.301280
8.478333 121.776136
8.869652 126.997154
8.594444 125.233866
8.926437 127.491761
8.561646 123.729615
8.621040 127.943474
8.912384 124.441471
8.856674 122.867824
8.586548 122.897304
9.254951 135.963321
9.345978 134.584650
9.012657 134.227454
8.926781 132.006844
8.636581 128.244251
8.454964 121.591750
9.047241 130.778706
9.060196 124.810522
8.869789 127.208857
8.948662 124.995177
8.601059 123.344440
7.949524 115.711018
8.945641 127.830028
8.622116 122.887675
8.900734 128.624039
8.435532 125.640394
8.985809 126.185233
9.098717 135.174062
8.645508 125.889342
9.010002 128.253102
9.634598 134.755569
8.556221 125.944626
9.719330 137.364799
9.328285 131.648919
8.969856 128.712347
8.719437 127.682386
8.967018 128.992824
8.622116 122.887675
8.834061 126.259965
9.068939 131.074771
8.487328 120.932568
8.260872 116.937488
9.051544 127.907984
9.108902 131.357731
9.004486 121.176244
8.483299 128.006532
8.452835 120.383422
7.987175 119.195745
8.329948 122.604120
8.964409 132.282362
8.535027 122.858714
8.358833 117.492770
8.459015 121.562046
8.872833 128.480212
8.760384 123.781075
8.819298 130.086666
9.081963 131.708939
9.134743 127.498504
8.487328 120.932568
9.118652 132.827511
8.927444 123.907731
8.899498 124.029372
9.328285 131.648919
8.701447 126.088418
9.067223 127.579522
10.243217 141.508825
8.497307 124.715951
8.978439 129.808978
8.342125 119.446117
8.491768 122.568713
8.239655 120.457195
8.495316 120.587821
8.598793 129.740357
8.702911 122.368520
8.194748 115.885343
8.403900 122.607034
8.660797 128.503034
8.483299 128.006532
8.383118 118.917766
8.465538 123.666272
8.569908 122.365647
8.855782 129.500948
8.939003 127.804564
9.065758 128.236318
7.643074 114.483853
8.289642 125.074237
8.967087 130.476188
9.105240 130.311392
8.978188 131.142187
8.981483 128.490006
8.088135 112.651553
8.601059 123.344440
9.254951 135.963321
8.204865 116.818155
8.918587 124.084165
9.055847 132.510170
8.746742 124.651211
9.429337 131.776866
8.812225 129.285989
8.987274 129.441410
8.953194 128.733192
8.907486 132.116551
8.707489 130.376147
8.532715 121.699703
8.900734 128.624039
9.543961 136.458275
8.938202 124.133740
8.315025 122.433845
8.868576 125.878558
8.740036 126.413170
8.457298 123.021587
8.986107 126.087926
8.911125 129.314411
9.189880 133.067092
8.445923 123.528614
9.158798 130.981643
9.025589 129.526429
8.826118 128.767693
8.898903 129.139434
8.957108 126.645168
8.641914 125.039013
8.533356 125.656440
9.081551 122.698538
9.062370 137.026864
8.358833 117.492770
8.984253 128.734364
9.124992 131.101879
9.066513 131.112119
9.432976 132.971704
8.979195 127.304512
9.244926 136.456474
8.922775 126.293799
8.428391 123.696348
8.783524 120.923891
8.383072 119.944659
8.804352 127.330977
7.999329 115.969665
8.683388 129.819820
8.435532 125.640394
8.448624 121.362367
7.657837 109.659184
9.322174 129.769584
7.949524 115.711018
8.280006 123.007212
8.050209 114.616070
8.701447 126.088418
8.779610 124.202615
8.691170 121.442034
8.927444 123.907731
8.707489 130.376147
8.186234 125.728482
8.385017 119.392589
8.779518 126.435926
8.643539 121.463923
9.034012 132.772163
8.933945 126.854822
8.812271 127.917312
8.939919 127.529290
8.491768 122.568713
8.360893 116.694579
8.310356 118.435723
9.121445 129.656918
8.533081 117.229924
8.223518 123.141527
9.078758 130.642325
8.457298 123.021587
8.609894 122.456811
8.498634 124.176905
9.055847 132.510170
8.898560 126.664129
8.920532 126.372954
8.973862 125.641591
8.972740 126.495892
8.433701 127.295872
8.664917 123.416920
8.733444 124.115271
8.250572 119.594232
8.390923 122.420470
8.549583 119.052383
8.467987 126.552398
9.033829 131.003971
7.956413 116.476051
8.692223 126.428866
8.691490 122.102108
8.948982 130.517413
8.512711 119.840543
8.986107 126.087926
8.483299 128.006532
8.920349 127.566883
8.736649 121.055892
7.796974 109.597408
9.039047 130.813161
8.990730 131.166324
9.062645 129.369929
8.957108 126.645168
8.325966 117.666808
8.719437 127.682386
8.992676 127.855427
8.827263 129.492108
9.065987 128.743998
8.041992 120.479499
8.835617 127.670075
8.909752 132.607367
8.360733 119.695913
7.760742 116.405948
8.665855 124.210911
8.502342 127.894358
9.167084 134.630155
8.158241 120.485439
9.043236 129.606128
8.619530 127.502868
8.748184 127.928389
8.688881 120.251177
8.303261 118.964424
8.623947 120.486320
8.417747 121.425597
8.456566 124.135837
8.671028 127.409182
8.978439 129.808978
9.280495 134.063330
9.001053 131.480610
9.052940 130.464327
7.763672 109.242733
8.954979 128.325339
8.913963 132.186157
9.007256 128.840072
8.548325 127.110097
8.052910 116.347123
8.771095 127.218037
9.134743 127.498504
9.426384 129.111764
9.157402 129.136280
8.258629 118.006038
8.167648 120.832062
8.679268 120.434235
9.042824 130.097566
9.045181 129.309412
8.861458 127.049224
8.026680 116.729013
8.179825 117.740201
8.683388 129.819820
8.539810 125.857442
8.719437 127.682386
8.448967 121.872402
8.885124 128.706836
8.826576 131.089006
9.137398 129.799521
8.186234 125.728482
8.949234 131.223006
8.570274 122.143408
8.919983 130.977893
8.957085 131.424308
8.938202 124.133740
8.627586 124.949165
8.983131 131.727339
8.259247 125.758540
9.719330 137.364799
9.124992 131.101879
8.765556 129.274396
8.957909 126.906283
8.783524 120.923891
8.573112 121.296866
9.364197 130.363410
8.194748 115.885343
8.957085 131.424308
8.985809 126.185233
8.875511 129.239113
7.928604 112.071672
9.121445 129.656918
9.037834 127.202103
8.987823 131.202705
8.935112 126.729631
8.250801 122.900359
9.843613 142.298381
9.084984 125.362126
8.586548 122.897304
8.987320 126.889493
8.756218 126.674095
8.753609 125.435211
8.158241 120.485439
8.194748 115.885343
8.868851 132.239426
7.949524 115.711018
8.186165 117.244571
8.459335 119.295612
9.092995 129.771878
9.056259 128.017284
8.026085 120.975643
9.065346 134.713913
9.004944 130.217648
9.418007 138.293281
8.185066 117.476896
8.782104 126.996963
8.239655 120.457195
8.904053 125.325454
9.055847 132.510170
8.495956 127.717513
8.265495 122.173722
9.070244 129.307363
9.118652 132.827511
8.052910 116.347123
8.841591 128.732047
8.919273 125.540501
8.303261 118.964424
8.702911 122.368520
8.629189 121.636311
9.080177 131.280198
8.905037 130.772328
8.927444 123.907731
8.205917 120.695644
8.622963 124.461156
8.956947 128.535885
8.383118 118.917766
8.594444 125.233866
7.911438 113.744909
8.088158 117.970555
8.967087 130.476188
8.681900 126.258697
8.945641 127.830028
8.494789 125.751015
8.768646 127.767323
8.681900 126.258697
8.654915 123.527189
9.189880 133.067092
8.967018 128.992824
8.899498 124.029372
9.021652 132.883760
8.641914 125.039013
8.802361 126.735744
