2.000000 43.829295 78.852576 8.806015
2.100000 51.794113 85.002885 18.585341
2.200000 59.557756 91.039774 28.075737
2.300000 67.122552 96.961304 37.283801
2.400000 74.490855 102.765686 46.216024
2.500000 81.665038 108.451289 54.878787
2.600000 88.647495 114.016639 63.278351
2.700000 95.440641 119.460427 71.420856
2.800000 102.046910 124.781513 79.312308
2.900000 108.468754 129.978926 86.958581
3.000000 114.708640 135.051877 94.365403
3.100000 120.769053 139.999756 101.538351
3.200000 126.652494 144.822143 108.482845
3.300000 132.361475 149.518811 115.204139
3.400000 137.898524 154.089734 121.707314
3.500000 143.266181 158.535093 127.997269
3.600000 148.466995 162.855283 134.078707
3.700000 153.503528 167.050924 139.956132
3.800000 158.378350 171.122870 145.633830
3.900000 163.094039 175.072223 151.115856
4.000000 167.653182 178.900346 156.406019
4.100000 172.058372 182.608885 161.507858
4.200000 176.312205 186.199790 166.424620
4.300000 180.417285 189.675337 171.159233
4.400000 184.376219 193.038169 175.714268
4.500000 188.191614 196.291320 180.091908
4.600000 191.866083 199.438260 184.293906
4.700000 195.402235 202.482922 188.321549
4.800000 198.802683 205.429730 192.175637
4.900000 202.070036 208.283593 195.856480
5.000000 205.206902 211.049857 199.363947
5.100000 208.215886 213.734188 202.697585
5.200000 211.099589 216.342344 205.856833
5.300000 213.860605 218.879848 208.841362
5.400000 216.501526 221.351555 211.651496
5.500000 219.024933 223.761185 214.288681
5.600000 221.433402 226.110939 216.755865
5.700000 223.729498 228.401320 219.057677
5.800000 225.915779 230.631222 221.200336
5.900000 227.994789 232.798272 223.191306
6.000000 229.969062 234.899327 225.038798
6.100000 231.841120 236.930973 226.751267
6.200000 233.613469 238.889944 228.336995
6.300000 235.288604 240.773401 229.803807
6.400000 236.869000 242.579073 231.158928
6.500000 238.357120 244.305312 232.408928
6.600000 239.755406 245.951064 233.559748
6.700000 241.066284 247.515815 234.616752
6.800000 242.292158 248.999522 235.584795
6.900000 243.435415 250.402536 236.468294
7.000000 244.498418 251.725538 237.271299
7.100000 245.483510 252.969477 237.997542
7.200000 246.393007 254.135522 238.650493
7.300000 247.229206 255.225016 239.233396
7.400000 247.994375 256.239443 239.749307
7.500000 248.690757 257.180400 240.201114
7.600000 249.320568 258.049572 240.591564
7.700000 249.885997 258.848713 240.923281
7.800000 250.389202 259.579631 241.198774
7.900000 250.832314 260.244173 241.420455
8.000000 251.217429 260.844216 241.590643
8.100000 251.546616 261.381655 241.711576
8.200000 251.821907 261.858401 241.785412
8.300000 252.045302 262.276366 241.814237
8.400000 252.218767 262.637466 241.800068
8.500000 252.344232 262.943608 241.744855
8.600000 252.423589 263.196693 241.650484
8.700000 252.458694 263.398607 241.518780
8.800000 252.451363 263.551219 241.351508
8.900000 252.403375 263.656379 241.150371
9.000000 252.316466 263.715914 240.917019
9.100000 252.192332 263.731626 240.653039
9.200000 252.032626 263.705288 240.359964
9.300000 251.838958 263.638645 240.039270
9.400000 251.612892 263.533409 239.692376
9.500000 251.355951 263.391257 239.320645
9.600000 251.069607 263.213832 238.925383
9.700000 250.755289 263.002739 238.507838
9.800000 250.414373 262.759543 238.069204
9.900000 250.048192 262.485770 237.610614
10.000000 249.658023 262.182901 237.133146
10.100000 249.245097 261.852376 236.637818
10.200000 248.810589 261.495589 236.125589
10.300000 248.355624 261.113890 235.597359
10.400000 247.881272 260.708578 235.053967
10.500000 247.388548 260.280906 234.496191
10.600000 246.878412 259.832079 233.924746
10.700000 246.351766 259.363248 233.340284
10.800000 245.809455 258.875516 232.743394
10.900000 245.252266 258.369933 232.134599
11.000000 244.680926 257.847496 231.514356
11.100000 244.096100 257.309148 230.883052
11.200000 243.498394 256.755777 230.241010
11.300000 242.888349 256.188219 229.588479
11.400000 242.266444 255.607251 228.925638
11.500000 241.633095 255.013594 228.252595
11.600000 240.988649 254.407915 227.569382
11.700000 240.333389 253.790821 226.875957
11.800000 239.667532 253.162861 226.172203
11.900000 238.991223 252.524525 225.457921
12.000000 238.304542 251.876245 224.732838
12.100000 237.607495 251.218393 223.996597
12.200000 236.900020 250.551280 223.248761
12.300000 236.181982 249.875154 222.488809
12.400000 235.453171 249.190205 221.716138
12.500000 234.713307 248.496556 220.930057
12.600000 233.962031 247.794271 220.129790
12.700000 233.198910 247.083346 219.314474
12.800000 232.423435 246.363715 218.483155
12.900000 231.635017 245.635243 217.634791
13.000000 230.832990 244.897731 216.768249
13.100000 230.016608 244.150912 215.882305
13.200000 229.185044 243.394449 214.975640
13.300000 228.337389 242.627937 214.046842
13.400000 227.472653 241.850901 213.094404
13.500000 226.589759 241.062796 212.116722
13.600000 225.687549 240.263002 211.112096
13.700000 224.764779 239.450832 210.078725
13.800000 223.820116 238.625524 209.014708
13.900000 222.852143 237.786244 207.918043
14.000000 221.859353 236.932085 206.786620
14.100000 220.840149 236.062070 205.618227
14.200000 219.792844 235.175150 204.410539
14.300000 218.715662 234.270204 203.161120
14.400000 217.606732 233.346044 201.867420
14.500000 216.464092 232.401413 200.526770
14.600000 215.285683 231.434990 199.136376
14.700000 214.069354 230.445389 197.693320
14.800000 212.812858 229.431165 196.194551
14.900000 211.513848 228.390814 194.636882
