29396 8.167 0.128 32.189 12.412 0.270 29.601 0.358 6.698 0.636 13.013 0.128 None None None None None None None None None None None None None None None None 
29400 7.515 0.112 32.213 12.275 0.265 28.161 0.393 6.894 0.615 12.969 0.130 -0.974 0.169 None None None None None None None None None None None None None None 
29401 7.611 0.176 32.117 12.688 0.267 26.980 0.470 7.320 0.633 14.491 0.174 -2.038 0.222 2.009 0.147 None None None None None None None None None None None None 
29401 7.487 0.168 32.103 12.754 0.267 27.271 0.458 7.372 0.639 15.022 0.206 -1.156 0.279 2.655 0.192 -0.681 0.132 None None None None None None None None None None 
29401 7.616 0.179 32.096 12.785 0.261 27.098 0.491 7.524 0.619 15.279 0.209 -1.776 0.343 3.385 0.270 -0.184 0.183 -0.498 0.132 None None None None None None None None 
29403 7.797 0.185 32.108 12.810 0.269 27.643 0.527 7.522 0.610 15.662 0.262 -0.842 0.423 4.322 0.403 -1.227 0.346 -0.946 0.189 0.521 0.156 None None None None None None 
29404 7.806 0.180 32.117 12.807 0.270 27.769 0.505 7.446 0.630 15.612 0.262 -0.549 0.558 4.101 0.480 -1.561 0.560 -0.645 0.423 0.691 0.286 -0.173 0.229 None None None None 
29404 7.822 0.182 32.118 12.805 0.267 27.763 0.518 7.434 0.663 15.459 0.306 -0.624 0.536 3.523 0.814 -1.297 0.601 0.073 0.936 0.224 0.570 -0.579 0.539 0.340 0.390 None None 
29404 7.528 0.110 32.112 12.814 0.253 26.871 0.462 7.614 0.660 15.345 0.318 -2.635 0.731 2.825 0.843 2.809 1.265 0.392 1.017 -6.131 1.714 1.354 0.868 5.034 1.246 -3.030 0.779 
29404 7.520 0.093 32.110 12.813 0.258 26.778 0.466 7.671 0.634 15.637 0.345 -3.119 0.809 4.607 1.273 3.609 1.373 -3.621 2.380 -6.496 1.779 7.524 3.415 3.272 1.567 -7.857 2.717 
