7.926 12.309 28.705 7.054 12.833 -0.761
7.637 12.270 28.010 5.970 13.089 -0.949
7.481 12.800 28.048 7.961 12.883 -0.984
7.411 12.436 28.813 6.467 12.947 -0.908
7.584 11.728 28.490 6.796 13.077 -0.746
7.440 12.582 27.665 6.365 13.175 -1.061
7.466 12.489 27.845 7.746 13.037 -1.293
7.541 12.647 28.089 6.955 13.134 -0.763
7.499 12.770 27.976 6.532 13.068 -0.902
7.445 12.592 27.534 7.967 13.091 -0.906
7.528 11.775 28.093 7.262 12.956 -1.245
7.742 12.217 28.675 6.592 12.783 -0.755
7.167 12.535 27.593 5.008 12.973 -1.263
7.453 12.491 28.377 6.595 13.141 -1.035
7.528 12.313 28.152 7.002 13.148 -0.833
7.479 12.165 27.878 7.562 13.086 -1.023
7.510 11.975 28.050 8.358 12.978 -0.807
7.596 12.203 28.890 7.770 12.729 -0.779
7.536 12.147 28.589 6.778 12.925 -0.726
7.586 12.363 27.890 6.674 13.009 -1.021
7.531 12.112 28.572 7.047 12.745 -0.995
7.492 12.717 27.641 6.277 13.126 -0.990
7.498 12.148 27.981 7.711 12.941 -1.240
7.184 12.337 28.016 7.813 13.142 -1.283
7.872 12.022 28.242 7.504 12.864 -0.823
7.471 12.552 27.902 7.058 12.956 -1.011
7.518 12.493 28.005 7.311 13.029 -0.860
7.464 12.664 28.286 6.317 12.920 -0.737
7.634 12.533 27.943 7.014 12.926 -1.041
7.488 12.022 28.325 6.108 13.055 -0.758
7.345 12.524 27.741 6.789 13.111 -0.848
7.648 11.894 27.998 6.624 12.672 -1.214
7.411 12.446 28.239 6.431 12.872 -0.828
7.583 12.364 27.746 7.589 12.767 -1.126
7.438 12.553 28.272 7.542 13.102 -0.933
7.562 12.088 28.113 6.411 12.928 -1.026
7.436 12.405 28.303 6.597 12.827 -1.305
7.554 12.661 28.190 7.227 12.980 -0.978
7.626 12.093 28.675 7.184 12.859 -0.831
7.480 12.450 28.141 7.234 12.926 -1.123
7.549 12.240 28.157 6.279 12.932 -0.958
7.504 12.042 28.235 8.257 13.043 -0.917
7.537 11.961 28.064 6.988 13.024 -0.868
7.598 12.339 27.838 7.371 12.992 -0.931
7.466 11.442 28.400 6.435 12.721 -1.173
7.564 12.580 28.000 6.592 13.084 -1.103
7.479 12.553 28.425 7.849 13.124 -0.761
7.560 12.467 28.095 7.846 13.284 -0.778
7.541 12.269 28.130 6.437 13.006 -1.127
7.404 11.768 28.021 6.719 12.841 -1.248
7.406 12.433 28.624 7.294 13.059 -0.897
7.479 12.404 28.314 6.907 13.412 -0.690
7.436 12.310 28.649 7.637 12.725 -0.900
7.631 12.057 27.853 8.150 12.883 -1.185
7.550 12.432 28.161 6.545 13.154 -0.659
7.446 12.406 27.855 7.452 12.905 -1.137
7.555 12.057 28.230 5.724 12.851 -0.972
7.397 12.321 27.928 5.906 12.862 -1.126
7.458 12.312 27.681 7.498 12.905 -1.020
7.540 11.952 28.455 7.427 12.602 -1.305
7.631 12.057 27.853 8.150 12.883 -1.185
7.991 12.295 28.581 7.475 12.715 -0.817
7.533 12.769 27.592 6.703 13.081 -0.864
7.564 12.580 28.000 6.592 13.084 -1.103
7.633 12.368 28.461 6.846 12.783 -1.084
7.799 12.237 28.506 6.594 12.752 -1.086
7.472 12.709 27.764 7.785 12.887 -1.194
7.606 12.346 28.117 7.351 13.134 -0.942
7.543 12.357 28.267 7.241 13.082 -1.132
7.520 12.232 27.877 6.510 13.080 -0.945
7.621 12.616 27.964 6.745 13.087 -0.885
7.482 12.157 28.129 7.245 13.129 -0.898
7.558 12.406 28.479 6.410 12.995 -1.062
7.564 12.419 28.095 7.429 12.893 -1.093
7.426 11.602 27.394 5.569 12.844 -1.297
7.440 12.458 28.483 5.919 13.071 -0.906
7.510 12.658 27.653 7.954 13.000 -1.196
7.811 12.333 28.618 7.226 13.006 -0.764
7.595 12.580 28.006 7.759 12.982 -1.042
7.412 12.177 28.159 7.214 12.816 -1.122
7.436 12.405 28.303 6.597 12.827 -1.305
7.492 12.717 27.641 6.277 13.126 -0.990
7.487 12.067 29.162 6.836 12.890 -0.769
7.553 12.394 28.443 7.228 12.989 -0.947
7.518 12.179 27.895 6.562 12.987 -1.050
7.438 12.553 28.272 7.542 13.102 -0.933
7.533 12.161 28.295 7.296 12.821 -1.211
7.509 11.852 27.973 6.945 12.998 -0.957
7.577 12.391 27.777 7.036 12.971 -0.965
7.532 12.290 27.802 7.457 13.002 -1.234
7.467 12.247 27.800 5.870 13.128 -1.226
7.432 12.158 28.268 5.910 12.912 -1.246
7.443 12.047 27.974 7.444 13.053 -1.110
7.810 12.188 29.285 6.366 12.606 -0.768
7.483 12.578 27.966 5.919 12.950 -0.856
7.490 12.162 28.019 6.010 13.018 -0.889
7.560 12.108 28.246 7.006 12.887 -0.948
7.742 12.217 28.675 6.592 12.783 -0.755
7.408 12.639 27.337 7.637 13.128 -1.281
7.467 12.799 27.947 6.613 13.022 -1.007
7.483 12.422 27.659 6.255 13.013 -1.060
7.463 12.427 27.774 6.944 12.801 -1.015
7.476 11.965 28.830 6.096 13.072 -1.073
7.585 12.398 29.177 7.342 12.862 -0.812
7.526 12.140 28.612 7.007 13.017 -0.974
7.532 11.981 28.433 6.665 12.757 -1.161
7.802 12.224 28.947 7.486 12.796 -0.895
7.479 12.222 28.514 6.845 13.012 -0.946
7.540 12.281 28.201 7.325 12.878 -0.933
7.432 12.283 28.234 5.829 12.930 -0.883
7.779 12.593 28.528 6.457 12.828 -0.996
7.485 12.378 27.999 7.873 12.936 -1.210
7.447 12.316 28.774 6.359 13.140 -0.590
7.475 12.084 27.443 6.577 13.135 -0.999
7.584 12.388 27.712 7.798 13.178 -0.786
7.621 12.094 28.757 5.931 12.844 -0.768
7.801 12.509 28.443 6.457 12.991 -0.719
7.440 12.582 27.665 6.365 13.175 -1.061
7.584 12.607 27.759 6.823 12.966 -0.884
7.403 12.043 27.670 7.177 13.214 -1.103
7.517 11.796 28.659 6.791 12.833 -0.836
7.540 11.967 28.367 6.118 12.875 -0.888
7.499 12.514 28.768 7.393 12.878 -0.844
7.467 12.194 28.075 7.624 12.925 -0.953
7.483 12.578 27.966 5.919 12.950 -0.856
7.545 12.600 28.281 6.589 12.970 -1.189
7.498 12.135 28.542 5.962 12.893 -1.006
7.426 12.539 29.201 6.890 13.090 -0.496
7.542 12.363 28.026 6.577 13.041 -0.737
7.569 12.462 28.288 5.954 12.885 -0.934
7.544 12.301 27.944 6.759 13.040 -0.785
7.528 12.263 28.836 6.425 12.901 -0.449
7.422 12.242 28.058 5.991 13.030 -0.978
7.345 12.524 27.741 6.789 13.111 -0.848
7.507 12.338 28.235 5.863 13.131 -0.744
7.428 12.442 27.830 6.688 13.002 -1.050
7.609 12.342 28.978 6.812 12.889 -1.042
7.414 12.386 27.553 6.986 13.165 -0.975
7.552 12.107 28.505 6.373 12.921 -0.951
7.519 12.450 28.819 6.708 12.994 -0.530
7.500 12.068 27.835 6.370 12.997 -1.017
7.469 11.976 29.115 6.639 13.073 -0.650
7.469 11.976 29.115 6.639 13.073 -0.650
7.564 12.290 28.569 7.626 12.971 -0.767
7.473 12.074 28.196 6.654 13.136 -0.804
7.589 12.080 28.182 6.754 12.989 -1.010
7.498 12.309 27.985 7.356 13.023 -0.908
7.540 12.274 28.339 6.960 13.174 -0.701
7.501 12.778 28.351 6.337 13.016 -0.988
7.486 12.508 28.003 6.244 12.970 -1.094
7.534 12.370 27.925 6.846 12.997 -0.964
7.552 12.323 28.947 6.632 12.856 -0.775
7.530 12.729 28.191 7.901 13.076 -0.988
7.564 12.290 28.569 7.626 12.971 -0.767
7.453 12.359 27.657 6.995 12.942 -0.938
7.467 12.247 27.800 5.870 13.128 -1.226
7.418 11.828 28.748 5.928 12.617 -0.966
7.511 12.473 28.387 7.473 12.909 -1.129
7.588 11.965 28.134 7.212 12.861 -1.062
7.377 11.701 27.922 6.138 13.124 -0.933
7.626 11.934 28.138 6.657 12.823 -0.811
7.508 12.921 27.544 5.878 13.087 -0.937
7.484 12.081 28.407 6.944 13.174 -0.708
7.525 12.458 28.124 7.406 13.067 -0.902
7.445 12.592 27.534 7.967 13.091 -0.906
7.578 12.339 29.428 6.992 12.985 -0.542
7.479 12.165 27.878 7.562 13.086 -1.023
7.510 12.419 27.953 7.343 12.841 -0.832
7.587 12.512 27.922 7.513 13.135 -1.188
7.529 12.062 28.286 7.161 12.842 -1.061
7.476 12.445 28.209 7.937 12.969 -0.625
7.472 12.064 28.203 7.669 12.838 -1.117
7.546 12.055 27.859 7.126 13.062 -1.247
7.478 12.329 27.755 6.873 12.919 -1.222
7.463 12.264 28.477 7.868 12.928 -0.910
7.509 12.403 28.668 6.448 13.136 -0.822
7.531 12.367 28.004 6.177 12.824 -1.137
7.397 12.072 28.231 7.255 13.164 -0.910
7.381 12.219 28.499 7.176 12.898 -0.926
7.505 12.160 28.217 7.206 12.864 -0.918
7.383 12.525 27.712 7.015 13.065 -0.733
7.471 12.436 28.311 6.332 13.132 -0.731
7.500 12.068 27.835 6.370 12.997 -1.017
7.551 12.254 28.089 6.849 12.998 -0.781
7.210 12.141 27.753 7.847 13.216 -0.861
7.621 12.037 28.819 6.323 12.678 -1.165
7.415 11.944 27.838 7.183 12.948 -1.080
7.492 12.593 28.787 6.809 13.010 -0.957
7.588 11.937 28.064 6.965 12.783 -1.209
7.399 12.079 28.065 7.620 13.103 -0.966
7.411 12.696 28.343 7.904 13.093 -0.585
7.556 11.792 28.102 6.436 12.980 -0.903
7.528 12.031 28.628 7.124 13.195 -0.927
7.488 11.953 28.893 6.368 12.782 -0.704
7.414 12.425 28.504 6.808 12.993 -0.754
7.521 12.254 28.686 6.220 12.734 -0.947
7.481 12.345 28.043 7.623 12.871 -0.809
7.438 12.451 27.823 6.719 13.025 -0.894
7.549 11.472 28.330 7.784 12.960 -1.134
7.438 12.299 27.963 6.892 13.082 -0.975
7.599 12.063 27.976 7.336 12.924 -1.063
7.528 12.313 28.152 7.002 13.148 -0.833
7.450 12.148 28.353 7.020 12.935 -1.090
7.448 11.956 28.405 7.002 12.952 -0.932
7.397 12.321 27.928 5.906 12.862 -1.126
7.558 12.075 28.069 6.668 13.152 -1.225
7.479 12.553 28.425 7.849 13.124 -0.761
7.546 12.055 27.859 7.126 13.062 -1.247
7.498 12.372 28.539 6.135 12.833 -0.991
7.547 12.081 28.043 7.000 13.019 -1.016
7.520 12.215 28.047 7.050 12.919 -1.106
7.563 12.314 28.583 6.959 12.813 -1.067
7.535 12.365 28.029 7.906 12.934 -0.939
7.500 12.068 27.835 6.370 12.997 -1.017
7.522 12.131 28.258 7.330 12.818 -0.802
7.589 12.641 28.111 6.925 13.045 -0.830
7.531 12.608 28.054 6.553 13.025 -1.085
7.949 12.134 28.750 6.624 12.754 -0.936
7.443 12.047 27.974 7.444 13.053 -1.110
7.496 12.616 28.021 5.939 13.114 -0.987
7.535 12.316 28.000 7.303 12.810 -1.133
7.527 12.010 28.241 6.235 12.844 -0.937
7.466 12.489 27.845 7.746 13.037 -1.293
7.473 11.408 28.015 7.047 12.861 -1.304
7.443 12.183 28.312 5.945 12.886 -1.196
7.518 11.713 28.367 6.441 13.127 -0.817
7.564 12.580 28.000 6.592 13.084 -1.103
7.456 12.316 28.184 6.194 13.092 -0.750
7.426 12.068 27.524 7.542 13.008 -1.131
7.439 12.177 28.201 5.622 13.080 -1.025
7.437 12.476 27.424 7.179 13.003 -1.295
7.540 12.117 28.049 6.689 12.805 -1.105
7.480 11.999 28.979 7.334 12.753 -0.886
7.523 12.432 27.882 7.330 13.084 -1.066
7.532 11.981 28.433 6.665 12.757 -1.161
7.926 12.309 28.705 7.054 12.833 -0.761
7.145 12.204 27.373 6.296 13.064 -1.296
7.427 12.252 27.785 7.515 13.128 -1.175
7.542 12.547 28.429 7.234 12.834 -0.751
7.926 12.309 28.705 7.054 12.833 -0.761
7.598 12.339 27.838 7.371 12.992 -0.931
7.465 12.121 28.014 7.183 12.837 -1.117
7.201 12.243 27.187 7.178 12.834 -1.538
7.547 12.029 28.497 6.419 12.975 -0.942
7.452 11.998 27.922 6.959 12.963 -0.976
7.526 12.140 28.612 7.007 13.017 -0.974
7.436 12.113 28.556 6.488 12.921 -1.011
7.446 12.228 28.146 6.154 12.921 -1.086
7.419 11.788 27.705 7.377 12.920 -1.281
7.552 12.491 27.723 6.999 12.989 -1.160
7.433 12.090 28.467 6.346 12.755 -1.205
7.454 12.007 28.118 7.029 13.130 -0.775
7.519 12.450 28.819 6.708 12.994 -0.530
7.459 11.827 28.357 6.519 12.721 -0.958
7.459 11.827 28.357 6.519 12.721 -0.958
7.539 12.134 28.128 7.487 12.923 -0.799
7.451 12.514 27.870 6.462 13.127 -1.075
7.500 11.997 27.990 7.124 12.908 -0.896
7.387 12.360 28.067 7.111 12.960 -0.991
7.404 11.768 28.021 6.719 12.841 -1.248
8.042 12.071 28.449 6.522 12.745 -0.751
7.594 12.329 28.046 7.664 13.073 -0.875
7.459 12.363 28.125 7.442 13.024 -0.772
7.437 12.359 27.678 7.934 13.047 -1.067
7.525 12.458 28.124 7.406 13.067 -0.902
7.507 12.338 28.235 5.863 13.131 -0.744
7.451 11.492 28.179 7.528 12.790 -1.173
7.531 12.025 28.351 7.299 12.850 -0.814
7.418 11.828 28.748 5.928 12.617 -0.966
7.521 12.534 28.529 7.147 13.055 -0.857
7.498 12.833 27.876 7.661 13.114 -0.781
7.465 12.121 28.014 7.183 12.837 -1.117
7.461 12.076 28.050 6.859 13.061 -1.136
7.536 12.408 28.391 7.034 12.989 -0.955
7.474 12.176 28.456 6.635 12.965 -0.995
7.423 12.503 27.672 6.974 13.157 -0.883
7.494 12.454 28.608 7.328 12.905 -1.158
7.528 12.130 27.998 8.464 12.912 -1.038
7.523 12.114 28.730 5.834 12.803 -1.137
7.615 12.238 28.221 6.701 13.053 -0.851
7.494 12.214 27.741 5.983 13.014 -1.029
7.440 12.177 27.458 7.426 13.120 -1.016
7.517 12.391 28.263 7.481 13.048 -0.750
7.496 12.616 28.021 5.939 13.114 -0.987
7.541 12.269 28.130 6.437 13.006 -1.127
7.514 11.827 28.138 6.794 12.692 -1.345
7.536 12.408 28.391 7.034 12.989 -0.955
7.546 12.055 27.859 7.126 13.062 -1.247
7.607 12.250 28.358 7.136 13.074 -0.782
7.444 12.001 28.550 7.780 12.925 -0.896
7.573 12.655 28.189 7.556 12.755 -1.118
7.386 12.455 27.677 6.287 13.033 -1.036
7.857 12.662 28.427 7.075 13.069 -0.852
7.467 12.799 27.947 6.613 13.022 -1.007
7.640 11.878 28.186 7.636 12.805 -1.114
7.614 11.815 28.592 6.304 13.153 -0.647
7.459 12.091 28.202 6.803 12.788 -1.090
7.525 12.636 28.359 6.692 12.893 -1.115
7.521 11.884 27.593 7.911 12.896 -1.090
7.449 12.122 27.206 6.505 12.901 -1.249
7.565 12.184 28.350 7.022 13.093 -0.803
7.539 12.065 27.772 7.705 13.238 -0.808
7.480 12.450 28.141 7.234 12.926 -1.123
7.605 12.187 28.490 7.208 12.986 -0.943
7.525 11.749 28.230 7.386 12.908 -1.016
7.576 12.224 28.172 7.474 12.919 -0.894
7.631 12.057 27.853 8.150 12.883 -1.185
7.526 12.724 28.267 6.847 12.918 -0.811
7.584 12.010 28.112 7.339 12.765 -1.032
7.463 12.650 28.776 6.171 12.834 -1.121
7.531 12.580 28.112 6.359 13.146 -0.895
7.546 12.055 27.859 7.126 13.062 -1.247
7.475 12.502 27.684 7.688 12.944 -1.136
7.377 11.701 27.922 6.138 13.124 -0.933
7.399 12.079 28.065 7.620 13.103 -0.966
7.618 12.338 28.338 6.623 12.928 -0.734
7.633 12.246 27.622 6.242 12.995 -0.935
7.499 12.480 28.146 6.695 13.091 -0.960
7.598 12.339 27.838 7.371 12.992 -0.931
7.630 12.434 28.158 7.286 13.088 -0.693
7.449 12.130 27.580 5.947 12.886 -1.018
7.533 12.452 28.090 6.216 12.876 -0.854
7.472 12.709 27.764 7.785 12.887 -1.194
7.536 12.147 28.589 6.778 12.925 -0.726
7.434 12.138 28.009 6.764 13.010 -1.133
7.491 12.395 28.426 6.609 12.870 -1.105
7.600 12.206 28.375 6.955 12.927 -0.984
7.497 12.026 28.669 7.726 12.874 -0.907
7.443 12.183 28.312 5.945 12.886 -1.196
7.415 12.499 27.231 7.230 13.198 -0.912
7.591 12.056 28.717 6.370 12.838 -0.840
7.510 12.290 28.421 6.905 13.201 -0.739
7.626 12.093 28.675 7.184 12.859 -0.831
7.519 11.806 28.333 7.441 12.709 -0.866
7.443 12.568 27.752 6.092 13.056 -1.171
7.523 12.125 27.855 7.244 12.840 -0.991
7.471 12.565 28.739 7.065 12.951 -0.747
7.413 11.808 28.090 5.950 12.927 -1.275
7.779 12.593 28.528 6.457 12.828 -0.996
8.031 12.143 28.419 6.044 12.971 -0.853
7.463 12.650 28.776 6.171 12.834 -1.121
7.481 12.800 28.048 7.961 12.883 -0.984
7.542 12.141 28.301 6.606 12.973 -1.064
7.550 12.142 28.222 5.832 12.838 -1.005
7.433 12.090 28.467 6.346 12.755 -1.205
7.903 11.682 29.131 7.197 12.797 -0.577
7.598 12.339 27.838 7.371 12.992 -0.931
7.549 12.240 28.157 6.279 12.932 -0.958
7.454 12.629 28.270 6.340 13.168 -0.730
7.496 12.616 28.021 5.939 13.114 -0.987
7.459 11.827 28.357 6.519 12.721 -0.958
7.526 12.554 27.975 7.114 12.980 -1.069
7.554 11.976 28.306 7.257 12.859 -0.840
7.509 12.255 27.062 7.299 13.254 -0.874
7.728 12.495 28.382 5.940 13.017 -0.828
7.528 12.507 28.145 6.967 13.095 -0.991
7.499 12.258 28.310 6.467 12.937 -1.193
7.614 12.131 28.350 5.981 12.917 -0.748
7.528 12.220 28.581 6.687 13.024 -0.829
7.516 12.093 27.700 6.536 13.036 -0.979
7.603 11.863 28.169 8.098 12.758 -1.183
7.554 12.345 27.831 7.329 13.038 -1.011
7.584 12.347 28.251 7.164 12.918 -0.726
7.482 12.467 28.974 6.775 12.649 -0.840
7.595 11.914 28.761 6.404 12.840 -0.711
7.617 12.394 28.542 6.947 12.908 -1.080
7.596 11.562 28.586 6.305 13.000 -0.747
7.495 12.282 28.567 6.646 12.916 -0.811
7.554 12.252 28.852 6.345 12.940 -0.774
7.533 12.065 28.829 6.416 12.826 -0.950
7.531 12.025 28.351 7.299 12.850 -0.814
7.603 11.863 28.169 8.098 12.758 -1.183
7.605 12.187 28.490 7.208 12.986 -0.943
7.555 11.927 27.879 7.183 13.092 -0.974
7.545 12.600 28.281 6.589 12.970 -1.189
7.514 12.265 27.883 7.385 13.042 -0.818
7.404 12.396 28.303 6.631 12.915 -1.005
7.499 12.276 28.914 6.249 12.868 -0.942
7.245 12.446 27.803 6.820 12.989 -1.086
7.440 11.972 28.349 6.452 13.039 -0.917
7.634 12.280 29.059 7.230 12.791 -0.743
7.545 12.600 28.281 6.589 12.970 -1.189
7.561 12.307 28.033 7.004 12.991 -0.967
7.492 11.923 28.506 6.813 13.091 -0.832
7.533 11.966 28.168 6.339 12.933 -1.164
7.386 12.455 27.677 6.287 13.033 -1.036
7.545 12.243 28.431 6.621 12.827 -1.083
7.603 11.863 28.169 8.098 12.758 -1.183
7.468 12.017 28.106 7.723 12.739 -1.099
7.550 12.142 28.222 5.832 12.838 -1.005
7.510 12.372 27.381 7.344 13.320 -1.036
7.531 12.025 28.351 7.299 12.850 -0.814
7.451 12.524 27.336 7.424 13.196 -1.086
7.598 12.151 27.778 6.966 13.052 -0.978
7.614 12.557 28.495 6.915 12.984 -0.877
7.415 12.221 27.610 6.956 13.075 -1.171
7.474 12.893 28.503 6.327 13.006 -0.896
7.472 12.225 28.242 6.678 13.002 -1.105
7.564 12.419 28.095 7.429 12.893 -1.093
7.625 11.687 28.300 8.034 13.034 -0.845
7.441 12.255 27.985 7.288 12.938 -1.104
7.561 12.307 28.033 7.004 12.991 -0.967
7.618 12.726 27.846 6.051 12.904 -1.198
7.900 11.966 28.655 7.554 12.594 -0.869
7.511 11.749 28.273 8.286 12.986 -0.845
7.972 12.106 28.698 6.859 12.929 -0.788
7.453 12.503 27.993 7.104 13.026 -1.207
7.521 11.884 27.593 7.911 12.896 -1.090
7.517 12.391 28.263 7.481 13.048 -0.750
7.507 12.246 27.626 8.115 12.896 -1.038
7.599 11.980 28.372 6.477 12.870 -0.868
7.499 12.258 28.310 6.467 12.937 -1.193
7.531 12.315 28.639 6.940 13.051 -0.598
7.404 11.768 28.021 6.719 12.841 -1.248
7.416 11.875 27.754 6.547 12.928 -1.056
7.538 12.137 27.883 7.512 13.045 -1.111
7.410 12.429 27.494 6.819 12.800 -1.221
7.523 12.125 27.855 7.244 12.840 -0.991
7.484 12.224 28.504 6.462 13.055 -0.959
7.926 12.309 28.705 7.054 12.833 -0.761
7.643 12.206 28.437 6.436 13.064 -0.826
7.650 12.392 28.036 7.363 12.925 -1.091
7.582 12.439 28.130 6.907 13.112 -0.983
7.451 12.514 27.870 6.462 13.127 -1.075
7.461 12.076 28.050 6.859 13.061 -1.136
7.166 12.252 27.393 7.478 12.965 -1.196
7.495 12.503 27.987 6.658 12.844 -1.183
7.576 12.283 28.548 6.661 12.959 -0.781
7.528 12.031 28.628 7.124 13.195 -0.927
7.465 12.014 28.536 5.748 12.808 -0.888
7.546 12.055 27.859 7.126 13.062 -1.247
7.411 12.436 28.813 6.467 12.947 -0.908
7.598 12.120 28.049 6.210 12.837 -1.328
7.545 12.600 28.281 6.589 12.970 -1.189
7.541 12.647 28.089 6.955 13.134 -0.763
7.401 11.926 27.952 6.929 12.955 -1.083
8.095 11.990 29.155 6.846 12.825 -0.536
7.633 12.522 28.550 6.533 13.076 -0.746
7.529 12.062 28.286 7.161 12.842 -1.061
7.559 12.334 28.062 7.418 12.965 -1.196
7.507 12.278 27.929 6.998 13.126 -0.842
7.606 12.490 28.293 6.424 12.823 -0.945
7.611 11.773 28.294 6.710 12.900 -0.906
7.839 12.511 28.290 6.093 12.991 -0.806
7.552 12.107 28.505 6.373 12.921 -0.951
7.560 12.108 28.246 7.006 12.887 -0.948
7.480 11.723 27.819 6.023 12.881 -0.981
7.632 12.327 28.321 6.626 12.960 -0.935
7.593 11.934 28.776 6.057 12.815 -1.105
7.463 12.170 27.842 6.088 12.860 -1.025
7.436 12.405 28.303 6.597 12.827 -1.305
7.843 12.027 28.829 7.352 12.793 -0.849
7.516 12.093 27.700 6.536 13.036 -0.979
7.537 12.177 27.919 7.992 13.002 -1.189
7.872 12.022 28.242 7.504 12.864 -0.823
7.414 12.742 27.900 6.471 13.306 -1.040
7.513 12.076 28.248 7.019 12.829 -0.999
7.531 12.367 28.004 6.177 12.824 -1.137
7.505 12.160 28.217 7.206 12.864 -0.918
7.472 12.225 28.242 6.678 13.002 -1.105
7.445 12.592 27.534 7.967 13.091 -0.906
7.549 12.240 28.157 6.279 12.932 -0.958
7.492 12.175 28.489 7.595 13.032 -0.851
7.201 12.243 27.187 7.178 12.834 -1.538
7.499 11.872 27.667 6.038 12.973 -1.060
7.531 12.025 28.351 7.299 12.850 -0.814
7.573 12.019 28.087 6.816 13.049 -0.995
7.516 12.327 28.923 7.044 12.877 -1.115
7.587 11.874 27.830 6.970 12.941 -1.116
7.465 12.014 28.536 5.748 12.808 -0.888
7.552 12.491 27.723 6.999 12.989 -1.160
7.516 11.671 28.663 7.373 12.883 -0.847
7.767 12.444 28.297 6.621 12.875 -0.995
7.482 12.467 28.974 6.775 12.649 -0.840
7.446 12.228 28.146 6.154 12.921 -1.086
7.535 12.814 28.199 6.788 13.057 -0.928
7.457 11.993 28.182 8.262 12.945 -0.957
7.600 12.206 28.375 6.955 12.927 -0.984
7.480 11.975 27.637 6.684 12.917 -1.300
7.523 12.478 27.999 6.696 12.857 -0.954
7.429 11.921 28.281 8.276 13.183 -1.030
7.540 12.462 27.678 6.616 12.921 -1.037
7.626 12.063 28.259 5.797 13.071 -0.958
7.497 12.323 27.892 7.685 13.081 -0.997
7.411 12.304 27.481 6.806 12.961 -1.181
7.444 11.965 27.493 7.398 13.015 -1.096
7.531 12.608 28.054 6.553 13.025 -1.085
7.440 11.916 28.204 7.343 12.990 -0.886
7.569 11.916 28.559 6.014 12.894 -1.157
7.122 11.749 27.678 7.171 12.925 -1.096
7.441 12.486 28.100 7.742 13.129 -0.959
7.454 12.007 28.118 7.029 13.130 -0.775
7.589 12.080 28.182 6.754 12.989 -1.010
7.556 12.455 28.200 6.145 12.918 -0.807
7.564 12.419 28.095 7.429 12.893 -1.093
7.526 12.273 28.515 6.665 13.115 -0.836
7.538 12.112 28.492 7.799 12.940 -0.790
7.620 12.051 27.794 7.135 12.943 -1.103
7.168 12.316 27.140 6.473 13.018 -1.194
7.476 11.965 28.830 6.096 13.072 -1.073
7.540 12.274 28.339 6.960 13.174 -0.701
7.457 12.540 28.224 6.589 12.929 -0.959
7.414 12.211 27.815 7.510 12.945 -1.154
7.541 12.647 28.089 6.955 13.134 -0.763
7.488 12.022 28.325 6.108 13.055 -0.758
7.507 12.278 27.929 6.998 13.126 -0.842
7.595 12.762 28.092 7.306 13.013 -0.913
7.600 12.482 28.002 7.362 13.159 -0.656
7.537 12.561 28.196 7.280 13.068 -0.928
7.498 12.135 28.542 5.962 12.893 -1.006
7.478 11.998 28.498 6.583 12.883 -1.287
7.600 12.482 28.002 7.362 13.159 -0.656
7.494 12.417 27.748 7.165 12.740 -1.028
7.492 12.443 28.278 7.493 12.777 -1.170
7.532 12.342 28.572 6.897 13.000 -0.781
7.498 12.135 28.542 5.962 12.893 -1.006
7.542 12.159 27.814 6.950 12.872 -0.858
7.467 12.551 27.948 6.576 13.019 -0.922
7.497 11.765 28.768 6.550 12.923 -0.837
7.454 12.007 28.118 7.029 13.130 -0.775
7.509 12.403 28.668 6.448 13.136 -0.822
7.867 12.278 28.135 6.734 12.632 -0.984
7.649 12.678 28.540 6.833 12.809 -0.949
7.494 12.417 27.748 7.165 12.740 -1.028
7.640 11.878 28.186 7.636 12.805 -1.114
7.505 12.605 27.897 7.528 13.131 -1.113
7.643 12.206 28.437 6.436 13.064 -0.826
7.586 12.363 27.890 6.674 13.009 -1.021
7.472 12.547 28.207 6.380 13.043 -0.890
7.521 12.534 28.529 7.147 13.055 -0.857
7.569 11.916 28.559 6.014 12.894 -1.157
7.570 12.816 27.703 6.949 13.029 -1.153
7.513 12.055 28.326 7.558 12.858 -0.880
7.618 12.726 27.846 6.051 12.904 -1.198
7.523 12.255 28.062 6.296 13.148 -1.037
7.521 12.254 28.686 6.220 12.734 -0.947
7.480 11.723 27.819 6.023 12.881 -0.981
7.418 11.661 27.702 6.992 12.767 -1.127
7.420 12.359 28.394 7.207 12.904 -1.039
7.518 12.179 27.895 6.562 12.987 -1.050
7.621 12.239 28.945 6.625 12.824 -0.904
7.530 12.909 28.098 5.540 12.861 -1.250
7.386 12.455 27.677 6.287 13.033 -1.036
7.540 12.281 28.201 7.325 12.878 -0.933
7.576 12.283 28.548 6.661 12.959 -0.781
7.457 11.981 27.894 6.503 12.921 -0.842
7.972 12.106 28.698 6.859 12.929 -0.788
7.522 12.610 28.277 7.409 12.998 -1.079
7.222 12.474 28.248 6.507 13.054 -1.103
7.443 12.506 28.249 6.667 12.806 -1.116
7.514 12.469 28.409 6.848 13.080 -0.911
7.513 12.217 27.850 6.768 13.153 -0.771
7.560 12.922 28.203 7.832 13.004 -0.602
7.537 11.961 28.064 6.988 13.024 -0.868
7.449 12.459 27.694 7.493 12.929 -0.949
7.421 12.388 28.551 6.745 12.715 -0.965
7.537 12.634 29.062 6.063 12.941 -0.359
7.473 12.226 28.150 6.893 13.184 -0.814
7.551 11.964 28.225 6.685 13.034 -0.805
7.599 12.388 27.867 7.229 12.840 -0.995
7.571 12.641 27.732 7.635 13.184 -1.010
7.568 12.619 27.426 7.820 13.109 -1.012
7.480 11.723 27.819 6.023 12.881 -0.981
7.618 12.338 28.338 6.623 12.928 -0.734
7.513 12.163 27.908 7.840 13.339 -0.763
7.633 12.246 27.622 6.242 12.995 -0.935
7.471 11.828 27.833 6.163 12.654 -1.225
7.590 12.523 28.153 8.136 13.019 -0.928
7.596 12.470 28.415 6.898 12.842 -1.079
7.563 12.443 28.513 6.298 12.957 -0.784
7.500 12.092 28.807 7.850 13.023 -0.474
7.438 12.029 28.099 6.626 13.058 -1.147
7.524 12.469 27.902 7.866 12.834 -1.246
7.491 12.395 28.426 6.609 12.870 -1.105
7.548 12.104 28.142 6.923 13.038 -1.095
7.476 11.965 28.830 6.096 13.072 -1.073
7.476 11.904 27.892 6.116 12.882 -0.983
7.509 12.469 28.424 5.995 12.677 -1.075
7.823 11.877 28.642 5.777 12.965 -0.779
7.483 12.578 27.966 5.919 12.950 -0.856
7.562 11.985 28.768 6.789 12.877 -1.203
7.478 11.998 28.498 6.583 12.883 -1.287
7.543 12.325 28.475 5.441 12.828 -1.002
7.436 12.113 28.556 6.488 12.921 -1.011
7.541 12.647 28.089 6.955 13.134 -0.763
7.492 12.505 27.995 6.682 12.905 -1.023
7.461 11.993 27.867 6.197 13.030 -1.034
7.531 12.626 27.547 8.183 12.971 -1.262
7.560 12.108 28.246 7.006 12.887 -0.948
7.549 12.482 28.245 7.006 13.012 -1.087
7.537 12.323 28.676 7.195 12.990 -0.769
7.538 12.261 27.975 7.256 13.070 -0.864
7.582 12.366 27.846 6.379 12.931 -1.152
7.626 11.934 28.138 6.657 12.823 -0.811
7.606 12.346 28.117 7.351 13.134 -0.942
7.176 11.847 27.629 5.899 12.857 -1.228
7.552 12.491 27.723 6.999 12.989 -1.160
7.599 12.388 27.867 7.229 12.840 -0.995
7.448 12.557 27.776 5.951 13.091 -0.997
7.550 12.502 28.826 7.055 12.905 -0.772
7.509 12.377 27.658 8.129 12.919 -1.315
7.571 12.498 28.318 7.487 12.916 -0.902
7.575 12.329 28.109 7.566 12.982 -0.978
7.541 12.531 27.758 6.950 13.073 -0.831
7.525 12.458 28.124 7.406 13.067 -0.902
7.534 12.370 27.925 6.846 12.997 -0.964
7.507 12.342 27.709 7.171 13.190 -0.950
7.623 12.251 27.861 7.357 12.860 -1.220
7.949 12.134 28.750 6.624 12.754 -0.936
7.491 12.395 28.426 6.609 12.870 -1.105
7.469 11.976 29.115 6.639 13.073 -0.650
7.529 12.062 28.286 7.161 12.842 -1.061
7.811 12.333 28.618 7.226 13.006 -0.764
7.501 12.309 28.049 7.973 12.972 -0.917
7.492 11.965 28.493 6.664 13.058 -0.769
7.492 12.670 27.511 7.224 13.406 -0.837
7.551 11.964 28.225 6.685 13.034 -0.805
7.549 11.472 28.330 7.784 12.960 -1.134
7.541 12.728 28.490 7.159 13.154 -0.914
7.500 12.419 28.264 6.894 13.133 -0.861
7.505 12.143 28.157 7.191 12.869 -0.938
7.476 11.965 28.830 6.096 13.072 -1.073
7.528 12.130 27.998 8.464 12.912 -1.038
7.545 12.495 28.691 5.981 13.024 -0.684
7.441 12.255 27.985 7.288 12.938 -1.104
7.524 11.629 28.332 6.029 12.938 -0.789
7.485 12.357 28.710 6.648 12.910 -0.898
7.526 12.604 28.755 6.721 12.945 -0.826
7.588 12.288 28.293 6.437 12.869 -0.994
7.596 12.167 28.997 5.141 12.767 -0.860
7.742 12.217 28.675 6.592 12.783 -0.755
7.538 12.483 28.357 6.818 12.985 -1.092
7.507 12.725 28.241 6.695 13.094 -0.657
7.578 12.383 27.805 7.172 12.977 -1.130
7.404 11.768 28.021 6.719 12.841 -1.248
7.366 12.441 27.732 5.905 12.937 -1.325
7.401 12.369 28.041 6.863 12.990 -1.281
7.441 12.400 28.057 6.295 13.061 -0.896
7.579 11.803 27.695 7.540 12.924 -1.038
7.495 12.489 28.695 7.341 12.973 -0.726
7.443 12.047 27.974 7.444 13.053 -1.110
7.560 12.922 28.203 7.832 13.004 -0.602
7.507 12.246 27.626 8.115 12.896 -1.038
7.437 12.359 27.678 7.934 13.047 -1.067
7.492 12.717 27.641 6.277 13.126 -0.990
7.482 12.155 28.285 7.130 13.072 -0.961
7.555 12.770 28.892 6.554 12.883 -0.846
7.531 12.580 28.112 6.359 13.146 -0.895
7.606 12.346 28.117 7.351 13.134 -0.942
7.547 12.081 28.043 7.000 13.019 -1.016
7.632 12.164 28.051 6.671 12.918 -1.157
7.401 12.369 28.041 6.863 12.990 -1.281
7.625 12.024 28.328 7.851 12.785 -0.931
7.496 12.272 27.996 6.379 12.888 -1.046
7.891 12.078 29.066 6.319 12.655 -0.772
7.487 12.520 27.880 6.922 13.066 -0.872
7.433 12.171 27.585 6.750 13.054 -1.156
7.474 12.508 27.990 7.584 12.846 -1.156
7.501 11.771 28.185 7.567 12.700 -1.137
7.596 12.470 28.415 6.898 12.842 -1.079
7.587 12.594 28.285 6.523 13.016 -0.749
7.584 12.347 28.251 7.164 12.918 -0.726
7.503 12.233 27.623 6.369 13.046 -1.065
7.584 12.607 27.759 6.823 12.966 -0.884
7.480 11.975 27.637 6.684 12.917 -1.300
7.472 12.127 28.072 7.801 12.840 -1.173
7.594 12.264 27.575 7.276 12.995 -1.042
7.516 12.273 28.381 6.259 12.945 -0.870
7.531 12.626 27.547 8.183 12.971 -1.262
7.533 12.452 28.090 6.216 12.876 -0.854
7.550 12.157 27.747 7.259 13.018 -1.091
7.436 12.405 28.303 6.597 12.827 -1.305
7.607 12.198 28.258 8.108 12.895 -0.945
7.476 12.445 28.209 7.937 12.969 -0.625
7.584 12.347 28.251 7.164 12.918 -0.726
7.521 12.254 28.686 6.220 12.734 -0.947
7.466 12.158 28.239 7.096 12.876 -0.884
7.521 12.310 28.348 6.032 12.771 -1.134
7.503 12.196 28.137 7.273 13.061 -1.023
7.517 12.181 28.796 6.192 12.969 -1.101
7.435 11.781 28.087 8.681 13.042 -0.923
7.530 12.322 28.290 6.013 12.940 -0.943
7.561 12.307 28.033 7.004 12.991 -0.967
7.565 12.243 28.352 7.477 12.958 -0.991
7.461 11.993 27.867 6.197 13.030 -1.034
7.521 11.884 27.593 7.911 12.896 -1.090
7.499 12.514 28.768 7.393 12.878 -0.844
7.544 11.798 28.632 7.104 12.904 -1.105
7.452 12.361 28.133 7.492 13.152 -0.754
7.900 11.966 28.655 7.554 12.594 -0.869
7.533 12.065 28.829 6.416 12.826 -0.950
7.532 12.342 28.572 6.897 13.000 -0.781
7.406 12.433 28.624 7.294 13.059 -0.897
7.492 12.717 27.641 6.277 13.126 -0.990
7.404 12.396 28.303 6.631 12.915 -1.005
7.490 11.652 27.868 5.401 12.810 -1.276
7.754 12.555 28.099 6.705 12.859 -0.991
7.621 12.094 28.757 5.931 12.844 -0.768
7.438 12.112 27.957 8.015 13.121 -1.122
7.391 12.161 28.459 7.310 12.747 -0.907
7.521 12.534 28.529 7.147 13.055 -0.857
7.508 12.556 27.756 5.938 13.051 -0.817
7.499 12.480 28.146 6.695 13.091 -0.960
7.454 12.675 27.877 7.057 12.992 -0.930
7.779 12.593 28.528 6.457 12.828 -0.996
7.521 12.254 28.686 6.220 12.734 -0.947
7.610 12.253 28.336 7.041 12.734 -0.913
7.467 12.194 28.075 7.624 12.925 -0.953
7.464 12.421 28.021 7.929 13.087 -0.838
7.397 12.072 28.231 7.255 13.164 -0.910
7.517 12.206 28.609 7.073 12.925 -0.804
7.466 12.158 28.239 7.096 12.876 -0.884
7.534 12.325 27.985 7.354 12.845 -0.940
7.617 12.394 28.542 6.947 12.908 -1.080
7.545 12.600 28.281 6.589 12.970 -1.189
7.991 12.295 28.581 7.475 12.715 -0.817
7.500 12.092 28.807 7.850 13.023 -0.474
7.595 12.230 28.775 6.681 12.852 -0.747
7.554 12.252 28.852 6.345 12.940 -0.774
7.515 12.375 27.575 7.663 13.112 -0.944
7.596 12.167 28.997 5.141 12.767 -0.860
7.406 11.960 27.777 6.474 12.894 -1.158
7.445 12.592 27.534 7.967 13.091 -0.906
7.540 12.634 28.378 7.174 13.035 -1.035
7.498 12.309 27.985 7.356 13.023 -0.908
7.503 12.233 27.623 6.369 13.046 -1.065
7.580 12.642 28.273 6.936 12.919 -1.010
7.565 12.243 28.352 7.477 12.958 -0.991
7.490 12.360 28.411 6.426 12.823 -0.894
7.505 12.456 28.300 6.521 13.105 -0.855
7.487 12.300 28.432 6.481 12.985 -1.128
7.490 11.652 27.868 5.401 12.810 -1.276
7.544 12.123 28.221 6.777 12.964 -0.917
7.570 12.387 28.331 7.742 13.108 -0.697
7.634 12.533 27.943 7.014 12.926 -1.041
7.619 12.288 29.051 5.257 12.844 -0.858
7.613 12.319 27.742 7.811 13.108 -0.869
7.533 12.065 28.829 6.416 12.826 -0.950
7.555 12.057 28.230 5.724 12.851 -0.972
7.434 12.554 28.689 7.064 13.004 -0.970
7.634 12.280 29.059 7.230 12.791 -0.743
7.512 12.799 27.449 7.038 13.053 -0.888
7.498 11.833 27.697 6.607 13.150 -0.864
7.503 12.440 28.168 7.048 13.040 -1.074
7.584 12.010 28.112 7.339 12.765 -1.032
7.449 12.459 27.694 7.493 12.929 -0.949
7.537 12.394 28.668 6.882 12.889 -0.977
7.507 12.725 28.241 6.695 13.094 -0.657
7.564 11.939 28.649 6.062 13.085 -0.707
7.463 12.264 28.477 7.868 12.928 -0.910
7.408 12.639 27.337 7.637 13.128 -1.281
7.510 12.068 27.654 7.075 13.075 -0.915
7.543 12.325 28.475 5.441 12.828 -1.002
7.615 11.954 28.088 7.195 12.977 -0.896
7.583 12.536 27.998 7.296 13.025 -1.147
7.440 12.582 27.665 6.365 13.175 -1.061
7.951 12.065 28.650 7.735 12.857 -0.913
7.393 12.535 27.179 6.604 13.094 -1.019
7.588 11.937 28.064 6.965 12.783 -1.209
7.547 12.029 28.497 6.419 12.975 -0.942
7.463 12.170 27.842 6.088 12.860 -1.025
7.537 12.623 28.007 8.495 12.965 -1.115
7.785 12.350 29.033 6.934 12.587 -0.828
7.466 12.019 28.617 6.650 12.939 -0.907
7.578 12.339 29.428 6.992 12.985 -0.542
7.510 12.658 27.653 7.954 13.000 -1.196
7.520 12.232 27.877 6.510 13.080 -0.945
7.573 11.925 28.221 5.444 12.942 -1.037
7.474 11.758 28.315 5.985 12.861 -1.048
7.571 12.231 27.817 6.518 13.031 -1.081
7.507 12.338 28.235 5.863 13.131 -0.744
7.543 12.357 28.267 7.241 13.082 -1.132
7.607 12.250 28.358 7.136 13.074 -0.782
7.531 12.626 27.547 8.183 12.971 -1.262
7.509 12.403 28.668 6.448 13.136 -0.822
7.523 12.255 28.062 6.296 13.148 -1.037
7.623 12.251 27.861 7.357 12.860 -1.220
7.518 11.713 28.367 6.441 13.127 -0.817
7.620 12.051 27.794 7.135 12.943 -1.103
7.463 12.427 27.774 6.944 12.801 -1.015
7.588 11.965 28.134 7.212 12.861 -1.062
7.497 11.765 28.768 6.550 12.923 -0.837
7.555 11.955 28.040 7.699 12.842 -0.951
7.560 12.467 28.095 7.846 13.284 -0.778
7.500 11.997 27.990 7.124 12.908 -0.896
7.568 12.619 27.426 7.820 13.109 -1.012
7.469 12.697 27.622 6.909 13.075 -1.121
7.538 12.093 28.100 6.667 13.222 -0.828
7.551 12.090 28.069 7.313 12.994 -0.848
7.510 12.372 27.381 7.344 13.320 -1.036
7.535 12.020 28.731 6.722 12.811 -0.875
7.523 12.125 27.855 7.244 12.840 -0.991
7.509 11.852 27.973 6.945 12.998 -0.957
7.519 11.848 28.387 7.719 12.800 -1.050
7.480 11.975 27.637 6.684 12.917 -1.300
7.467 12.247 27.800 5.870 13.128 -1.226
7.544 12.110 28.215 6.868 13.028 -1.035
7.383 12.525 27.712 7.015 13.065 -0.733
7.446 12.406 27.855 7.452 12.905 -1.137
7.886 12.202 28.668 7.674 12.711 -0.821
7.540 12.274 28.339 6.960 13.174 -0.701
7.472 12.357 27.856 7.051 13.145 -0.922
7.525 12.458 28.124 7.406 13.067 -0.902
7.545 12.247 28.723 6.942 12.885 -0.891
7.576 12.224 28.172 7.474 12.919 -0.894
7.634 12.280 29.059 7.230 12.791 -0.743
7.476 12.054 28.371 6.034 12.788 -1.053
7.551 12.254 28.089 6.849 12.998 -0.781
7.759 12.158 28.430 6.633 12.712 -1.127
7.168 12.316 27.140 6.473 13.018 -1.194
7.573 12.019 28.087 6.816 13.049 -0.995
7.498 12.372 28.539 6.135 12.833 -0.991
7.523 12.255 28.062 6.296 13.148 -1.037
7.401 11.926 27.952 6.929 12.955 -1.083
7.499 11.872 27.667 6.038 12.973 -1.060
7.542 12.028 28.448 7.420 12.695 -0.921
7.545 11.925 27.390 7.588 12.866 -1.277
7.463 12.119 28.151 6.817 12.914 -0.960
7.536 12.408 28.391 7.034 12.989 -0.955
7.617 12.394 28.542 6.947 12.908 -1.080
7.483 11.890 27.444 7.361 12.973 -1.146
7.484 12.081 28.407 6.944 13.174 -0.708
7.542 12.081 28.216 7.265 12.969 -0.842
7.593 11.934 28.776 6.057 12.815 -1.105
7.508 12.688 28.603 6.028 13.165 -0.636
7.541 12.269 28.130 6.437 13.006 -1.127
7.553 12.394 28.443 7.228 12.989 -0.947
7.518 12.179 27.895 6.562 12.987 -1.050
7.803 12.224 28.667 8.047 12.817 -0.979
7.486 12.516 28.257 7.684 13.139 -0.770
7.495 12.503 27.987 6.658 12.844 -1.183
7.502 12.677 27.987 6.991 13.027 -0.991
7.437 12.359 27.678 7.934 13.047 -1.067
7.499 12.276 28.914 6.249 12.868 -0.942
7.385 12.591 27.554 7.552 13.025 -1.141
7.408 12.156 28.282 6.547 13.161 -0.925
7.513 12.217 27.850 6.768 13.153 -0.771
7.473 12.074 28.196 6.654 13.136 -0.804
7.551 12.151 28.537 6.639 12.983 -0.803
7.508 12.688 28.603 6.028 13.165 -0.636
7.487 12.166 28.150 7.235 12.860 -1.160
7.476 11.965 28.830 6.096 13.072 -1.073
7.572 11.888 28.260 6.159 13.031 -0.893
7.819 11.839 28.628 7.539 12.705 -1.112
7.383 12.525 27.712 7.015 13.065 -0.733
7.530 12.322 28.290 6.013 12.940 -0.943
7.507 12.458 27.806 5.670 13.107 -0.866
7.366 12.441 27.732 5.905 12.937 -1.325
7.525 12.458 28.124 7.406 13.067 -0.902
7.570 12.387 28.331 7.742 13.108 -0.697
7.902 11.840 29.256 6.672 12.919 -0.635
7.510 12.290 28.421 6.905 13.201 -0.739
7.900 11.966 28.655 7.554 12.594 -0.869
7.585 11.932 28.335 7.494 12.885 -0.948
7.535 12.814 28.199 6.788 13.057 -0.928
7.536 12.408 28.391 7.034 12.989 -0.955
7.521 12.254 28.686 6.220 12.734 -0.947
7.467 12.799 27.947 6.613 13.022 -1.007
7.632 12.164 28.051 6.671 12.918 -1.157
7.509 12.469 28.424 5.995 12.677 -1.075
7.521 12.534 28.529 7.147 13.055 -0.857
7.176 12.303 27.331 7.055 12.833 -1.406
7.452 12.531 27.562 7.200 13.028 -1.207
7.521 11.884 27.593 7.911 12.896 -1.090
7.415 12.499 27.231 7.230 13.198 -0.912
7.167 12.535 27.593 5.008 12.973 -1.263
7.496 11.882 28.450 7.408 12.771 -1.116
7.587 12.512 27.922 7.513 13.135 -1.188
7.590 12.523 28.153 8.136 13.019 -0.928
7.487 12.166 28.150 7.235 12.860 -1.160
7.873 12.346 28.921 5.726 12.962 -0.676
7.455 12.029 27.798 6.651 13.011 -0.920
7.616 12.456 28.724 6.564 12.814 -1.104
7.451 12.524 27.336 7.424 13.196 -1.086
7.475 12.502 27.684 7.688 12.944 -1.136
7.458 11.788 28.072 6.860 13.083 -0.985
7.546 12.769 28.127 6.404 13.130 -0.977
7.598 12.339 27.838 7.371 12.992 -0.931
7.499 12.514 28.768 7.393 12.878 -0.844
7.414 12.211 27.815 7.510 12.945 -1.154
7.550 12.116 28.699 5.754 12.715 -1.116
7.510 12.658 27.653 7.954 13.000 -1.196
7.502 12.677 27.987 6.991 13.027 -0.991
7.493 11.904 28.413 6.891 12.965 -0.898
7.392 12.268 27.661 7.058 13.056 -0.802
7.436 12.186 27.723 6.613 13.107 -1.073
7.605 12.187 28.490 7.208 12.986 -0.943
7.428 12.724 28.547 5.522 13.140 -0.746
7.531 12.315 28.639 6.940 13.051 -0.598
7.411 12.696 28.343 7.904 13.093 -0.585
7.544 12.301 27.944 6.759 13.040 -0.785
7.537 11.713 28.361 6.113 12.655 -0.968
8.064 12.524 28.884 5.495 12.877 -0.601
7.473 11.408 28.015 7.047 12.861 -1.304
7.471 12.565 28.739 7.065 12.951 -0.747
7.475 12.502 27.684 7.688 12.944 -1.136
7.538 12.137 27.883 7.512 13.045 -1.111
7.626 11.958 28.466 5.776 12.739 -1.149
7.487 12.166 28.150 7.235 12.860 -1.160
7.540 12.634 28.378 7.174 13.035 -1.035
7.447 11.878 28.618 6.259 12.789 -1.157
7.599 12.063 27.976 7.336 12.924 -1.063
7.547 12.081 28.043 7.000 13.019 -1.016
7.176 11.847 27.629 5.899 12.857 -1.228
7.516 11.671 28.663 7.373 12.883 -0.847
7.427 12.558 27.979 6.337 13.073 -0.917
7.507 12.191 27.825 6.716 13.047 -0.900
7.539 12.134 28.128 7.487 12.923 -0.799
7.507 12.283 27.881 8.057 13.201 -0.935
7.485 12.139 28.188 7.079 13.094 -1.071
7.508 12.921 27.544 5.878 13.087 -0.937
7.641 12.441 28.643 6.951 12.915 -0.832
7.547 12.055 28.234 6.101 12.943 -1.104
7.469 12.075 28.001 7.060 12.829 -1.329
7.495 12.503 27.987 6.658 12.844 -1.183
7.503 12.440 28.168 7.048 13.040 -1.074
7.523 12.125 27.855 7.244 12.840 -0.991
7.532 12.290 27.802 7.457 13.002 -1.234
7.411 12.696 28.343 7.904 13.093 -0.585
7.526 12.724 28.267 6.847 12.918 -0.811
7.537 11.713 28.361 6.113 12.655 -0.968
7.480 12.562 28.015 6.791 13.012 -1.028
7.521 12.254 28.686 6.220 12.734 -0.947
7.492 12.505 27.995 6.682 12.905 -1.023
7.550 12.432 28.161 6.545 13.154 -0.659
7.176 11.847 27.629 5.899 12.857 -1.228
7.479 12.553 28.425 7.849 13.124 -0.761
7.499 12.514 28.768 7.393 12.878 -0.844
7.492 12.443 28.278 7.493 12.777 -1.170
7.437 12.477 28.074 6.350 12.834 -1.219
7.513 12.467 28.120 6.629 13.135 -1.054
7.872 12.174 28.601 6.726 12.743 -0.932
7.403 12.043 27.670 7.177 13.214 -1.103
7.390 12.238 28.800 5.837 13.125 -0.719
7.432 12.424 28.439 6.837 13.013 -0.830
7.497 12.323 27.892 7.685 13.081 -0.997
7.553 12.394 28.443 7.228 12.989 -0.947
7.495 12.282 28.567 6.646 12.916 -0.811
7.599 12.388 27.867 7.229 12.840 -0.995
7.421 12.388 28.551 6.745 12.715 -0.965
7.504 12.306 28.176 7.009 13.005 -0.891
7.502 12.677 27.987 6.991 13.027 -0.991
7.553 12.309 28.171 7.050 13.028 -0.958
7.506 12.298 27.523 7.404 12.871 -1.185
7.591 12.056 28.717 6.370 12.838 -0.840
7.551 12.151 28.537 6.639 12.983 -0.803
7.441 11.777 28.106 7.221 12.810 -1.171
7.613 12.145 28.663 6.243 12.998 -0.845
7.630 12.434 28.158 7.286 13.088 -0.693
7.506 12.700 27.817 7.476 13.093 -0.916
7.472 12.104 27.320 7.602 12.902 -1.160
7.488 12.022 28.325 6.108 13.055 -0.758
7.951 12.065 28.650 7.735 12.857 -0.913
7.560 12.579 28.691 6.475 12.921 -0.820
7.510 12.658 27.653 7.954 13.000 -1.196
7.872 12.022 28.242 7.504 12.864 -0.823
7.518 12.179 27.895 6.562 12.987 -1.050
7.464 12.664 28.286 6.317 12.920 -0.737
7.521 12.254 28.686 6.220 12.734 -0.947
7.427 12.477 27.679 7.644 12.974 -1.083
7.545 12.243 28.431 6.621 12.827 -1.083
7.509 12.255 27.062 7.299 13.254 -0.874
7.490 12.360 28.411 6.426 12.823 -0.894
7.504 12.042 28.235 8.257 13.043 -0.917
7.606 12.346 28.117 7.351 13.134 -0.942
7.564 12.290 28.569 7.626 12.971 -0.767
7.443 12.568 27.752 6.092 13.056 -1.171
7.506 12.700 27.817 7.476 13.093 -0.916
7.456 12.703 28.633 6.549 13.315 -0.659
7.466 11.442 28.400 6.435 12.721 -1.173
7.438 12.451 27.823 6.719 13.025 -0.894
7.498 11.833 27.697 6.607 13.150 -0.864
7.397 12.072 28.231 7.255 13.164 -0.910
7.402 12.465 27.942 6.319 12.907 -1.114
7.582 12.062 28.255 6.819 13.039 -0.915
7.520 12.215 28.047 7.050 12.919 -1.106
7.548 12.188 28.401 6.820 12.973 -0.779
7.513 12.214 27.657 6.097 13.059 -1.096
7.500 12.092 28.807 7.850 13.023 -0.474
7.580 12.259 27.751 6.213 12.954 -1.099
7.503 12.196 28.137 7.273 13.061 -1.023
7.457 11.981 27.894 6.503 12.921 -0.842
7.480 12.410 28.480 6.845 12.867 -0.991
7.488 12.022 28.325 6.108 13.055 -0.758
7.799 12.237 28.506 6.594 12.752 -1.086
7.427 12.558 27.979 6.337 13.073 -0.917
7.509 12.377 27.658 8.129 12.919 -1.315
7.506 12.514 27.769 6.775 12.888 -1.298
7.453 12.359 27.657 6.995 12.942 -0.938
7.522 11.861 28.236 7.765 12.933 -0.797
7.513 11.965 28.143 6.546 12.674 -1.068
7.521 11.884 27.593 7.911 12.896 -1.090
7.580 12.573 28.509 6.985 12.985 -0.913
7.572 12.391 28.293 6.702 13.045 -1.060
7.886 12.202 28.668 7.674 12.711 -0.821
7.563 12.828 28.520 6.733 13.033 -0.926
7.596 12.167 28.997 5.141 12.767 -0.860
7.972 12.106 28.698 6.859 12.929 -0.788
7.496 12.590 27.782 7.581 13.254 -0.708
7.507 12.458 27.806 5.670 13.107 -0.866
