7.925789 101.710343
7.636986 99.960638
7.480751 96.374102
7.410530 95.943229
7.584114 99.180620
7.439575 98.017882
7.465874 97.331839
7.541084 99.043158
7.499428 98.005889
7.444725 97.461485
7.527832 97.528260
7.741631 98.962931
7.166954 92.975629
7.453171 97.939692
7.528358 98.981496
7.479286 97.876063
7.510094 97.469004
7.596497 96.699436
7.535591 97.394848
7.586105 98.688444
7.531219 95.987645
7.491898 98.339632
7.498444 97.035428
7.183777 94.406851
7.871590 101.262182
7.470703 96.790281
7.517715 97.949823
7.463997 96.432400
7.633575 98.668758
7.487801 97.749522
7.344543 96.296708
7.647835 96.917173
7.411217 95.396366
7.582970 96.810464
7.438133 97.451613
7.562233 97.766165
7.436256 95.388445
7.553764 98.048854
7.626320 98.069816
7.480362 96.694736
7.549324 97.629241
7.504234 97.880829
7.537148 98.164903
7.598465 98.716686
7.465897 94.971916
7.563858 98.965745
7.479424 98.156776
7.559532 100.424380
7.541245 98.083840
7.403870 95.074290
7.406364 96.718910
7.478966 100.306374
7.435799 94.621658
7.630898 98.305741
7.550400 99.314845
7.445869 96.089692
7.554588 97.082305
7.396797 95.138892
7.457909 96.243968
7.539528 95.010825
7.630898 98.305741
7.991386 101.612930
7.532639 98.537054
7.563858 98.965745
7.632660 97.571940
7.798691 99.452438
7.472191 96.291904
7.606407 99.899675
7.542778 98.673248
7.520027 98.365235
7.621330 99.743297
7.481941 98.226830
7.558182 98.219420
7.563560 97.515126
7.426094 95.381442
7.439507 97.242274
7.510300 97.630898
7.811165 101.591500
7.594849 98.597619
7.412407 94.996817
7.436256 95.388445
7.491898 98.339632
7.487206 96.510398
7.553352 98.110403
7.518219 97.636544
7.438133 97.451613
7.532845 96.576807
7.508972 97.601030
7.576561 98.277398
7.532204 97.936432
7.467361 98.032577
7.432388 95.966885
7.442986 97.153914
7.809929 98.455395
7.482857 96.904353
7.489883 97.505587
7.559944 97.422304
7.741631 98.962931
7.408241 97.257992
7.467270 97.235363
7.482719 97.375808
7.463036 95.537978
7.476357 97.729454
7.584869 97.552992
7.525841 97.965401
7.532272 96.086132
7.801575 99.825276
7.478943 97.315971
7.540443 97.106717
7.432137 96.097832
7.778595 99.783084
7.485374 96.829394
7.446648 97.846980
7.475327 98.189729
7.583885 99.939096
7.621445 97.892416
7.801460 101.351447
7.439575 98.017882
7.584457 98.342575
7.402565 97.817272
7.517052 96.467302
7.539780 97.078387
7.498810 96.572308
7.467247 96.513764
7.482857 96.904353
7.544746 97.855276
7.498077 96.670250
7.426300 97.207361
7.542366 98.360127
7.569077 97.524145
7.544312 98.376929
7.527946 97.115654
7.421539 96.704339
7.344543 96.296708
7.507095 98.572635
7.427834 96.573854
7.608742 98.068429
7.413780 97.600485
7.551659 97.576859
7.518631 97.694499
7.499908 97.473955
7.469124 97.646527
7.469124 97.646527
7.563698 98.106005
7.472809 98.161994
7.588943 98.575057
7.498215 97.648786
7.539665 99.328094
7.500755 97.626521
7.485695 97.089407
7.534195 97.923518
7.551865 97.087639
7.530235 98.468027
7.563698 98.106005
7.452805 96.457760
7.467361 98.032577
7.417511 93.587521
7.511192 96.960378
7.588257 97.590744
7.377365 96.818641
7.625999 97.788764
7.508423 98.265379
7.483887 98.594230
7.524513 98.319560
7.444725 97.461485
7.578300 98.404336
7.479286 97.876063
7.509842 96.434593
7.586563 99.649069
7.528702 96.686187
7.476379 96.959194
7.471893 95.925660
7.546303 98.567734
7.478050 96.605228
7.463425 96.488311
7.509041 98.639025
7.531288 96.583987
7.397278 97.377691
7.381119 95.204801
7.505173 96.542873
7.382561 96.456546
7.470589 98.105862
7.499908 97.473955
7.551018 98.151577
7.209778 95.281555
7.621033 96.618113
7.415016 96.008269
7.491508 97.466541
7.588165 97.000133
7.398972 96.947781
7.411217 97.032974
7.555618 98.073684
7.527969 99.334553
7.487938 95.710082
7.414398 96.335512
7.521355 95.773994
7.481255 96.289888
7.437675 96.873075
7.548546 97.830085
7.437584 97.299284
7.598831 98.209889
7.528358 98.981496
7.449738 96.359733
7.447815 96.464172
7.396797 95.138892
7.558250 99.402757
7.479424 98.156776
7.546303 98.567734
7.497871 96.216702
7.547081 98.257658
7.519844 97.146907
7.563332 96.908106
7.535179 97.457964
7.499908 97.473955
7.522499 96.425046
7.588829 98.992801
7.531425 98.094366
7.949226 101.383524
7.442986 97.153914
7.496132 98.307518
7.535271 96.523286
7.526894 96.675067
7.465874 97.331839
7.472717 96.106558
7.443420 95.913192
7.517830 98.686959
7.563858 98.965745
7.456100 97.612264
7.426048 96.597900
7.439095 97.305136
7.437469 96.708143
7.540031 96.549495
7.479584 95.386050
7.523392 98.438202
7.532272 96.086132
7.925789 101.710343
7.145348 93.349342
7.426666 97.496111
7.541954 96.790711
7.925789 101.710343
7.598465 98.716686
7.465393 95.830477
7.200623 92.409648
7.546967 97.923320
7.452095 96.599994
7.525841 97.965401
7.435844 96.078565
7.445755 96.209624
7.419342 95.857838
7.552254 98.099441
7.432983 94.807398
7.453995 97.867874
7.518631 97.694499
7.459053 94.883868
7.459053 94.883868
7.539322 97.429964
7.451477 97.815040
7.499565 96.801351
7.387436 95.742330
7.403870 95.074290
8.041832 102.495636
7.593544 99.273628
7.459030 97.143726
7.436760 97.027220
7.524513 98.319560
7.507095 98.572635
7.450699 95.296429
7.531448 96.781296
7.417511 93.587521
7.520622 98.179888
7.497780 98.323133
7.465393 95.830477
7.461205 97.450495
7.535683 97.883962
7.474091 96.904481
7.422867 97.662796
7.493820 96.705650
7.527763 97.199295
7.523071 96.321367
7.615379 99.405480
7.494438 97.531524
7.440376 97.617394
7.517120 98.083615
7.496132 98.307518
7.541245 98.083840
7.513824 95.364443
7.535683 97.883962
7.546303 98.567734
7.606796 99.453289
7.444473 96.218510
7.573288 96.595440
7.385948 96.259133
7.856827 102.679040
7.467270 97.235363
7.640144 97.830153
7.613869 100.146401
7.458916 95.381749
7.525200 97.021389
7.520599 96.981998
7.448593 96.094411
7.565048 99.050315
7.538818 99.802608
7.480362 96.694736
7.605469 98.762053
7.524925 97.131151
7.575943 97.874088
7.630898 98.305741
7.526001 97.217401
7.583931 96.808291
7.462715 95.779269
7.531357 99.005293
7.546303 98.567734
7.475166 96.758337
7.377365 96.818641
7.398972 96.947781
7.618286 98.490227
7.632843 99.185000
7.499382 98.173838
7.598465 98.716686
7.629822 99.861720
7.448822 95.984172
7.533371 96.996958
7.472191 96.291904
7.535591 97.394848
7.433945 96.712254
7.490982 96.409517
7.600433 98.253538
7.497208 96.519570
7.443420 95.913192
7.414696 97.862601
7.591003 97.451463
7.510139 99.138579
7.626320 98.069816
7.519020 95.561258
7.442894 97.176452
7.523254 96.598019
7.471161 96.757140
7.413345 95.829346
7.778595 99.783084
8.030800 104.169297
7.462715 95.779269
7.480751 96.374102
7.541725 97.842570
7.549576 96.923073
7.432983 94.807398
7.902580 101.128524
7.598465 98.716686
7.549324 97.629241
7.453880 98.152381
7.496132 98.307518
7.459053 94.883868
7.525635 97.686269
7.554497 97.140153
7.508583 99.522318
7.728218 100.594706
7.527763 98.577102
7.499313 97.021239
7.614464 98.359586
7.528221 98.048404
7.516022 97.980342
7.602562 96.996199
7.553993 98.487170
7.584091 97.972491
7.482399 94.643960
7.595284 97.524672
7.616936 98.323115
7.596291 98.750234
7.495056 96.802492
7.553627 97.745728
7.533051 96.617123
7.531448 96.781296
7.602562 96.996199
7.605469 98.762053
7.555161 98.915568
7.544746 97.855276
7.513504 97.992778
7.403595 95.619688
7.498833 96.494224
7.245483 94.108648
7.440010 97.007620
7.633690 97.645155
7.544746 97.855276
7.560654 98.221727
7.491920 98.076894
7.532661 97.416462
7.385948 96.259133
7.544952 96.781041
7.602562 96.996199
7.468483 95.144405
7.549576 96.923073
7.509613 100.028959
7.531448 96.781296
7.450630 98.315054
7.597916 99.168927
7.613754 98.853633
7.415108 96.955061
7.473862 97.207642
7.471756 97.150559
7.563560 97.515126
7.625061 99.386789
7.441475 96.279307
7.560654 98.221727
7.617783 98.296481
7.900269 99.498489
7.510551 97.529245
7.972252 103.076055
7.452553 97.077803
7.520599 96.981998
7.517120 98.083615
7.507416 96.814817
7.599152 97.800545
7.499313 97.021239
7.531174 98.292983
7.403870 95.074290
7.416412 95.877488
7.537720 98.332446
7.410461 94.851207
7.523254 96.598019
7.483841 97.703957
7.925789 101.710343
7.642754 99.843064
7.650146 98.881275
7.581963 99.417359
7.451477 97.815040
7.461205 97.450495
7.166336 92.910396
7.495285 96.268855
7.576263 98.182455
7.527969 99.334553
7.464798 95.607206
7.546303 98.567734
7.410530 95.943229
7.598076 97.533784
7.544746 97.855276
7.541084 99.043158
7.400848 95.880217
8.094566 103.815459
7.633095 99.810565
7.528702 96.686187
7.559441 98.006164
7.506821 98.534944
7.606224 97.536444
7.610733 98.179856
7.839455 101.842341
7.551659 97.576859
7.559944 97.422304
7.480339 96.354551
7.631699 98.909070
7.592926 97.303359
7.462852 95.975345
7.436256 95.388445
7.842636 100.327751
7.516022 97.980342
7.537148 97.995245
7.871590 101.262182
7.413803 98.651185
7.512726 96.378721
7.531288 96.583987
7.505173 96.542873
7.471756 97.150559
7.444725 97.461485
7.549324 97.629241
7.492287 97.636058
7.200623 92.409648
7.499290 97.287228
7.531448 96.781296
7.572853 98.821176
7.516228 96.786886
7.586655 98.177855
7.464798 95.607206
7.552254 98.099441
7.515884 96.826411
7.766647 99.997785
7.482399 94.643960
7.445755 96.209624
7.535225 98.385918
7.457176 96.529948
7.600433 98.253538
7.479790 96.619294
7.523392 96.731684
7.429298 97.938709
7.540466 97.433737
7.625656 99.676889
7.496590 98.061771
7.410988 96.053689
7.444016 96.881443
7.531425 98.094366
7.439552 96.640942
7.568871 97.594469
7.121613 92.048862
7.440994 97.695808
7.453995 97.867874
7.588943 98.575057
7.556030 97.610913
7.563560 97.515126
7.526161 98.705785
7.538338 97.545752
7.619614 98.622055
7.167572 93.309385
7.476357 97.729454
7.539665 99.328094
7.457336 96.416623
7.414078 95.977506
7.541084 99.043158
7.487801 97.749522
7.506821 98.534944
7.594643 98.831685
7.600021 100.008199
7.537193 98.493186
7.498077 96.670250
7.478165 96.343387
7.600021 100.008199
7.493889 95.470731
7.492035 95.728651
7.531975 97.913388
7.498077 96.670250
7.542343 97.084998
7.467339 97.218417
7.497025 96.882580
7.453995 97.867874
7.509041 98.639025
7.866829 99.371550
7.648590 97.969601
7.493889 95.470731
7.640144 97.830153
7.504601 98.545840
7.642754 99.843064
7.586105 98.688444
7.472008 97.457090
7.520622 98.179888
7.568871 97.594469
7.570381 98.633998
7.512680 96.595155
7.617783 98.296481
7.522842 98.908997
7.521355 95.773994
7.480339 96.354551
7.418037 94.705186
7.419685 95.745490
7.518219 97.636544
7.620781 97.725991
7.529823 96.841052
7.385948 96.259133
7.540443 97.106717
7.576263 98.182455
7.456650 96.350280
7.972252 103.076055
7.522408 97.773282
7.221588 94.271133
7.443214 95.320462
7.513550 98.276205
7.512589 98.815616
7.560081 98.309799
7.537148 98.164903
7.449417 96.316704
7.420876 94.359208
7.536896 97.538159
7.473335 98.527492
7.551247 98.424114
7.598671 97.565322
7.571457 99.821138
7.567543 99.203926
7.480339 96.354551
7.618286 98.490227
7.513298 100.220479
7.632843 99.185000
7.471207 94.539984
7.590340 98.822070
7.595787 97.544870
7.562920 97.991961
7.499886 97.668675
7.437996 97.122743
7.524124 96.562336
7.490982 96.409517
7.547882 98.412523
7.476357 97.729454
7.475830 96.301071
7.508514 95.185420
7.823204 101.425401
7.482857 96.904353
7.561798 97.371324
7.478165 96.343387
7.543488 96.770140
7.435844 96.078565
7.541084 99.043158
7.492126 96.687030
7.461044 97.217358
7.531471 97.689125
7.559944 97.422304
7.549301 98.229340
7.537102 97.905064
7.537743 98.516164
7.582352 98.049897
7.625999 97.788764
7.606407 99.899675
7.176361 92.263710
7.552254 98.099441
7.598671 97.565322
7.447952 97.502336
7.549644 97.426837
7.509476 97.011378
7.571068 97.790952
7.574890 98.339404
7.540512 98.579730
7.524513 98.319560
7.534195 97.923518
7.507187 99.019180
7.622704 98.028078
7.949226 101.383524
7.490982 96.409517
7.469124 97.646527
7.528702 96.686187
7.811165 101.591500
7.500595 97.295529
7.492081 97.834206
7.492470 100.444416
7.551247 98.424114
7.548546 97.830085
7.541016 99.193104
7.500046 98.495956
7.505402 96.590325
7.476357 97.729454
7.527763 97.199295
7.544586 98.262647
7.441475 96.279307
7.524216 97.346366
7.484734 96.626909
7.526436 97.431990
7.588028 97.646815
7.595718 96.972372
7.741631 98.962931
7.538246 97.882652
7.506798 98.291174
7.578323 98.347639
7.403870 95.074290
7.365692 95.286508
7.400574 96.136767
7.440926 97.188497
7.578712 97.950330
7.494827 97.229354
7.442986 97.153914
7.560081 98.309799
7.507416 96.814817
7.436760 97.027220
7.491898 98.339632
7.481827 97.803971
7.554588 97.322897
7.531357 99.005293
7.606407 99.899675
7.547081 98.257658
7.631973 98.589505
7.400574 96.136767
7.625267 97.488984
7.495651 96.604639
7.890656 99.857880
7.487297 97.828628
7.432961 97.029562
7.473610 96.007599
7.501350 95.269819
7.595787 97.544870
7.587410 98.756646
7.584091 97.972491
7.503044 97.883846
7.584457 98.342575
7.479790 96.619294
7.471985 95.942756
7.593521 98.675542
7.515953 97.290939
7.531471 97.689125
7.533371 96.996958
7.550446 98.290634
7.436256 95.388445
7.607460 98.097832
7.476379 96.959194
7.584091 97.972491
7.521355 95.773994
7.466080 96.130153
7.521355 96.058739
7.502747 97.992410
7.517464 97.490437
7.435455 96.969625
7.529846 97.437235
7.560654 98.221727
7.565231 98.027722
7.461044 97.217358
7.520599 96.981998
7.498810 96.572308
7.543991 97.350686
7.451591 98.003138
7.900269 99.498489
7.533051 96.617123
7.531975 97.913388
7.406364 96.718910
7.491898 98.339632
7.403595 95.619688
7.490135 95.944900
7.753967 99.710276
7.621445 97.892416
7.438065 97.592845
7.390594 94.209078
7.520622 98.179888
7.508217 97.990467
7.499382 98.173838
7.454109 96.841755
7.778595 99.783084
7.521355 95.773994
7.609818 96.904378
7.467247 96.513764
7.463860 97.677659
7.397278 97.377691
7.517303 97.157741
7.466080 96.130153
7.534401 96.778942
7.616936 98.323115
7.544746 97.855276
7.991386 101.612930
7.499886 97.668675
7.595398 97.617634
7.553627 97.745728
7.514946 98.535987
7.595718 96.972372
7.405586 95.490580
7.444725 97.461485
7.540398 98.288817
7.498215 97.648786
7.503044 97.883846
7.579994 97.924713
7.565231 98.027722
7.490341 96.047672
7.505058 98.352419
7.487160 97.221522
7.490135 95.944900
7.543533 97.795327
7.570335 99.235042
7.633575 98.668758
7.618950 97.857392
7.612564 99.787171
7.533051 96.617123
7.554588 97.082305
7.434448 96.679437
7.633690 97.645155
7.512039 98.054216
7.498215 98.602990
7.503044 97.841351
7.583931 96.808291
7.449417 96.316704
7.536598 97.142201
7.506798 98.291174
7.564133 98.973682
7.463425 96.488311
7.408241 97.257992
7.509682 98.187392
7.543488 96.770140
7.615082 98.819970
7.582947 98.765216
7.439575 98.017882
7.950737 102.219251
7.392998 96.805473
7.588165 97.000133
7.546967 97.923320
7.462852 95.975345
7.537376 97.725325
7.785347 97.996054
7.466492 96.611126
7.578300 98.404336
7.510300 97.630898
7.520027 98.365235
7.573402 98.012319
7.473518 96.115885
7.570885 98.659105
7.507095 98.572635
7.542778 98.673248
7.606796 99.453289
7.531471 97.689125
7.509041 98.639025
7.522842 98.908997
7.622704 98.028078
7.517830 98.686959
7.619614 98.622055
7.463036 95.537978
7.588257 97.590744
7.497025 96.882580
7.555229 97.022526
7.559532 100.424380
7.499565 96.801351
7.567543 99.203926
7.468597 97.653452
7.538155 99.671451
7.551453 98.119904
7.509613 100.028959
7.535500 96.539469
7.523254 96.598019
7.508972 97.601030
7.519066 96.245282
7.479790 96.619294
7.467361 98.032577
7.543877 98.282259
7.382561 96.456546
7.445869 96.089692
7.885620 100.231803
7.539665 99.328094
7.472122 98.223619
7.524513 98.319560
7.544952 97.214372
7.575943 97.874088
7.633690 97.645155
7.475533 95.596299
7.551018 98.151577
7.758774 98.627606
7.167572 93.309385
7.572853 98.821176
7.497871 96.216702
7.522842 98.908997
7.400848 95.880217
7.499290 97.287228
7.541519 95.739957
7.545479 97.083660
7.462646 96.371659
7.535683 97.883962
7.616936 98.323115
7.482742 97.076438
7.483887 98.594230
7.541679 97.806436
7.592926 97.303359
7.508331 98.848019
7.541245 98.083840
7.553352 98.110403
7.518219 97.636544
7.802948 100.012067
7.486244 98.363228
7.495285 96.268855
7.501991 97.727732
7.436760 97.027220
7.498833 96.494224
7.385422 96.192908
7.408195 97.498735
7.512589 98.815616
7.472809 98.161994
7.550995 98.031229
7.508331 98.848019
7.487000 96.284996
7.476357 97.729454
7.571663 98.662969
7.818741 99.338934
7.382561 96.456546
7.529846 97.437235
7.507278 98.399682
7.365692 95.286508
7.524513 98.319560
7.570335 99.235042
7.901825 102.080645
7.510139 99.138579
7.900269 99.498489
7.585075 97.731805
7.535225 98.385918
7.535683 97.883962
7.521355 95.773994
7.467270 97.235363
7.631973 98.589505
7.508514 95.185420
7.520622 98.179888
7.176498 92.097458
7.452209 97.090058
7.520599 96.981998
7.414696 97.862601
7.166954 92.975629
7.496361 95.732787
7.586563 99.649069
7.590340 98.822070
7.487000 96.284996
7.873077 102.051467
7.455391 97.001195
7.615952 97.593006
7.450630 98.315054
7.475166 96.758337
7.457863 97.572953
7.545753 99.073673
7.598465 98.716686
7.498810 96.572308
7.414078 95.977506
7.550217 95.998429
7.510300 97.630898
7.501991 97.727732
7.493156 97.147351
7.391991 96.511976
7.435524 97.457491
7.605469 98.762053
7.427902 97.600331
7.531174 98.292983
7.411217 97.032974
7.544312 98.376929
7.536644 95.379834
8.063690 103.837670
7.472717 96.106558
7.471161 96.757140
7.475166 96.758337
7.537720 98.332446
7.625999 97.144838
7.487000 96.284996
7.540398 98.288817
7.446716 95.237175
7.598831 98.209889
7.547081 98.257658
7.176361 92.263710
7.515884 96.826411
7.426552 97.088001
7.506889 97.939914
7.539322 97.429964
7.506660 99.095573
7.485420 98.013171
7.508423 98.265379
7.641037 98.680297
7.546715 97.678183
7.469147 95.818520
7.495285 96.268855
7.503044 97.841351
7.523254 96.598019
7.532204 97.936432
7.411217 97.032974
7.526001 97.217401
7.536644 95.379834
7.480270 97.335920
7.521355 95.773994
7.492126 96.687030
7.550400 99.314845
7.176361 92.263710
7.479424 98.156776
7.498810 96.572308
7.492035 95.728651
7.437355 95.448599
7.513206 98.689196
7.872093 100.311164
7.402565 97.817272
7.389793 96.989816
7.432411 96.715420
7.496590 98.061771
7.553352 98.110403
7.495056 96.802492
7.598671 97.565322
7.420876 94.359208
7.503868 97.587680
7.501991 97.727732
7.552666 98.395831
7.505928 96.611992
7.591003 97.451463
7.550995 98.031229
7.441177 95.322642
7.612793 98.950452
7.629822 99.861720
7.506386 98.280522
7.472374 96.408358
7.487801 97.749522
7.950737 102.219251
7.560333 97.683616
7.510300 97.630898
7.871590 101.262182
7.518219 97.636544
7.463997 96.432400
7.521355 95.773994
7.427261 96.359392
7.544952 96.781041
7.508583 99.522318
7.490341 96.047672
7.504234 97.880829
7.606407 99.899675
7.563698 98.106005
7.442894 97.176452
7.506386 98.280522
7.456078 99.277570
7.465897 94.971916
7.437675 96.873075
7.498215 98.602990
7.397278 97.377691
7.401810 95.534299
7.581505 98.854381
7.519844 97.146907
7.547882 97.916132
7.513161 98.113404
7.499886 97.668675
7.580177 98.192493
7.502747 97.992410
7.456650 96.350280
7.480179 96.250843
7.487801 97.749522
7.798691 99.452438
7.426552 97.088001
7.509476 97.011378
7.506180 96.740727
7.452805 96.457760
7.522362 97.284895
7.513161 95.220935
7.520599 96.981998
7.579536 98.418194
7.572121 98.776891
7.885620 100.231803
7.563286 98.570313
7.595718 96.972372
7.972252 103.076055
7.495857 99.349982
7.507278 98.399682
