2.000000 181.742605 185.945733 177.539477
2.100000 182.356039 186.481231 178.230846
2.200000 182.959735 187.009432 178.910038
2.300000 183.553695 187.530355 179.577035
2.400000 184.137918 188.044016 180.231820
2.500000 184.712404 188.550432 180.874376
2.600000 185.277153 189.049617 181.504690
2.700000 185.832166 189.541584 182.122748
2.800000 186.377442 190.026343 182.728540
2.900000 186.912980 190.503904 183.322056
3.000000 187.438782 190.974273 183.903292
3.100000 187.954847 191.437452 184.472243
3.200000 188.461176 191.893442 185.028909
3.300000 188.957767 192.342241 185.573293
3.400000 189.444622 192.783842 186.105401
3.500000 189.921739 193.218236 186.625242
3.600000 190.389120 193.645410 187.132831
3.700000 190.846764 194.065345 187.628184
3.800000 191.294672 194.478021 188.111323
3.900000 191.732842 194.883411 188.582273
4.000000 192.161276 195.281487 189.041064
4.100000 192.579972 195.672214 189.487731
4.200000 192.988932 196.055554 189.922310
4.300000 193.388155 196.431466 190.344844
4.400000 193.777641 196.799904 190.755378
4.500000 194.157391 197.160819 191.153962
4.600000 194.527403 197.514158 191.540648
4.700000 194.887679 197.859866 191.915491
4.800000 195.238218 198.197884 192.278551
4.900000 195.579020 198.528152 192.629888
5.000000 195.910085 198.850605 192.969564
5.100000 196.231413 199.165181 193.297645
5.200000 196.543004 199.471813 193.614196
5.300000 196.844859 199.770434 193.919284
5.400000 197.136977 200.060978 194.212976
5.500000 197.419358 200.343376 194.495340
5.600000 197.692002 200.617562 194.766442
5.700000 197.954909 200.883469 195.026349
5.800000 198.208079 201.141033 195.275126
5.900000 198.451513 201.390188 195.512838
6.000000 198.685210 201.630873 195.739547
6.100000 198.909170 201.863025 195.955314
6.200000 199.123393 202.086588 196.160198
6.300000 199.327879 202.301504 196.354254
6.400000 199.522628 202.507718 196.537538
6.500000 199.707641 202.705181 196.710101
6.600000 199.882916 202.893842 196.871991
6.700000 200.048455 203.073657 197.023254
6.800000 200.204257 203.244581 197.163933
6.900000 200.350323 203.406576 197.294069
7.000000 200.486651 203.559603 197.413699
7.100000 200.613242 203.703628 197.522856
7.200000 200.730097 203.838621 197.621573
7.300000 200.837215 203.964554 197.709876
7.400000 200.934596 204.081400 197.787792
7.500000 201.022240 204.189138 197.855342
7.600000 201.100147 204.287748 197.912546
7.700000 201.168318 204.377215 197.959420
7.800000 201.226751 204.457523 197.995979
7.900000 201.275448 204.528662 198.022233
8.000000 201.314408 204.590624 198.038192
8.100000 201.343631 204.643402 198.043860
8.200000 201.363117 204.686993 198.039241
8.300000 201.372867 204.721397 198.024336
8.400000 201.372879 204.746614 197.999145
8.500000 201.363155 204.762647 197.963663
8.600000 201.343694 204.769503 197.917884
8.700000 201.314496 204.767189 197.861802
8.800000 201.275561 204.755715 197.795406
8.900000 201.226889 204.735093 197.718686
9.000000 201.168481 204.705335 197.631627
9.100000 201.100335 204.666456 197.534215
9.200000 201.022453 204.618474 197.426432
9.300000 200.934834 204.561406 197.308262
9.400000 200.837478 204.495272 197.179684
9.500000 200.730386 204.420093 197.040679
9.600000 200.613556 204.335890 196.891222
9.700000 200.486990 204.242687 196.731293
9.800000 200.350687 204.140508 196.560865
9.900000 200.204646 204.029378 196.379915
10.000000 200.048870 203.909322 196.188417
10.100000 199.883356 203.780369 195.986343
10.200000 199.708105 203.642545 195.773665
10.300000 199.523118 203.495878 195.550358
10.400000 199.328394 203.340397 195.316390
10.500000 199.123933 203.176130 195.071735
10.600000 198.909735 203.003107 194.816362
10.700000 198.685800 202.821357 194.550243
10.800000 198.452128 202.630910 194.273347
10.900000 198.208720 202.431795 193.985644
11.000000 197.955574 202.224042 193.687107
11.100000 197.692692 202.007681 193.377704
11.200000 197.420073 201.782741 193.057406
11.300000 197.137717 201.549251 192.726184
11.400000 196.845625 201.307240 192.384010
11.500000 196.543795 201.056737 192.030854
11.600000 196.232229 200.797770 191.666688
11.700000 195.910926 200.530366 191.291486
11.800000 195.579886 200.254553 190.905218
11.900000 195.239109 199.970358 190.507860
12.000000 194.888595 199.677806 190.099384
12.100000 194.528345 199.376924 189.679766
12.200000 194.158357 199.067735 189.248980
12.300000 193.778633 198.750263 188.807003
12.400000 193.389172 198.424533 188.353810
12.500000 192.989974 198.090567 187.889381
12.600000 192.581039 197.748386 187.413692
12.700000 192.162368 197.398012 186.926724
12.800000 191.733959 197.039464 186.428454
12.900000 191.295814 196.672762 185.918865
13.000000 190.847932 196.297926 185.397938
13.100000 190.390313 195.914972 184.865654
13.200000 189.922957 195.523917 184.321997
13.300000 189.445864 195.124778 183.766950
13.400000 188.959035 194.717571 183.200499
13.500000 188.462469 194.302309 182.622628
13.600000 187.956165 193.879007 182.033324
13.700000 187.440125 193.447678 181.432573
13.800000 186.914349 193.008333 180.820364
13.900000 186.378835 192.560986 180.196684
14.000000 185.833584 192.105646 179.561523
14.100000 185.278597 191.642323 178.914871
14.200000 184.713873 191.171028 178.256718
14.300000 184.139412 190.691769 177.587055
14.400000 183.555214 190.204554 176.905874
14.500000 182.961279 189.709392 176.213167
14.600000 182.357608 189.206288 175.508927
14.700000 181.744199 188.695250 174.793148
14.800000 181.121054 188.176284 174.065824
14.900000 180.488172 187.649395 173.326949
