8.179147 -418.130402
8.128926 -435.994439
10.018976 -291.543166
9.429193 -370.776100
10.571562 -2105.945561
12.148830 -636.719451
11.020850 -1344.309210
10.856251 -1200.225714
8.044872 -647.839026
8.470897 -880.807325
9.537769 -1094.057732
11.151625 -522.228917
10.915314 5106.806808
9.096274 -492.274840
7.865376 -263.940306
7.943139 -331.650388
7.975177 -316.888236
7.628744 -263.670575
7.214869 -220.109837
7.398463 -341.472097
7.427410 -279.640637
7.142323 -274.062503
7.101525 -336.990070
6.529454 -408.133884
6.435311 -249.178003
6.575352 -307.244832
8.893221 -433.784972
6.447122 -548.423173
6.624808 -282.541017
5.247878 -180.046333
7.583716 -504.678810
6.380973 -242.985614
5.557019 -221.327872
8.701048 -447.923835
7.596491 -280.608702
3.562734 -553.322825
5.584794 -441.694801
6.039935 7018.950615
6.080843 -363.971449
3.331047 -222.850888
5.984640 -206.352441
2.558067 -129.592142
2.170191 -177.099777
5.430364 -254.342226
7.360356 -254.021674
6.160073 -238.332823
3.351539 -2223.722477
6.847363 -203.529423
6.389833 -177.385599
6.374263 -261.860814
7.242748 -196.762084
7.445033 -199.910989
7.199966 -173.014349
1.255983 -24573.131259
1.295211 35715.262743
6.677331 -168.957672
7.016568 -186.361371
0.875726 -1016.948692
7.999162 -236.638583
6.996476 -194.393392
8.962604 -303.350556
6.997536 -172.206179
5.764537 -266.151955
3.336646 -93.121489
1.688623 -234.994532
8.815593 -238.588688
8.755734 -250.170596
8.910138 -246.623693
1.075944 -850.679950
3.572149 311.142399
4.558812 -120.986855
6.144596 -212.906954
6.555180 -137.865583
3.947151 -126.130747
3.004829 -69.237402
3.821771 -168.227246
4.729869 -133.551432
6.131868 -235.959332
7.575129 -251.646267
10.913123 -495.193584
7.795682 -342.625418
8.494933 -308.006935
8.960323 1735.108889
8.638453 -611.882593
8.911297 -1144.028450
6.971116 -248.317236
4.881125 -493.701712
8.377161 -324.830569
2.907243 -235.341451
1.548813 -56.755600
5.994636 -1558.626738
7.859274 -222.660544
7.312622 -183.394889
1.209396 625.302097
7.579826 -187.904040
4.238408 -98.853589
7.594713 -168.059517
4.151392 -85.696279
5.782612 -103.357333
6.373045 -145.094915
6.443253 -209.250191
3.528594 -58.126150
