2.000000 36006763.510864
2.100000 35729065.077263
2.200000 35470010.888464
2.300000 35203272.937917
2.400000 34944900.032668
2.500000 34686949.076711
2.600000 34458442.806264
2.700000 34209713.020048
2.800000 33972491.666879
2.900000 33770171.028695
3.000000 33557147.635715
3.100000 33345712.776336
3.200000 33140554.040509
3.300000 32944017.387876
3.400000 32752477.282100
3.500000 32583773.930174
3.600000 32417741.461745
3.700000 32266509.380312
3.800000 32123183.071735
3.900000 31976044.413751
4.000000 31822284.604630
4.100000 31700815.552647
4.200000 31581487.641189
4.300000 31478821.743566
4.400000 31387240.639621
4.500000 31317303.598379
4.600000 31230459.008329
4.700000 31151192.696827
4.800000 31094012.240138
4.900000 31043936.533903
5.000000 30984039.252296
5.100000 30939528.361761
5.200000 30899995.858795
5.300000 30856531.308288
5.400000 30814153.176144
5.500000 30787148.737648
5.600000 30751022.767311
5.700000 30727812.283379
5.800000 30707833.472834
5.900000 30684689.513258
6.000000 30659014.667666
6.100000 30643259.269865
6.200000 30616829.982350
6.300000 30599855.062200
6.400000 30573324.363705
6.500000 30563212.718069
6.600000 30557102.282379
6.700000 30555194.410980
6.800000 30533923.058829
6.900000 30527908.605893
7.000000 30524767.467445
7.100000 30523499.509212
7.200000 30510671.308458
7.300000 30521619.201007
7.400000 30508001.306588
7.500000 30501994.775547
7.600000 30505489.719211
7.700000 30529573.284680
7.800000 30507806.830462
7.900000 30506020.902976
8.000000 30506554.387282
8.100000 30509023.465541
8.200000 30512810.397198
8.300000 30517496.016474
8.400000 30522899.744358
8.500000 30529008.293238
8.600000 30535969.526926
8.700000 30544200.844515
8.800000 30554772.348663
8.900000 30570747.282763
9.000000 30601912.531694
9.100000 30642740.890139
9.200000 30628857.651374
9.300000 30607853.455172
9.400000 30599634.342019
9.500000 30598283.081577
9.600000 30599984.564849
9.700000 30603127.942626
9.800000 30606995.456302
9.900000 30611236.875443
10.000000 30615668.733396
10.100000 30620190.855598
10.200000 30624748.062618
10.300000 30629310.889663
10.400000 30633865.051788
10.500000 30638405.290015
10.600000 30642931.598283
10.700000 30647446.843346
10.800000 30651955.250331
10.900000 30656461.449728
11.000000 30660969.897436
11.100000 30665484.544479
11.200000 30670008.672593
11.300000 30674544.837655
11.400000 30679094.880696
11.500000 30683659.978691
11.600000 30688240.716339
11.700000 30692837.166405
11.800000 30697448.970703
11.900000 30702075.416992
12.000000 30706715.509150
12.100000 30711368.029443
12.200000 30716031.592606
12.300000 30720704.692017
12.400000 30725385.738539
12.500000 30730073.092796
12.600000 30734765.091641
12.700000 30739460.069626
12.800000 30744156.376181
12.900000 30748852.389183
13.000000 30753546.525479
13.100000 30758237.248893
13.200000 30762923.076145
13.300000 30767602.581058
13.400000 30772274.397374
13.500000 30776937.220445
13.600000 30781589.808008
13.700000 30786230.980241
13.800000 30790859.619253
13.900000 30795474.668124
14.000000 30800075.129599
14.100000 30804660.064539
14.200000 30809228.590160
14.300000 30813779.878162
14.400000 30818313.152750
14.500000 30822827.688616
14.600000 30827322.808887
14.700000 30831797.883083
14.800000 30836252.325080
14.900000 30840685.591114
15.000000 30845097.177824
