7.752 12.901 27.960 6.595 15.856 0.360 3.749 -1.987 -0.033 0.525 -0.564 0.309
7.632 12.904 27.219 8.731 15.987 -0.938 4.294 -1.483 -0.694 0.621 -0.272 0.133
8.045 12.703 27.650 7.615 15.198 -0.697 3.082 -1.199 0.262 0.275 -0.583 0.241
7.562 12.623 27.414 7.966 15.598 -1.375 4.469 -0.989 -1.003 0.419 -0.048 0.042
8.056 12.826 28.481 7.270 15.520 0.265 3.095 -1.875 0.744 0.215 -0.939 0.512
8.017 12.644 27.758 7.483 15.625 -0.662 4.564 -1.740 -1.006 0.849 -0.183 0.038
7.636 12.767 26.474 7.230 15.268 -1.347 2.700 -0.505 0.859 -0.401 -1.064 0.740
7.791 12.501 27.712 7.717 15.105 -1.840 3.363 -0.221 0.246 -0.457 -0.701 0.604
7.766 13.050 27.858 7.241 15.433 -0.174 3.090 -1.914 0.170 0.801 -0.461 -0.021
7.941 12.376 28.279 7.022 15.389 -1.014 3.424 -0.855 0.216 -0.112 -0.572 0.411
7.825 12.978 27.732 7.852 15.577 -0.016 3.775 -1.499 -0.208 0.334 -0.510 0.324
7.778 12.875 27.617 7.711 15.610 -0.928 3.924 -1.032 -0.510 0.356 -0.264 0.119
7.534 13.142 27.031 7.358 15.915 -1.021 4.793 -1.447 -1.078 0.687 -0.076 0.033
7.936 13.179 28.017 7.355 14.986 -0.176 2.215 -1.118 1.541 -0.524 -1.405 0.968
7.985 12.989 27.429 8.210 15.300 -0.824 3.059 -0.785 0.474 -0.169 -0.811 0.512
8.037 12.330 28.315 8.259 15.260 0.048 4.008 -2.108 -0.685 0.961 -0.164 -0.090
7.641 12.973 27.375 7.561 15.745 -0.871 4.028 -1.065 -0.250 0.077 -0.465 0.378
7.527 12.595 27.426 7.535 15.061 -0.788 3.064 -1.569 0.746 0.236 -1.076 0.586
7.619 12.797 27.137 7.603 15.248 -1.094 2.780 -0.748 0.931 -0.418 -1.072 0.791
7.753 13.194 27.108 8.655 15.164 -1.358 2.399 -0.281 0.982 -0.749 -0.927 0.793
7.847 13.502 28.017 7.965 15.450 -0.267 3.195 -1.248 0.202 0.125 -0.625 0.400
8.015 13.021 27.958 7.796 15.532 -0.730 3.767 -0.949 -0.608 0.093 -0.109 0.240
7.985 12.898 28.185 7.483 15.467 -0.940 3.821 -0.775 -0.439 0.092 -0.271 0.273
7.867 13.128 27.191 7.507 15.372 -0.954 2.877 -0.975 0.825 -0.255 -0.960 0.687
7.890 12.876 27.615 7.404 15.496 -0.074 3.699 -1.756 -0.393 0.740 -0.395 0.101
7.756 12.775 27.810 7.609 15.408 -1.091 3.512 -0.821 -0.142 0.018 -0.373 0.305
7.529 12.668 27.559 7.550 15.079 -0.179 2.457 -1.975 0.936 0.582 -0.938 0.288
7.858 12.839 28.016 6.815 15.466 -0.706 4.369 -1.511 -1.105 0.795 -0.075 -0.013
7.805 12.670 27.063 8.845 15.915 -0.217 4.654 -2.150 -0.953 1.144 -0.137 -0.112
7.980 12.604 26.626 8.076 15.491 -1.266 3.517 -0.519 0.075 -0.353 -0.627 0.547
7.491 12.476 27.620 6.070 15.238 -1.014 3.034 -1.613 0.562 0.576 -0.831 0.290
8.058 12.386 27.477 7.245 15.055 -1.259 2.874 -0.573 0.840 -0.537 -0.986 0.749
8.302 13.481 28.175 6.012 15.290 0.778 2.542 -2.231 1.568 0.235 -1.521 0.759
7.744 12.670 27.159 6.609 15.909 -0.079 4.241 -2.247 -0.609 1.114 -0.217 -0.090
8.052 12.832 27.805 7.685 14.868 -1.175 1.860 -0.136 1.865 -1.144 -1.553 1.201
7.873 12.647 27.805 7.421 15.496 -0.838 3.183 -1.107 0.126 0.198 -0.521 0.306
7.755 11.981 28.165 7.947 14.987 -0.546 2.469 -1.119 0.849 -0.179 -0.937 0.600
7.868 12.619 26.788 8.182 15.602 -1.378 3.112 -0.566 0.634 -0.243 -0.889 0.560
7.866 12.857 27.441 7.725 15.431 -0.617 3.329 -1.515 0.221 0.527 -0.643 0.208
7.816 12.903 28.041 7.427 15.307 -0.783 3.514 -1.121 -0.031 0.037 -0.559 0.453
7.543 12.956 28.260 8.120 15.493 -0.468 2.890 -1.530 1.394 0.073 -1.689 0.926
8.017 12.916 27.605 8.243 15.869 -0.940 4.410 -1.050 -0.521 0.232 -0.341 0.247
7.702 12.727 27.382 7.810 15.657 -1.312 4.484 -1.214 -0.863 0.582 -0.027 -0.058
7.858 12.688 28.370 7.664 15.337 -0.488 3.558 -0.928 -0.468 0.125 -0.218 0.239
7.628 12.646 27.379 7.686 15.457 -0.670 3.523 -1.384 0.452 -0.020 -0.904 0.676
8.017 12.644 27.758 7.483 15.625 -0.662 4.564 -1.740 -1.006 0.849 -0.183 0.038
7.622 12.231 27.038 7.643 15.964 -1.356 4.756 -1.002 -1.092 0.473 -0.053 0.043
7.914 12.632 28.614 6.655 15.208 -0.986 3.125 -0.324 0.306 -0.588 -0.682 0.677
8.069 12.703 28.213 7.350 15.592 -0.189 3.740 -1.190 0.336 -0.401 -0.828 0.756
7.629 12.700 26.952 8.056 15.685 -1.284 4.421 -1.154 -1.274 0.854 0.276 -0.351
7.682 12.751 27.742 6.667 15.612 -0.663 4.370 -1.734 -1.202 0.996 0.207 -0.251
7.873 12.647 27.805 7.421 15.496 -0.838 3.183 -1.107 0.126 0.198 -0.521 0.306
7.549 12.367 28.280 7.105 15.886 0.887 4.204 -3.431 0.314 1.463 -1.073 0.260
7.656 12.873 27.124 7.199 15.740 -1.212 4.564 -1.224 -1.220 0.852 0.113 -0.184
8.048 12.495 28.220 7.615 15.100 -0.313 2.749 -1.312 0.823 0.049 -1.107 0.638
7.778 12.378 28.597 6.669 15.243 -0.641 2.368 -1.020 1.633 -0.655 -1.569 1.116
7.874 12.788 27.581 8.585 15.383 -1.010 3.503 -1.022 -0.056 0.234 -0.520 0.246
7.770 12.677 27.300 7.667 15.465 -1.020 3.444 -0.773 0.105 -0.203 -0.582 0.495
7.539 12.958 27.061 6.588 15.412 -1.434 3.551 -0.400 -0.149 -0.315 -0.581 0.610
7.914 12.858 28.090 8.095 15.609 -0.172 3.490 -1.572 0.083 0.353 -0.529 0.267
7.837 12.758 27.965 7.041 15.470 -0.538 3.425 -1.267 0.431 -0.110 -0.855 0.690
7.890 12.096 28.249 6.467 15.174 -0.643 2.971 -0.619 0.675 -0.630 -0.843 0.754
7.682 12.969 27.831 7.594 15.938 -0.777 5.434 -1.887 -1.910 1.460 0.478 -0.588
7.671 12.818 27.270 7.686 15.407 -0.872 2.967 -1.156 0.459 0.031 -0.661 0.373
7.540 12.562 27.644 7.190 15.782 -0.263 3.580 -1.515 0.467 0.067 -1.048 0.709
7.769 12.867 27.832 7.482 15.807 -0.573 4.687 -1.690 -1.124 0.874 0.057 -0.140
7.708 12.942 27.130 7.781 14.950 -1.620 2.416 -0.237 1.318 -1.019 -1.248 1.026
7.868 13.063 27.830 7.913 15.570 -0.061 3.694 -1.729 -0.374 0.631 -0.359 0.171
7.706 12.738 28.203 7.154 15.582 -0.346 3.162 -1.694 0.627 0.272 -0.826 0.418
8.346 12.369 27.233 6.873 15.172 -0.813 3.003 -0.767 0.677 -0.225 -0.979 0.629
8.055 12.696 27.350 7.188 15.884 -0.348 4.322 -2.106 -0.210 1.041 -0.729 0.165
7.619 12.650 26.857 7.532 15.463 -0.614 3.689 -1.874 -0.111 0.791 -0.599 0.145
7.881 13.304 27.848 7.198 15.346 -0.171 2.931 -1.698 0.793 0.292 -0.926 0.427
7.619 12.650 26.857 7.532 15.463 -0.614 3.689 -1.874 -0.111 0.791 -0.599 0.145
7.912 12.799 28.420 7.061 14.916 -0.121 1.998 -1.227 1.902 -0.512 -1.630 1.074
7.692 12.608 28.275 6.205 15.371 -0.563 4.152 -1.382 -0.956 0.257 -0.011 0.227
7.967 13.105 27.073 7.764 15.680 -1.219 3.721 -0.990 -0.085 0.303 -0.490 0.199
7.714 12.960 28.844 7.489 15.259 -0.401 3.172 -1.249 0.249 -0.005 -0.685 0.497
7.633 12.806 27.259 8.024 15.299 -0.424 2.757 -1.360 1.181 -0.339 -1.243 0.915
7.598 12.950 27.248 7.584 15.285 -0.244 2.396 -1.977 1.653 0.294 -1.687 0.796
7.842 12.756 28.458 5.643 15.338 -0.030 3.068 -1.991 0.938 0.368 -1.099 0.536
7.796 12.946 28.168 7.482 15.449 -1.033 3.893 -0.839 -0.408 -0.074 -0.504 0.520
7.858 12.609 27.822 7.110 14.539 -1.374 1.576 0.029 1.966 -1.444 -1.594 1.374
7.669 12.640 28.334 7.149 15.421 -0.929 3.559 -0.974 -0.012 0.208 -0.393 0.148
7.954 12.608 28.296 8.062 15.414 -0.755 3.224 -0.663 0.733 -0.523 -1.004 0.772
7.698 13.091 27.665 7.274 15.553 -0.611 3.266 -1.267 0.592 0.049 -0.791 0.442
7.619 12.650 26.857 7.532 15.463 -0.614 3.689 -1.874 -0.111 0.791 -0.599 0.145
7.871 13.369 27.378 7.557 15.792 -0.999 5.076 -1.068 -2.012 0.701 0.520 -0.237
7.581 12.716 27.868 6.555 15.467 -0.951 3.381 -1.114 0.395 -0.064 -0.855 0.602
8.069 12.703 28.213 7.350 15.592 -0.189 3.740 -1.190 0.336 -0.401 -0.828 0.756
7.738 13.251 27.570 6.583 15.463 -0.792 2.794 -0.664 0.900 -0.610 -1.009 0.867
8.220 12.902 27.622 7.196 15.437 -0.318 3.338 -1.324 0.322 0.172 -0.781 0.477
7.734 13.058 28.038 6.021 15.427 -0.161 3.949 -1.841 -0.531 0.795 -0.205 -0.024
7.997 12.853 28.215 7.975 15.217 -1.214 3.707 -0.713 -0.330 0.156 -0.394 0.254
7.912 13.072 27.685 6.773 14.556 -1.256 1.813 -0.225 1.433 -0.836 -1.209 0.887
8.066 12.701 28.335 7.971 15.952 0.139 4.012 -2.185 -0.131 0.955 -0.559 0.073
7.682 12.969 27.831 7.594 15.938 -0.777 5.434 -1.887 -1.910 1.460 0.478 -0.588
7.778 12.378 28.597 6.669 15.243 -0.641 2.368 -1.020 1.633 -0.655 -1.569 1.116
8.087 12.530 27.638 7.902 15.062 -0.914 2.624 -0.584 0.682 -0.471 -0.793 0.619
8.031 12.074 28.486 5.494 15.443 0.217 3.564 -2.051 0.168 0.627 -0.651 0.235
8.001 13.064 27.140 7.995 15.878 -1.227 3.805 -0.504 0.109 -0.299 -0.831 0.683
7.605 13.054 27.784 5.903 14.898 -0.290 1.941 -1.433 1.921 -0.468 -1.720 1.173
7.713 12.800 27.639 7.574 15.525 -0.754 3.704 -1.187 -0.293 0.405 -0.369 0.149
7.919 12.759 27.395 7.097 14.994 -0.890 2.662 -0.405 0.712 -0.603 -0.866 0.701
7.882 12.689 28.410 7.062 15.008 -0.018 2.521 -1.883 1.028 0.593 -0.924 0.182
7.721 12.835 28.470 5.984 15.677 -0.750 3.927 -0.864 -0.433 0.087 -0.316 0.278
7.549 12.367 28.280 7.105 15.886 0.887 4.204 -3.431 0.314 1.463 -1.073 0.260
7.850 12.747 27.621 7.364 15.661 -0.177 3.475 -1.722 0.666 -0.053 -0.988 0.696
7.913 13.176 28.190 7.562 15.587 0.302 3.438 -1.861 0.017 0.798 -0.557 0.112
7.767 12.666 28.013 8.010 15.331 -0.338 3.107 -1.355 1.024 -0.429 -1.254 0.990
7.532 13.104 26.707 6.510 15.416 -1.655 3.079 -0.510 0.623 -0.305 -0.979 0.692
8.221 12.636 28.490 8.570 15.669 -0.146 3.798 -1.504 0.006 0.419 -0.706 0.304
7.733 12.819 26.964 7.886 15.603 -1.285 4.367 -0.938 -1.087 0.610 0.030 -0.080
7.768 12.603 26.829 6.911 14.740 -2.384 2.735 0.363 0.306 -0.605 -0.547 0.499
7.781 12.624 27.126 7.904 15.543 -1.341 4.407 -0.497 -1.101 0.047 0.140 0.093
7.947 12.636 28.175 7.772 15.335 -0.290 3.461 -1.422 0.165 0.399 -0.594 0.225
8.014 13.271 27.799 8.261 15.583 -0.740 3.714 -1.049 0.079 0.330 -0.709 0.303
7.600 13.339 27.748 6.974 15.320 -0.006 2.367 -1.920 1.640 0.229 -1.748 0.925
7.796 12.706 27.842 7.790 16.010 -0.217 4.079 -1.860 -0.163 0.725 -0.493 0.124
7.974 13.232 28.364 6.994 15.371 -1.133 3.337 -0.721 0.518 -0.247 -0.949 0.694
7.598 12.950 27.248 7.584 15.285 -0.244 2.396 -1.977 1.653 0.294 -1.687 0.796
7.767 12.250 27.108 6.583 15.328 -1.399 3.450 -0.537 0.176 -0.197 -0.623 0.449
7.833 12.578 27.650 7.753 15.018 -1.164 2.549 -0.627 0.676 -0.186 -0.738 0.472
8.140 12.974 28.508 6.530 15.133 -0.427 3.108 -1.184 0.293 0.166 -0.630 0.334
8.043 12.630 28.629 7.287 15.067 -0.440 2.320 -0.553 2.014 -1.092 -1.893 1.454
7.855 13.257 27.836 8.478 15.264 -0.161 2.576 -1.370 1.348 -0.402 -1.245 0.866
7.908 12.369 28.387 9.202 15.480 0.082 3.642 -2.285 0.391 0.670 -0.827 0.329
7.744 12.670 27.159 6.609 15.909 -0.079 4.241 -2.247 -0.609 1.114 -0.217 -0.090
7.800 12.938 27.068 7.914 15.438 -0.345 3.539 -2.039 -0.118 0.876 -0.540 0.090
7.641 12.973 27.375 7.561 15.745 -0.871 4.028 -1.065 -0.250 0.077 -0.465 0.378
8.053 12.813 27.910 6.477 15.527 -0.430 3.635 -1.491 0.044 0.305 -0.593 0.326
7.549 12.367 28.280 7.105 15.886 0.887 4.204 -3.431 0.314 1.463 -1.073 0.260
7.782 13.010 28.353 7.405 15.543 -0.185 3.586 -1.882 0.221 0.580 -0.688 0.288
7.924 13.151 28.104 7.857 14.843 -0.456 1.932 -0.851 1.691 -0.596 -1.444 0.972
8.077 12.336 28.565 7.913 15.181 -0.105 2.835 -1.544 0.914 0.201 -1.307 0.702
7.954 12.608 28.296 8.062 15.414 -0.755 3.224 -0.663 0.733 -0.523 -1.004 0.772
7.715 12.422 27.284 7.813 16.026 -1.042 5.201 -1.212 -1.541 0.620 0.190 -0.067
7.999 13.500 27.378 7.646 15.119 -0.949 3.081 -0.953 0.465 0.113 -0.808 0.403
7.755 12.440 27.450 8.850 15.488 -0.942 3.446 -0.835 0.039 0.020 -0.552 0.383
8.154 12.843 28.837 7.850 15.641 0.044 4.262 -1.781 -0.384 0.625 -0.558 0.270
7.747 12.415 27.981 7.297 15.781 -0.040 4.431 -2.198 -0.766 1.130 -0.152 -0.160
7.978 12.762 27.618 6.784 14.698 -1.390 1.152 0.238 2.607 -1.628 -1.850 1.437
7.570 12.525 27.293 7.379 15.345 -0.178 2.545 -2.055 1.630 0.231 -1.697 0.853
7.860 12.404 27.980 8.587 15.032 -0.391 2.556 -1.508 1.074 0.101 -1.003 0.482
7.738 12.887 28.201 7.420 15.568 -0.214 3.736 -1.959 0.139 0.689 -0.724 0.288
7.802 12.463 28.447 7.571 15.396 -0.945 2.751 -0.260 1.208 -1.145 -1.297 1.226
7.738 12.668 27.628 7.163 15.099 -0.261 2.262 -1.566 1.694 -0.294 -1.519 0.956
7.570 12.699 27.299 8.060 15.770 -0.858 3.920 -1.460 0.074 0.415 -0.812 0.420
7.568 12.806 27.230 6.841 15.557 -0.676 3.461 -1.836 0.336 0.729 -0.849 0.237
7.788 13.383 27.846 7.713 16.163 -0.788 5.260 -1.546 -1.588 0.886 0.195 -0.141
7.597 13.120 27.039 7.748 15.686 -0.682 3.873 -1.059 -0.269 -0.022 -0.528 0.519
7.625 13.397 26.818 7.731 15.934 -0.750 4.368 -1.639 -0.509 0.713 -0.387 0.122
7.974 13.232 28.364 6.994 15.371 -1.133 3.337 -0.721 0.518 -0.247 -0.949 0.694
7.543 12.956 28.260 8.120 15.493 -0.468 2.890 -1.530 1.394 0.073 -1.689 0.926
7.813 13.001 27.479 7.498 15.130 -1.287 2.437 -0.591 1.224 -0.506 -1.200 0.839
7.957 12.678 28.011 7.362 16.060 -0.490 4.489 -1.482 -0.236 0.336 -0.658 0.360
8.053 12.997 28.148 7.658 15.238 -0.420 2.639 -1.025 1.022 -0.382 -1.088 0.814
7.883 12.943 28.106 7.640 15.128 0.115 2.456 -1.732 1.144 0.077 -1.037 0.536
7.826 13.040 28.138 6.809 15.195 -0.277 3.566 -1.685 -0.858 1.004 0.141 -0.292
7.802 13.270 27.511 7.125 15.419 -0.566 3.502 -1.565 0.145 0.139 -0.548 0.429
7.938 12.678 27.365 8.221 15.409 -0.908 3.814 -1.308 -0.482 0.459 -0.274 0.154
7.922 12.928 27.904 6.258 15.726 -0.142 4.209 -2.011 -0.630 1.092 -0.296 -0.098
8.049 12.524 27.793 8.545 15.568 -0.565 3.452 -0.908 0.498 -0.345 -0.892 0.680
7.688 12.837 27.103 6.374 15.868 -1.116 4.239 -1.177 -0.615 0.513 -0.143 -0.012
8.047 12.943 29.361 6.997 15.267 0.002 3.713 -1.689 -0.560 0.838 -0.173 -0.067
7.649 12.482 27.098 7.589 15.598 -1.848 4.402 -0.238 -0.896 -0.223 -0.115 0.346
8.104 13.070 28.625 7.035 15.114 0.108 2.599 -1.526 0.787 0.166 -1.134 0.679
7.562 12.623 27.414 7.966 15.598 -1.375 4.469 -0.989 -1.003 0.419 -0.048 0.042
7.707 12.728 27.581 6.538 15.580 -1.160 4.495 -0.957 -1.061 0.346 0.011 0.077
8.231 13.001 27.682 7.715 14.937 -0.843 2.143 -0.746 0.833 0.051 -0.861 0.391
7.913 12.653 27.108 7.172 15.879 -0.397 3.901 -1.645 0.063 0.398 -0.579 0.260
7.629 12.861 27.931 8.526 15.679 -0.879 4.972 -1.603 -1.725 1.067 0.313 -0.273
7.829 12.117 27.742 8.719 15.485 -0.484 3.574 -1.687 0.007 0.546 -0.470 0.179
7.466 13.090 26.937 7.693 15.519 -1.084 3.031 -1.306 1.165 -0.002 -1.466 0.826
7.938 12.252 29.202 7.179 15.161 0.187 2.955 -1.816 0.579 0.590 -0.982 0.372
7.862 12.803 27.766 7.295 15.193 -0.108 2.953 -1.843 1.011 0.062 -1.224 0.769
7.984 12.873 28.757 7.905 15.121 0.134 2.894 -1.708 1.238 0.033 -1.347 0.729
7.932 13.119 28.476 7.323 15.072 -0.235 2.242 -1.042 1.141 -0.324 -1.050 0.684
8.152 12.648 28.201 6.404 14.868 -0.342 2.016 -0.932 1.402 -0.625 -1.127 0.899
7.940 13.194 27.291 7.797 15.412 -0.724 2.892 -1.498 0.509 0.601 -0.629 0.086
7.765 12.760 27.421 7.301 15.615 -0.770 4.349 -1.527 -1.043 0.866 0.052 -0.186
7.718 12.116 27.342 7.404 15.427 -1.184 4.025 -1.295 -0.892 0.857 0.019 -0.204
7.714 12.454 28.014 7.020 15.539 -0.308 3.010 -1.511 1.369 -0.069 -1.367 0.736
7.780 13.014 28.121 6.283 15.690 0.255 3.159 -1.497 0.889 -0.134 -1.180 0.766
7.826 12.431 27.958 7.361 15.539 -0.573 3.849 -1.955 0.065 0.877 -0.702 0.132
7.744 13.091 27.547 7.349 15.399 -0.843 3.718 -1.454 -0.326 0.720 -0.419 0.106
7.920 12.521 27.598 6.944 15.354 -1.082 3.119 -0.638 0.813 -0.582 -1.029 0.856
7.738 13.251 27.570 6.583 15.463 -0.792 2.794 -0.664 0.900 -0.610 -1.009 0.867
7.610 12.895 27.534 6.694 15.539 -1.645 2.998 -0.263 1.382 -1.056 -1.583 1.321
8.145 12.985 28.191 7.850 15.978 0.295 4.560 -2.072 -0.516 0.576 -0.585 0.375
8.070 12.679 27.829 7.609 15.449 -0.891 3.371 -0.679 0.130 -0.169 -0.665 0.527
7.893 12.925 27.595 7.320 15.808 -0.622 3.864 -0.961 0.061 -0.148 -0.770 0.614
7.970 13.252 28.369 8.740 15.706 0.459 4.314 -2.414 -0.865 1.198 -0.058 -0.193
7.736 12.529 27.183 8.039 15.437 -1.203 3.685 -1.188 -0.147 0.350 -0.402 0.203
7.778 12.475 27.920 7.825 15.200 -1.314 2.835 -0.261 0.662 -0.555 -0.838 0.677
7.866 12.857 27.441 7.725 15.431 -0.617 3.329 -1.515 0.221 0.527 -0.643 0.208
7.954 12.608 28.296 8.062 15.414 -0.755 3.224 -0.663 0.733 -0.523 -1.004 0.772
7.705 12.897 27.583 6.521 15.599 -1.137 4.434 -1.140 -1.283 0.852 0.182 -0.262
7.661 12.750 27.497 6.455 15.071 -0.871 2.587 -0.944 0.855 -0.228 -0.937 0.626
7.784 12.954 27.201 7.661 15.069 -1.643 2.885 -0.253 0.905 -0.937 -1.152 1.074
7.757 12.367 27.224 7.349 15.091 -1.416 3.212 -0.454 0.235 -0.343 -0.716 0.577
7.616 12.725 27.375 7.893 15.432 -1.501 3.421 -0.530 -0.128 -0.095 -0.524 0.454
7.765 12.760 27.421 7.301 15.615 -0.770 4.349 -1.527 -1.043 0.866 0.052 -0.186
7.814 13.056 27.742 7.062 15.467 0.122 3.449 -2.326 0.594 0.924 -1.093 0.326
7.871 13.019 28.158 6.921 16.058 0.141 5.143 -2.473 -1.537 1.505 0.280 -0.455
7.758 12.981 27.506 7.886 15.823 -0.274 4.730 -2.289 -1.203 1.525 0.082 -0.390
7.978 12.762 27.618 6.784 14.698 -1.390 1.152 0.238 2.607 -1.628 -1.850 1.437
8.160 12.662 28.341 7.246 15.059 0.015 2.925 -1.660 0.214 0.682 -0.661 0.190
8.024 13.084 28.106 6.879 15.810 -0.293 3.923 -1.250 -0.012 -0.031 -0.759 0.603
7.825 13.127 27.135 8.165 16.001 -0.872 4.373 -1.141 -1.069 0.644 0.074 -0.128
7.821 12.949 27.651 8.319 15.442 -0.684 3.756 -1.133 -0.395 0.305 -0.322 0.195
7.829 12.451 27.465 6.227 15.340 -0.737 2.940 -0.901 1.052 -0.491 -1.300 0.975
8.015 12.727 28.276 6.798 15.147 0.614 2.544 -2.560 1.214 0.952 -1.257 0.291
7.680 12.848 27.298 7.616 15.533 -1.408 4.519 -0.614 -1.325 0.338 0.269 -0.097
8.137 12.499 28.155 8.652 15.355 -0.546 3.007 -1.269 0.719 0.010 -1.078 0.666
7.810 12.652 26.768 7.504 15.594 -1.145 3.716 -0.741 -0.193 -0.082 -0.496 0.461
7.608 12.710 27.758 7.836 15.616 -1.142 3.471 -0.883 0.178 -0.205 -0.660 0.551
7.875 13.068 28.227 8.105 15.463 -0.397 3.466 -1.081 0.326 -0.326 -0.759 0.701
7.591 12.931 27.818 7.929 15.451 0.413 2.488 -2.235 1.588 0.247 -1.464 0.730
7.574 12.714 27.012 7.337 15.191 -1.634 3.231 -0.906 0.174 0.226 -0.703 0.365
7.993 13.172 28.027 6.850 15.504 -0.519 3.725 -1.360 -0.089 0.417 -0.506 0.241
7.582 12.724 27.118 7.033 15.701 -0.921 3.893 -1.224 -0.104 0.231 -0.540 0.299
7.948 12.507 28.313 7.052 15.683 -0.481 4.211 -1.300 -0.528 0.400 -0.290 0.203
8.500 12.913 28.695 8.413 15.327 0.375 2.784 -1.589 1.338 -0.003 -1.569 0.909
7.885 12.740 27.606 6.928 15.110 -0.719 2.215 -0.808 1.652 -0.742 -1.499 1.067
7.754 12.795 27.757 7.394 15.265 -0.570 2.443 -1.376 1.431 -0.110 -1.384 0.827
7.605 13.054 27.784 5.903 14.898 -0.290 1.941 -1.433 1.921 -0.468 -1.720 1.173
8.154 12.333 28.252 7.259 15.391 -0.386 3.499 -1.434 0.285 0.327 -0.931 0.555
7.745 12.396 27.411 7.983 14.988 -0.604 1.905 -1.085 2.274 -0.695 -1.812 1.176
7.684 12.825 27.334 8.138 15.447 0.017 3.524 -2.213 0.428 0.591 -0.750 0.293
7.968 13.118 28.332 7.879 16.086 0.334 5.001 -2.427 -1.082 1.238 -0.148 -0.121
7.886 12.896 29.017 6.844 15.347 0.212 3.721 -1.978 -0.349 0.745 -0.299 0.039
7.980 12.604 26.626 8.076 15.491 -1.266 3.517 -0.519 0.075 -0.353 -0.627 0.547
7.560 12.894 27.345 7.626 15.552 -0.525 3.265 -1.867 0.600 0.473 -0.825 0.374
7.569 12.708 27.799 6.639 15.780 -0.337 3.204 -1.484 0.955 -0.075 -1.240 0.778
7.727 13.053 27.758 6.848 15.659 0.059 3.053 -1.483 0.888 -0.232 -1.137 0.825
7.909 12.809 28.317 6.973 15.055 -1.187 3.285 -0.228 -0.115 -0.402 -0.466 0.488
7.808 13.090 27.506 8.210 15.561 -0.296 3.410 -1.824 0.535 0.476 -0.947 0.411
7.882 12.911 27.590 8.629 15.884 -0.601 4.889 -1.389 -1.769 0.964 0.553 -0.408
8.367 12.998 28.932 6.815 15.155 -0.243 3.886 -1.871 -0.632 1.065 -0.344 -0.030
7.915 12.991 27.438 7.383 15.791 -0.801 4.139 -0.983 -0.963 0.548 0.005 -0.058
7.634 12.583 27.030 6.831 15.399 -0.415 3.334 -2.007 0.847 0.597 -1.388 0.633
7.746 12.778 27.095 7.578 15.597 -0.674 4.097 -1.800 -0.725 1.104 -0.114 -0.202
7.999 13.500 27.378 7.646 15.119 -0.949 3.081 -0.953 0.465 0.113 -0.808 0.403
7.865 12.885 27.709 7.817 15.800 -0.193 4.145 -1.335 -0.527 0.303 -0.401 0.312
7.471 13.030 27.345 6.112 15.742 -1.626 3.726 -0.290 0.237 -0.767 -0.803 0.907
8.047 12.943 29.361 6.997 15.267 0.002 3.713 -1.689 -0.560 0.838 -0.173 -0.067
7.706 12.620 27.982 7.995 15.647 -0.123 3.630 -1.984 0.339 0.533 -0.751 0.326
7.892 12.639 28.056 6.647 15.689 -0.438 3.322 -1.116 0.774 -0.465 -1.047 0.886
7.829 12.117 27.742 8.719 15.485 -0.484 3.574 -1.687 0.007 0.546 -0.470 0.179
7.749 12.618 27.440 7.565 15.411 -0.927 3.916 -1.416 -0.269 0.457 -0.366 0.131
7.942 12.775 27.806 7.237 15.173 -0.669 2.766 -1.018 0.916 -0.403 -1.091 0.815
7.789 13.456 27.065 7.691 16.422 -0.344 5.661 -1.485 -1.878 0.575 0.282 0.038
7.911 12.817 27.665 7.292 15.325 -0.729 3.015 -1.101 0.738 -0.167 -0.994 0.668
7.762 12.555 27.877 7.462 15.243 -0.926 2.619 -0.562 1.115 -0.765 -1.184 0.957
7.595 12.603 28.082 7.726 15.442 0.291 2.635 -1.995 1.725 -0.132 -1.711 1.038
7.702 12.727 27.382 7.810 15.657 -1.312 4.484 -1.214 -0.863 0.582 -0.027 -0.058
7.798 12.822 28.189 8.229 16.097 0.183 4.622 -2.319 -0.400 0.880 -0.410 0.061
7.930 13.240 27.672 6.991 15.458 -0.875 3.334 -0.962 0.328 -0.043 -0.636 0.396
7.728 12.570 28.767 7.344 15.297 0.438 3.164 -2.527 0.978 0.726 -1.232 0.480
7.940 12.983 28.144 8.307 16.205 -0.280 4.841 -1.793 -0.673 0.473 -0.380 0.294
7.712 12.699 27.215 7.627 15.553 -0.731 3.800 -1.257 -0.314 0.259 -0.251 0.162
8.028 12.639 27.781 7.515 15.649 -0.077 4.222 -1.983 -0.480 0.825 -0.355 0.116
7.749 12.931 28.632 6.910 15.697 -0.128 5.121 -2.139 -2.143 1.619 0.632 -0.641
7.821 12.999 26.987 6.272 15.576 -1.053 4.424 -1.318 -1.011 0.615 0.045 -0.041
7.739 12.866 27.979 5.943 15.238 -0.330 3.610 -1.934 -0.424 0.956 -0.183 -0.138
7.858 12.609 27.822 7.110 14.539 -1.374 1.576 0.029 1.966 -1.444 -1.594 1.374
8.017 12.802 28.424 7.511 15.657 -0.061 2.987 -1.352 0.923 -0.170 -1.181 0.817
7.794 12.865 28.007 6.529 15.242 -0.449 3.603 -1.529 -0.080 0.266 -0.460 0.310
7.874 12.889 28.575 5.874 15.537 -0.330 4.069 -1.596 -0.677 0.656 -0.099 -0.021
7.991 12.988 28.455 6.529 14.824 -0.143 1.555 -1.060 1.765 -0.518 -1.262 0.829
7.896 13.014 27.597 7.573 15.228 -1.503 2.920 -0.304 0.769 -0.651 -0.974 0.802
8.221 12.636 28.490 8.570 15.669 -0.146 3.798 -1.504 0.006 0.419 -0.706 0.304
7.747 12.856 27.536 8.018 15.449 -1.227 3.199 -0.441 0.658 -0.570 -0.917 0.742
7.974 13.232 28.364 6.994 15.371 -1.133 3.337 -0.721 0.518 -0.247 -0.949 0.694
7.970 12.546 27.837 6.844 15.353 -1.150 3.618 -0.788 -0.373 0.127 -0.309 0.246
7.818 13.057 27.714 7.391 15.190 -1.133 3.150 -0.679 0.082 -0.185 -0.517 0.444
7.781 12.624 27.126 7.904 15.543 -1.341 4.407 -0.497 -1.101 0.047 0.140 0.093
7.831 12.921 27.869 7.432 15.487 -0.080 3.255 -1.772 0.414 0.303 -0.681 0.358
8.018 12.783 27.846 8.242 15.611 -0.072 4.219 -1.688 -0.842 0.651 -0.228 0.142
7.463 12.375 27.412 6.775 15.543 0.102 3.033 -2.596 1.183 0.697 -1.527 0.684
7.832 13.049 27.825 7.654 14.911 -1.248 2.700 -0.622 0.520 -0.222 -0.746 0.523
7.661 12.750 27.497 6.455 15.071 -0.871 2.587 -0.944 0.855 -0.228 -0.937 0.626
7.759 12.521 27.725 7.877 15.505 0.093 3.774 -2.593 0.078 1.274 -0.731 0.025
7.754 13.129 27.621 7.204 15.681 -0.902 3.695 -1.010 -0.005 -0.042 -0.510 0.381
8.215 12.789 28.726 6.792 15.398 -0.042 3.147 -1.492 0.825 0.133 -1.152 0.622
8.021 12.435 27.835 6.729 15.176 -0.676 2.377 -0.756 1.315 -0.379 -1.287 0.812
7.932 12.877 27.725 7.939 15.394 -0.550 3.779 -1.497 -0.162 0.425 -0.472 0.229
7.718 12.116 27.342 7.404 15.427 -1.184 4.025 -1.295 -0.892 0.857 0.019 -0.204
7.940 12.983 28.144 8.307 16.205 -0.280 4.841 -1.793 -0.673 0.473 -0.380 0.294
7.658 12.656 28.061 6.310 15.223 -0.728 2.508 -1.122 1.519 -0.450 -1.367 0.894
7.768 12.709 28.137 7.022 15.765 0.282 3.716 -2.168 0.285 0.586 -0.895 0.431
7.738 12.887 28.201 7.420 15.568 -0.214 3.736 -1.959 0.139 0.689 -0.724 0.288
7.727 13.053 27.758 6.848 15.659 0.059 3.053 -1.483 0.888 -0.232 -1.137 0.825
7.747 12.856 27.536 8.018 15.449 -1.227 3.199 -0.441 0.658 -0.570 -0.917 0.742
7.539 12.958 27.061 6.588 15.412 -1.434 3.551 -0.400 -0.149 -0.315 -0.581 0.610
7.752 12.901 27.960 6.595 15.856 0.360 3.749 -1.987 -0.033 0.525 -0.564 0.309
7.607 12.936 27.244 7.107 15.465 -0.600 3.467 -1.452 0.146 0.364 -0.694 0.368
7.860 12.728 27.597 7.093 15.360 -0.931 2.957 -0.844 0.522 -0.157 -0.693 0.472
8.171 12.773 28.371 8.116 14.833 -0.443 1.966 -0.993 1.716 -0.329 -1.576 0.905
8.371 12.491 28.579 6.969 14.879 0.485 2.313 -1.977 1.575 0.153 -1.688 0.942
8.012 12.556 28.242 7.704 15.550 -0.341 3.762 -1.143 -0.631 0.297 -0.127 0.139
7.829 12.451 27.465 6.227 15.340 -0.737 2.940 -0.901 1.052 -0.491 -1.300 0.975
7.903 12.650 28.255 8.429 15.267 -0.039 2.854 -1.719 0.621 0.292 -0.865 0.476
7.742 12.159 27.469 6.909 15.185 -1.448 2.662 -0.378 0.906 -0.603 -0.995 0.776
7.973 12.746 27.604 7.693 15.342 -1.202 3.568 -0.910 -0.234 0.271 -0.429 0.233
7.589 13.115 27.246 7.291 15.601 -1.110 3.836 -0.667 -0.180 -0.367 -0.531 0.658
7.985 12.898 28.185 7.483 15.467 -0.940 3.821 -0.775 -0.439 0.092 -0.271 0.273
7.562 12.623 27.414 7.966 15.598 -1.375 4.469 -0.989 -1.003 0.419 -0.048 0.042
7.774 12.884 27.295 7.769 15.779 0.084 3.456 -2.302 0.820 0.689 -1.072 0.368
7.881 12.920 27.916 6.530 15.688 -0.301 4.586 -2.107 -1.261 1.276 0.173 -0.366
7.373 13.077 27.759 8.016 15.710 -0.394 3.400 -1.627 0.910 0.116 -1.164 0.641
8.018 12.783 27.846 8.242 15.611 -0.072 4.219 -1.688 -0.842 0.651 -0.228 0.142
7.938 12.678 27.365 8.221 15.409 -0.908 3.814 -1.308 -0.482 0.459 -0.274 0.154
7.485 12.788 27.008 7.634 15.521 -0.206 3.206 -1.976 0.731 0.624 -1.151 0.472
7.559 12.581 27.600 6.926 15.364 -1.224 3.902 -0.894 -0.383 0.175 -0.474 0.358
7.574 12.714 27.012 7.337 15.191 -1.634 3.231 -0.906 0.174 0.226 -0.703 0.365
7.968 12.803 28.036 7.784 15.224 -0.986 3.762 -1.012 -0.680 0.232 -0.001 0.092
7.599 12.761 27.341 7.869 15.571 -0.327 3.045 -1.696 0.929 0.317 -1.264 0.633
8.287 12.993 28.548 6.282 15.134 -0.758 2.757 -0.458 0.674 -0.440 -0.673 0.481
7.756 13.041 27.575 6.057 15.945 -0.589 5.022 -1.798 -1.751 1.250 0.418 -0.416
7.829 12.451 27.465 6.227 15.340 -0.737 2.940 -0.901 1.052 -0.491 -1.300 0.975
8.140 12.974 28.508 6.530 15.133 -0.427 3.108 -1.184 0.293 0.166 -0.630 0.334
8.039 13.218 28.659 7.559 15.738 -0.150 3.816 -1.789 0.099 0.546 -0.664 0.304
7.629 12.893 27.586 6.740 15.017 -0.809 2.874 -1.408 0.624 0.454 -0.907 0.338
7.737 12.956 27.613 7.521 15.564 -1.000 4.102 -0.912 -0.652 0.471 -0.259 0.079
8.221 12.636 28.490 8.570 15.669 -0.146 3.798 -1.504 0.006 0.419 -0.706 0.304
7.543 12.956 28.260 8.120 15.493 -0.468 2.890 -1.530 1.394 0.073 -1.689 0.926
7.866 13.035 27.190 8.364 16.465 -1.221 5.798 -1.033 -1.672 0.335 0.068 0.192
8.100 12.475 28.267 7.760 15.491 -0.231 4.873 -1.777 -1.748 1.215 0.394 -0.430
7.911 12.446 28.033 6.369 15.423 -0.298 3.760 -1.427 -0.153 0.364 -0.422 0.208
7.827 12.264 27.981 7.544 15.383 -0.455 3.424 -1.506 0.301 0.226 -0.644 0.386
7.659 12.893 27.222 6.303 15.227 -1.441 3.638 -1.016 -0.175 0.261 -0.429 0.270
7.610 12.895 27.534 6.694 15.539 -1.645 2.998 -0.263 1.382 -1.056 -1.583 1.321
7.932 12.877 27.725 7.939 15.394 -0.550 3.779 -1.497 -0.162 0.425 -0.472 0.229
7.671 12.818 27.270 7.686 15.407 -0.872 2.967 -1.156 0.459 0.031 -0.661 0.373
7.709 12.743 27.602 8.535 14.962 -1.511 3.110 -0.262 0.123 -0.506 -0.535 0.543
7.698 13.091 27.665 7.274 15.553 -0.611 3.266 -1.267 0.592 0.049 -0.791 0.442
8.025 13.095 27.888 6.192 14.930 -0.826 2.541 -0.895 0.660 0.073 -0.783 0.361
7.714 12.925 27.391 8.557 15.832 -0.970 4.804 -1.172 -1.036 0.432 -0.066 0.066
7.944 12.900 27.574 7.984 15.416 -1.096 4.211 -0.401 -0.955 -0.305 0.015 0.331
8.049 12.497 28.133 6.475 15.014 -0.156 2.963 -1.603 0.536 0.275 -0.927 0.496
7.528 13.014 26.609 7.620 15.694 -1.008 3.275 -1.283 1.197 -0.305 -1.458 1.023
8.017 12.644 27.758 7.483 15.625 -0.662 4.564 -1.740 -1.006 0.849 -0.183 0.038
7.913 12.637 28.054 7.617 15.727 0.046 4.463 -2.285 -0.742 1.254 -0.254 -0.151
7.728 12.570 28.767 7.344 15.297 0.438 3.164 -2.527 0.978 0.726 -1.232 0.480
7.951 12.724 27.529 7.897 15.960 -0.528 4.029 -1.342 -0.116 0.254 -0.532 0.339
7.721 12.835 28.470 5.984 15.677 -0.750 3.927 -0.864 -0.433 0.087 -0.316 0.278
7.881 12.698 28.859 7.428 15.563 0.471 3.386 -2.007 0.461 0.471 -0.754 0.325
7.765 13.102 27.386 6.560 15.869 -0.656 4.749 -1.726 -1.170 1.140 0.053 -0.240
7.637 12.584 28.087 6.936 15.549 -0.748 4.389 -1.692 -0.376 0.454 -0.579 0.333
7.802 13.270 27.511 7.125 15.419 -0.566 3.502 -1.565 0.145 0.139 -0.548 0.429
7.746 12.778 27.095 7.578 15.597 -0.674 4.097 -1.800 -0.725 1.104 -0.114 -0.202
7.619 12.797 27.137 7.603 15.248 -1.094 2.780 -0.748 0.931 -0.418 -1.072 0.791
8.215 12.819 28.092 7.715 15.283 -0.409 2.849 -1.270 1.210 -0.289 -1.401 0.925
7.749 13.381 27.004 6.581 15.215 -1.631 2.778 0.021 0.605 -0.780 -0.882 0.774
7.642 12.676 27.379 6.109 15.615 -1.529 4.279 -0.965 -0.683 0.550 -0.272 0.103
7.818 13.241 28.527 7.059 15.145 0.073 2.590 -2.151 1.494 0.419 -1.378 0.529
7.833 12.578 27.650 7.753 15.018 -1.164 2.549 -0.627 0.676 -0.186 -0.738 0.472
7.829 13.018 27.985 7.086 15.557 0.039 3.839 -2.239 -0.023 1.105 -0.587 0.015
7.680 12.848 27.298 7.616 15.533 -1.408 4.519 -0.614 -1.325 0.338 0.269 -0.097
7.744 12.995 26.996 8.056 15.571 -1.193 3.968 -1.245 -0.486 0.652 -0.339 0.070
7.727 12.870 27.471 6.405 15.777 -1.577 4.867 -0.736 -1.585 0.533 0.301 -0.140
7.805 12.913 28.256 7.198 15.617 0.112 4.506 -2.514 -1.095 1.606 0.029 -0.413
7.822 12.953 28.559 7.416 15.826 -0.821 4.910 -1.283 -1.527 0.660 0.298 -0.144
8.104 13.070 28.625 7.035 15.114 0.108 2.599 -1.526 0.787 0.166 -1.134 0.679
7.599 12.379 27.675 7.695 15.095 -0.198 2.137 -1.429 2.046 -0.797 -1.748 1.339
8.028 12.639 27.781 7.515 15.649 -0.077 4.222 -1.983 -0.480 0.825 -0.355 0.116
8.147 13.073 28.165 6.828 15.976 -0.112 5.513 -2.101 -2.223 1.578 0.665 -0.622
7.800 12.592 28.291 7.112 15.522 -0.473 3.664 -1.397 -0.255 0.521 -0.364 0.106
7.581 13.148 27.557 7.303 15.682 -0.817 4.113 -0.845 -0.713 0.024 -0.204 0.301
7.800 12.592 28.291 7.112 15.522 -0.473 3.664 -1.397 -0.255 0.521 -0.364 0.106
7.866 13.035 27.190 8.364 16.465 -1.221 5.798 -1.033 -1.672 0.335 0.068 0.192
7.778 12.378 28.597 6.669 15.243 -0.641 2.368 -1.020 1.633 -0.655 -1.569 1.116
7.709 12.536 27.987 6.863 15.273 -0.133 3.786 -2.357 -0.658 1.294 -0.090 -0.249
7.914 13.278 28.270 6.218 15.498 -0.475 3.663 -1.007 0.286 -0.075 -0.806 0.562
7.793 12.731 27.829 7.297 15.390 -0.950 3.908 -1.116 -0.387 0.183 -0.319 0.283
7.909 12.448 28.176 7.044 14.994 -1.299 3.351 -0.500 -0.031 -0.248 -0.454 0.457
7.634 12.327 27.757 7.558 15.108 -0.654 2.039 -1.115 2.025 -0.638 -1.795 1.225
7.746 13.110 27.942 7.344 15.189 -0.079 2.475 -2.147 1.371 0.610 -1.243 0.408
7.836 12.677 27.865 7.709 14.859 -0.773 2.277 -1.134 0.652 0.310 -0.597 0.170
7.860 12.404 27.980 8.587 15.032 -0.391 2.556 -1.508 1.074 0.101 -1.003 0.482
7.542 13.015 27.021 6.696 15.484 -1.068 3.316 -0.903 -0.067 0.080 -0.591 0.467
7.778 12.378 28.597 6.669 15.243 -0.641 2.368 -1.020 1.633 -0.655 -1.569 1.116
7.838 12.848 27.593 6.772 15.583 -0.761 4.109 -1.296 -0.632 0.474 -0.197 0.064
7.893 12.925 27.595 7.320 15.808 -0.622 3.864 -0.961 0.061 -0.148 -0.770 0.614
7.814 12.944 27.585 6.761 15.462 -0.465 3.880 -1.656 -0.519 0.810 -0.231 -0.007
7.742 12.630 27.262 7.607 15.909 -1.166 5.457 -1.374 -2.076 1.021 0.495 -0.322
7.917 12.907 27.806 7.120 15.449 -0.803 3.015 -0.792 0.913 -0.446 -1.073 0.795
7.781 12.586 27.964 8.207 15.453 0.179 3.232 -1.760 0.731 0.019 -0.991 0.646
7.629 12.893 27.586 6.740 15.017 -0.809 2.874 -1.408 0.624 0.454 -0.907 0.338
7.758 12.981 27.506 7.886 15.823 -0.274 4.730 -2.289 -1.203 1.525 0.082 -0.390
7.785 12.948 28.560 7.167 15.865 0.489 5.612 -3.027 -2.241 2.150 0.703 -0.859
7.846 13.036 27.316 7.414 15.833 -1.066 4.463 -0.866 -0.983 0.186 -0.072 0.216
7.704 12.610 28.845 7.629 15.590 0.311 3.885 -2.181 -0.115 0.776 -0.500 0.164
7.591 13.134 27.043 7.169 15.616 -0.798 3.362 -1.448 0.543 0.119 -0.951 0.578
7.805 12.913 28.256 7.198 15.617 0.112 4.506 -2.514 -1.095 1.606 0.029 -0.413
7.349 12.332 26.508 7.757 15.735 -0.969 3.808 -1.421 0.522 -0.056 -1.166 0.861
8.229 13.208 27.684 7.264 15.385 -0.587 3.240 -1.037 0.547 -0.254 -0.773 0.570
8.155 13.050 27.927 8.336 15.442 -0.612 3.686 -1.473 -0.037 0.652 -0.693 0.192
7.874 12.889 28.575 5.874 15.537 -0.330 4.069 -1.596 -0.677 0.656 -0.099 -0.021
7.867 12.943 27.694 7.139 15.805 -1.236 4.497 -0.807 -1.060 0.280 0.025 0.097
7.560 12.894 27.345 7.626 15.552 -0.525 3.265 -1.867 0.600 0.473 -0.825 0.374
7.379 13.005 27.889 7.611 14.878 -0.558 1.924 -1.425 2.028 -0.090 -1.751 0.900
7.762 12.555 27.877 7.462 15.243 -0.926 2.619 -0.562 1.115 -0.765 -1.184 0.957
7.805 12.686 27.157 7.686 15.408 -1.572 3.314 -0.271 0.097 -0.470 -0.443 0.466
7.881 12.814 27.727 7.483 15.499 -0.529 3.795 -1.652 -0.425 0.729 -0.253 0.030
7.768 12.464 28.176 8.086 14.990 -0.832 3.107 -0.992 0.141 -0.047 -0.689 0.523
8.045 12.703 27.650 7.615 15.198 -0.697 3.082 -1.199 0.262 0.275 -0.583 0.241
7.832 12.529 27.719 8.005 15.556 -0.972 3.320 -0.582 0.509 -0.420 -0.918 0.740
7.619 12.797 27.137 7.603 15.248 -1.094 2.780 -0.748 0.931 -0.418 -1.072 0.791
7.562 12.623 27.414 7.966 15.598 -1.375 4.469 -0.989 -1.003 0.419 -0.048 0.042
8.018 12.475 27.570 7.459 15.381 -0.693 3.812 -1.427 -0.360 0.530 -0.453 0.227
7.709 12.743 27.602 8.535 14.962 -1.511 3.110 -0.262 0.123 -0.506 -0.535 0.543
7.797 12.789 28.047 6.343 15.497 -0.190 3.724 -1.759 0.234 0.254 -0.725 0.445
7.607 12.936 27.244 7.107 15.465 -0.600 3.467 -1.452 0.146 0.364 -0.694 0.368
7.728 12.590 27.212 7.166 15.360 -1.311 3.697 -1.313 -0.196 0.501 -0.451 0.195
7.908 12.369 28.387 9.202 15.480 0.082 3.642 -2.285 0.391 0.670 -0.827 0.329
7.964 12.653 28.157 7.344 14.621 -1.090 2.101 -0.257 1.012 -0.683 -1.023 0.831
7.892 12.639 28.056 6.647 15.689 -0.438 3.322 -1.116 0.774 -0.465 -1.047 0.886
7.641 12.973 27.375 7.561 15.745 -0.871 4.028 -1.065 -0.250 0.077 -0.465 0.378
7.986 12.881 27.314 7.556 15.748 -1.543 4.774 -0.999 -1.461 0.772 0.204 -0.201
8.092 13.295 28.043 6.837 15.795 -0.506 3.697 -1.433 -0.092 0.536 -0.485 0.150
7.866 13.038 27.312 7.818 15.315 -1.195 3.294 -0.693 -0.006 -0.035 -0.443 0.321
7.814 12.944 27.585 6.761 15.462 -0.465 3.880 -1.656 -0.519 0.810 -0.231 -0.007
7.379 13.005 27.889 7.611 14.878 -0.558 1.924 -1.425 2.028 -0.090 -1.751 0.900
7.694 12.841 27.298 8.060 15.786 -0.735 4.481 -1.880 -1.189 1.312 0.219 -0.456
8.383 12.894 28.761 7.181 14.935 -0.096 2.349 -1.336 1.322 -0.093 -1.406 0.815
7.458 12.394 27.378 6.076 15.707 -1.380 4.423 -1.265 -0.756 0.571 -0.328 0.187
7.980 12.604 26.626 8.076 15.491 -1.266 3.517 -0.519 0.075 -0.353 -0.627 0.547
7.912 12.799 28.420 7.061 14.916 -0.121 1.998 -1.227 1.902 -0.512 -1.630 1.074
7.742 13.088 27.320 8.593 15.669 -1.117 3.872 -0.822 -0.217 -0.128 -0.473 0.497
7.582 12.724 27.118 7.033 15.701 -0.921 3.893 -1.224 -0.104 0.231 -0.540 0.299
7.600 13.339 27.748 6.974 15.320 -0.006 2.367 -1.920 1.640 0.229 -1.748 0.925
7.685 12.989 27.105 8.724 16.128 0.037 4.872 -2.542 -0.908 1.327 -0.084 -0.251
7.829 12.117 27.742 8.719 15.485 -0.484 3.574 -1.687 0.007 0.546 -0.470 0.179
7.612 12.625 27.171 7.872 15.457 -0.136 3.164 -1.969 0.757 0.233 -1.107 0.646
7.697 12.903 27.352 7.813 15.598 -0.390 3.592 -1.675 -0.039 0.512 -0.375 0.122
7.789 13.456 27.065 7.691 16.422 -0.344 5.661 -1.485 -1.878 0.575 0.282 0.038
7.839 13.029 27.936 7.930 15.376 -0.275 2.754 -1.662 0.798 0.391 -0.957 0.391
8.048 12.615 27.954 7.964 14.791 -0.522 2.481 -1.664 1.019 0.282 -1.139 0.602
7.728 12.570 28.767 7.344 15.297 0.438 3.164 -2.527 0.978 0.726 -1.232 0.480
7.755 12.703 27.639 7.998 15.291 -0.818 3.363 -1.375 -0.086 0.382 -0.407 0.206
7.758 12.981 27.506 7.886 15.823 -0.274 4.730 -2.289 -1.203 1.525 0.082 -0.390
7.747 12.905 27.374 8.206 15.836 -1.053 4.482 -1.304 -0.795 0.481 -0.146 0.145
7.671 12.934 27.694 7.089 15.774 -1.445 4.259 -0.205 -1.145 -0.040 0.228 0.063
7.595 12.643 27.515 7.238 14.662 -0.753 1.325 -1.027 2.569 -0.706 -2.090 1.327
8.030 12.850 29.051 7.309 15.144 -0.334 2.802 -1.193 0.851 -0.157 -1.104 0.737
7.557 12.915 27.580 7.707 15.775 -0.645 4.101 -1.709 -0.676 0.734 -0.232 0.064
7.914 12.227 27.937 7.362 15.216 -0.361 2.597 -1.583 1.304 0.077 -1.221 0.617
7.936 13.179 28.017 7.355 14.986 -0.176 2.215 -1.118 1.541 -0.524 -1.405 0.968
8.114 12.988 27.611 7.521 15.644 -0.980 4.309 -0.929 -0.906 0.516 -0.146 0.117
7.881 13.304 27.848 7.198 15.346 -0.171 2.931 -1.698 0.793 0.292 -0.926 0.427
7.973 12.743 27.224 7.552 15.733 -1.221 4.428 -0.511 -1.517 0.223 0.429 -0.122
7.752 12.257 28.587 7.864 15.694 0.566 3.924 -2.532 0.056 0.882 -0.658 0.233
7.611 12.427 26.465 7.788 15.303 -1.719 3.441 -0.319 -0.300 -0.312 -0.217 0.317
7.850 12.747 27.621 7.364 15.661 -0.177 3.475 -1.722 0.666 -0.053 -0.988 0.696
7.736 12.605 27.499 6.802 16.085 -0.735 4.525 -1.567 -0.555 0.613 -0.436 0.179
7.780 12.779 26.861 7.256 15.801 -1.356 4.283 -0.974 -0.684 0.425 -0.214 0.086
7.691 12.655 27.756 6.414 15.649 -0.433 3.340 -1.350 0.391 0.112 -0.692 0.375
7.642 12.676 27.379 6.109 15.615 -1.529 4.279 -0.965 -0.683 0.550 -0.272 0.103
7.826 12.431 27.958 7.361 15.539 -0.573 3.849 -1.955 0.065 0.877 -0.702 0.132
7.722 13.173 27.957 7.492 15.250 -0.304 2.768 -1.377 0.745 -0.025 -0.937 0.569
7.781 12.826 28.258 6.931 15.999 0.504 4.967 -2.791 -1.035 1.467 -0.187 -0.196
7.895 12.407 28.257 8.126 15.266 0.183 2.962 -1.675 1.047 -0.033 -1.159 0.706
7.947 12.932 28.105 8.395 15.231 -1.488 3.637 -0.352 -0.199 -0.054 -0.480 0.353
8.231 12.723 28.131 6.908 15.686 0.109 3.518 -1.653 0.470 0.201 -0.968 0.603
8.070 12.679 27.829 7.609 15.449 -0.891 3.371 -0.679 0.130 -0.169 -0.665 0.527
7.796 12.766 28.129 6.920 15.365 0.292 2.810 -2.273 1.197 0.533 -1.238 0.466
7.872 12.850 28.234 7.080 15.453 -0.300 3.954 -1.715 -0.607 0.945 -0.156 -0.133
7.791 12.954 27.379 6.728 15.723 -0.428 4.246 -2.016 -0.552 1.080 -0.353 -0.035
7.667 13.050 27.087 7.371 15.348 -0.470 2.968 -1.500 0.560 0.267 -0.782 0.333
7.685 12.989 27.105 8.724 16.128 0.037 4.872 -2.542 -0.908 1.327 -0.084 -0.251
7.756 13.307 27.985 7.602 15.615 -0.243 3.438 -1.777 0.137 0.523 -0.614 0.269
7.713 12.800 27.639 7.574 15.525 -0.754 3.704 -1.187 -0.293 0.405 -0.369 0.149
7.549 12.367 28.280 7.105 15.886 0.887 4.204 -3.431 0.314 1.463 -1.073 0.260
7.587 12.658 27.575 6.027 15.107 -0.980 2.834 -1.081 0.966 -0.431 -1.256 1.024
8.001 13.064 27.140 7.995 15.878 -1.227 3.805 -0.504 0.109 -0.299 -0.831 0.683
7.895 12.407 28.257 8.126 15.266 0.183 2.962 -1.675 1.047 -0.033 -1.159 0.706
7.568 12.806 27.230 6.841 15.557 -0.676 3.461 -1.836 0.336 0.729 -0.849 0.237
7.855 12.891 28.379 6.737 15.546 -1.049 4.111 -0.825 -0.526 0.052 -0.359 0.390
8.005 12.941 27.766 8.841 15.568 -0.362 3.581 -1.702 0.011 0.704 -0.675 0.221
7.750 12.188 28.086 6.804 15.165 -1.110 3.653 -0.491 -0.661 -0.137 -0.066 0.245
7.944 12.900 27.574 7.984 15.416 -1.096 4.211 -0.401 -0.955 -0.305 0.015 0.331
7.750 12.629 27.481 7.966 15.153 -1.241 3.157 -0.625 0.233 -0.044 -0.678 0.419
8.028 12.528 28.354 6.336 15.573 -0.004 3.278 -1.795 0.568 0.487 -0.826 0.317
7.996 12.843 28.031 7.036 15.557 -0.293 3.837 -1.500 -0.512 0.647 -0.199 0.004
7.992 12.909 27.319 7.285 15.338 -1.171 3.237 -0.676 0.037 0.148 -0.509 0.218
7.775 12.248 27.421 5.979 15.667 -0.967 3.897 -1.113 -0.256 0.259 -0.387 0.193
8.056 12.619 27.989 6.976 15.326 -0.305 2.187 -0.777 1.834 -0.857 -1.539 1.180
7.938 12.678 27.365 8.221 15.409 -0.908 3.814 -1.308 -0.482 0.459 -0.274 0.154
7.847 13.502 28.017 7.965 15.450 -0.267 3.195 -1.248 0.202 0.125 -0.625 0.400
7.820 12.175 27.326 6.432 15.645 -0.520 3.552 -1.372 0.616 -0.104 -0.945 0.626
7.899 12.809 27.830 7.483 15.078 -0.262 2.838 -1.680 0.396 0.586 -0.725 0.239
7.970 13.252 28.369 8.740 15.706 0.459 4.314 -2.414 -0.865 1.198 -0.058 -0.193
8.152 12.648 28.201 6.404 14.868 -0.342 2.016 -0.932 1.402 -0.625 -1.127 0.899
7.798 12.908 27.796 7.644 15.528 -0.540 3.286 -1.279 0.690 -0.045 -0.963 0.618
8.114 12.988 27.611 7.521 15.644 -0.980 4.309 -0.929 -0.906 0.516 -0.146 0.117
7.471 13.073 27.920 8.046 15.814 -0.627 4.248 -1.393 -0.867 0.551 -0.208 0.156
7.454 12.778 26.455 6.399 16.153 -1.100 4.831 -1.581 -1.105 0.956 -0.085 -0.113
7.592 13.241 27.350 7.851 15.954 -0.148 3.938 -2.009 0.107 0.689 -0.749 0.258
8.006 12.620 28.107 8.496 15.898 -0.300 4.155 -1.519 -0.328 0.309 -0.430 0.283
7.913 12.606 28.200 7.089 15.423 -0.451 3.365 -1.536 0.227 0.431 -0.683 0.291
7.778 12.378 28.597 6.669 15.243 -0.641 2.368 -1.020 1.633 -0.655 -1.569 1.116
7.682 12.969 27.831 7.594 15.938 -0.777 5.434 -1.887 -1.910 1.460 0.478 -0.588
7.742 12.710 27.591 7.684 15.248 -1.059 2.629 -0.176 0.951 -0.900 -1.064 0.919
8.017 12.802 28.424 7.511 15.657 -0.061 2.987 -1.352 0.923 -0.170 -1.181 0.817
7.914 12.858 28.090 8.095 15.609 -0.172 3.490 -1.572 0.083 0.353 -0.529 0.267
7.932 13.119 28.476 7.323 15.072 -0.235 2.242 -1.042 1.141 -0.324 -1.050 0.684
7.798 12.964 27.313 8.478 15.760 -1.467 4.481 -0.701 -1.126 0.263 0.072 0.024
7.736 12.605 27.499 6.802 16.085 -0.735 4.525 -1.567 -0.555 0.613 -0.436 0.179
7.756 12.775 27.810 7.609 15.408 -1.091 3.512 -0.821 -0.142 0.018 -0.373 0.305
7.855 12.598 27.471 6.837 14.886 -0.883 2.151 -1.255 1.351 0.177 -1.255 0.540
7.974 13.232 28.364 6.994 15.371 -1.133 3.337 -0.721 0.518 -0.247 -0.949 0.694
7.986 12.493 28.502 8.574 14.991 0.106 1.860 -1.702 2.204 -0.248 -1.746 0.990
7.373 13.077 27.759 8.016 15.710 -0.394 3.400 -1.627 0.910 0.116 -1.164 0.641
8.066 12.701 28.335 7.971 15.952 0.139 4.012 -2.185 -0.131 0.955 -0.559 0.073
8.032 13.158 27.729 7.213 15.798 -0.561 3.809 -1.033 -0.107 -0.075 -0.444 0.412
7.832 12.776 27.748 7.494 15.266 -0.634 3.126 -1.364 0.740 0.074 -0.934 0.543
7.709 12.704 27.024 7.641 15.646 -0.855 3.478 -1.220 0.171 0.055 -0.575 0.414
7.745 12.432 27.668 9.006 15.529 -0.303 4.083 -1.708 -0.769 0.718 -0.149 0.104
7.815 12.422 28.165 7.364 15.486 -0.471 3.731 -2.024 -0.176 0.888 -0.441 0.031
7.825 12.978 27.732 7.852 15.577 -0.016 3.775 -1.499 -0.208 0.334 -0.510 0.324
7.827 12.992 27.760 7.226 15.290 -0.340 2.939 -1.939 0.935 0.502 -1.040 0.395
8.327 12.844 28.772 6.553 15.270 0.889 3.102 -2.228 0.738 0.642 -1.205 0.554
7.973 12.743 27.224 7.552 15.733 -1.221 4.428 -0.511 -1.517 0.223 0.429 -0.122
7.688 12.837 27.103 6.374 15.868 -1.116 4.239 -1.177 -0.615 0.513 -0.143 -0.012
8.383 12.894 28.761 7.181 14.935 -0.096 2.349 -1.336 1.322 -0.093 -1.406 0.815
7.855 13.257 27.836 8.478 15.264 -0.161 2.576 -1.370 1.348 -0.402 -1.245 0.866
7.636 13.319 27.109 7.853 14.932 -0.613 2.564 -1.441 0.722 0.164 -0.951 0.572
7.492 12.813 26.656 8.275 16.235 -0.756 5.204 -2.160 -0.700 0.983 -0.665 0.302
7.436 12.655 27.678 7.485 15.627 0.287 2.978 -2.605 1.700 0.387 -1.931 0.991
7.509 12.417 27.574 8.095 15.430 0.177 3.055 -2.798 1.307 0.828 -1.658 0.726
7.732 12.564 28.263 8.215 15.196 0.151 3.079 -1.909 0.547 0.462 -0.909 0.425
7.991 12.988 28.455 6.529 14.824 -0.143 1.555 -1.060 1.765 -0.518 -1.262 0.829
7.757 12.227 27.751 7.762 15.222 -1.082 3.505 -1.066 -0.512 0.372 -0.147 0.111
7.746 12.743 27.730 7.828 15.402 -0.398 2.811 -1.349 1.081 0.034 -1.239 0.684
7.983 12.820 26.997 8.264 15.854 -1.514 4.078 -0.304 -0.476 -0.318 -0.240 0.353
7.586 12.325 27.966 7.557 15.881 -0.579 4.295 -1.450 -0.271 0.290 -0.667 0.497
7.895 12.407 28.257 8.126 15.266 0.183 2.962 -1.675 1.047 -0.033 -1.159 0.706
7.881 12.920 27.916 6.530 15.688 -0.301 4.586 -2.107 -1.261 1.276 0.173 -0.366
7.463 12.375 27.412 6.775 15.543 0.102 3.033 -2.596 1.183 0.697 -1.527 0.684
7.527 12.595 27.426 7.535 15.061 -0.788 3.064 -1.569 0.746 0.236 -1.076 0.586
7.707 12.728 27.581 6.538 15.580 -1.160 4.495 -0.957 -1.061 0.346 0.011 0.077
7.932 13.088 28.293 7.438 15.857 -0.450 4.427 -0.990 -0.889 0.157 -0.121 0.241
7.977 12.674 27.976 8.644 15.528 -0.278 3.873 -1.462 -0.348 0.518 -0.451 0.158
7.924 13.151 28.104 7.857 14.843 -0.456 1.932 -0.851 1.691 -0.596 -1.444 0.972
7.709 12.743 27.602 8.535 14.962 -1.511 3.110 -0.262 0.123 -0.506 -0.535 0.543
7.842 12.778 28.036 6.616 15.665 -0.940 4.622 -1.067 -1.471 0.458 0.345 -0.090
7.642 13.053 26.794 8.530 15.427 -2.019 3.790 -0.305 -0.823 -0.030 -0.003 0.195
7.576 12.926 28.650 7.761 15.002 0.579 1.491 -2.497 2.737 0.333 -2.143 0.968
7.872 12.685 28.168 6.991 15.610 0.213 3.978 -2.264 -0.159 0.731 -0.461 0.198
7.829 13.018 27.985 7.086 15.557 0.039 3.839 -2.239 -0.023 1.105 -0.587 0.015
7.779 12.676 28.118 7.144 16.204 0.447 4.363 -2.531 0.117 0.810 -0.826 0.320
7.848 12.877 26.944 7.343 15.510 -1.139 3.585 -0.941 -0.038 0.059 -0.571 0.405
7.765 13.102 27.386 6.560 15.869 -0.656 4.749 -1.726 -1.170 1.140 0.053 -0.240
7.747 12.856 27.536 8.018 15.449 -1.227 3.199 -0.441 0.658 -0.570 -0.917 0.742
7.892 13.088 28.351 7.491 15.236 -0.712 2.701 -0.556 1.392 -1.089 -1.261 1.141
7.817 13.054 26.768 7.386 15.036 -0.803 1.703 -0.869 2.117 -0.531 -1.671 0.976
7.801 13.359 27.553 7.693 15.425 -0.386 2.894 -1.350 0.863 -0.060 -1.019 0.615
7.546 13.097 27.426 8.115 15.870 -0.323 3.850 -1.995 -0.238 0.810 -0.383 0.040
7.715 12.422 27.284 7.813 16.026 -1.042 5.201 -1.212 -1.541 0.620 0.190 -0.067
7.766 13.057 28.364 6.904 15.343 -0.211 3.294 -1.209 0.241 0.164 -0.600 0.302
7.613 12.945 27.166 6.852 15.738 -0.971 3.860 -1.137 -0.419 0.364 -0.306 0.162
7.786 12.664 28.012 7.195 15.194 -0.592 2.651 -1.380 1.174 -0.184 -1.240 0.826
8.028 12.639 27.781 7.515 15.649 -0.077 4.222 -1.983 -0.480 0.825 -0.355 0.116
7.715 12.741 27.568 7.207 15.763 -0.071 3.950 -1.698 -0.438 0.288 -0.392 0.349
7.851 12.560 27.956 7.100 15.397 -0.400 2.568 -1.107 1.226 -0.464 -1.160 0.859
7.955 12.541 27.454 8.431 15.424 -0.324 3.454 -1.508 0.008 0.331 -0.520 0.295
7.911 12.446 28.033 6.369 15.423 -0.298 3.760 -1.427 -0.153 0.364 -0.422 0.208
8.036 13.228 28.211 6.465 15.234 0.448 2.000 -2.252 1.739 0.570 -1.496 0.556
7.705 12.897 27.583 6.521 15.599 -1.137 4.434 -1.140 -1.283 0.852 0.182 -0.262
7.741 12.981 27.842 7.919 15.647 -0.343 3.574 -1.707 0.300 0.457 -0.887 0.408
7.543 12.956 28.260 8.120 15.493 -0.468 2.890 -1.530 1.394 0.073 -1.689 0.926
7.527 12.595 27.426 7.535 15.061 -0.788 3.064 -1.569 0.746 0.236 -1.076 0.586
7.587 12.658 27.575 6.027 15.107 -0.980 2.834 -1.081 0.966 -0.431 -1.256 1.024
7.911 12.446 28.033 6.369 15.423 -0.298 3.760 -1.427 -0.153 0.364 -0.422 0.208
7.831 12.921 27.869 7.432 15.487 -0.080 3.255 -1.772 0.414 0.303 -0.681 0.358
8.071 12.579 28.123 6.687 15.176 -0.695 2.690 -0.346 1.194 -1.108 -1.236 1.121
7.669 12.640 28.334 7.149 15.421 -0.929 3.559 -0.974 -0.012 0.208 -0.393 0.148
7.744 13.091 27.547 7.349 15.399 -0.843 3.718 -1.454 -0.326 0.720 -0.419 0.106
8.015 13.021 27.958 7.796 15.532 -0.730 3.767 -0.949 -0.608 0.093 -0.109 0.240
7.724 12.676 27.415 7.573 15.787 -0.630 4.001 -1.746 -0.102 0.756 -0.468 0.062
7.628 12.897 27.517 8.124 15.523 -0.540 3.437 -1.857 0.422 0.516 -0.940 0.481
7.755 12.455 27.509 7.681 15.210 -0.953 2.778 -0.769 0.663 -0.213 -0.799 0.511
7.762 12.520 27.815 7.871 15.285 -0.238 2.492 -1.723 1.528 0.098 -1.515 0.778
7.821 13.065 27.845 7.115 15.543 -1.150 4.445 -0.897 -0.959 0.357 -0.088 0.082
8.018 12.783 27.846 8.242 15.611 -0.072 4.219 -1.688 -0.842 0.651 -0.228 0.142
7.883 12.943 28.106 7.640 15.128 0.115 2.456 -1.732 1.144 0.077 -1.037 0.536
7.965 12.573 28.445 9.009 15.283 -0.383 2.849 -1.372 0.735 -0.081 -0.890 0.597
8.160 12.662 28.341 7.246 15.059 0.015 2.925 -1.660 0.214 0.682 -0.661 0.190
7.739 12.866 27.979 5.943 15.238 -0.330 3.610 -1.934 -0.424 0.956 -0.183 -0.138
7.930 12.615 28.482 6.944 15.413 -0.214 3.629 -1.833 -0.217 0.832 -0.317 -0.025
7.798 12.964 27.313 8.478 15.760 -1.467 4.481 -0.701 -1.126 0.263 0.072 0.024
7.471 13.030 27.345 6.112 15.742 -1.626 3.726 -0.290 0.237 -0.767 -0.803 0.907
8.132 12.572 27.739 8.130 15.266 -0.292 2.781 -1.337 1.108 0.050 -1.177 0.592
8.309 13.117 29.098 7.235 15.229 0.513 2.862 -2.176 1.157 0.503 -1.378 0.594
7.528 12.946 27.335 6.719 15.800 -0.425 4.133 -2.077 -0.301 0.880 -0.516 0.160
7.498 12.875 26.401 8.230 15.922 -1.365 3.688 -1.290 0.519 0.159 -1.040 0.611
7.796 12.766 28.129 6.920 15.365 0.292 2.810 -2.273 1.197 0.533 -1.238 0.466
7.620 12.800 27.329 8.238 15.386 0.205 2.836 -2.593 1.191 0.929 -1.323 0.360
7.566 12.650 27.050 8.241 15.045 -1.375 2.626 -0.959 0.651 0.117 -0.778 0.396
7.886 12.896 29.017 6.844 15.347 0.212 3.721 -1.978 -0.349 0.745 -0.299 0.039
7.732 12.564 28.263 8.215 15.196 0.151 3.079 -1.909 0.547 0.462 -0.909 0.425
7.624 13.248 26.872 7.706 15.538 -0.046 3.035 -1.949 0.920 0.357 -1.069 0.497
8.047 12.943 29.361 6.997 15.267 0.002 3.713 -1.689 -0.560 0.838 -0.173 -0.067
7.528 13.014 26.609 7.620 15.694 -1.008 3.275 -1.283 1.197 -0.305 -1.458 1.023
7.567 13.171 27.927 7.610 15.314 -0.866 2.635 -1.368 1.550 -0.212 -1.613 0.924
7.580 12.766 28.054 7.264 15.605 -0.670 3.774 -1.714 -0.250 0.758 -0.387 0.049
7.619 12.650 26.857 7.532 15.463 -0.614 3.689 -1.874 -0.111 0.791 -0.599 0.145
8.012 12.352 27.193 7.233 15.357 -0.840 3.047 -0.769 0.466 -0.280 -0.793 0.625
7.800 12.938 27.068 7.914 15.438 -0.345 3.539 -2.039 -0.118 0.876 -0.540 0.090
7.575 12.980 28.020 7.348 15.585 0.222 2.978 -2.221 1.267 0.535 -1.552 0.691
7.855 12.598 27.471 6.837 14.886 -0.883 2.151 -1.255 1.351 0.177 -1.255 0.540
7.789 13.456 27.065 7.691 16.422 -0.344 5.661 -1.485 -1.878 0.575 0.282 0.038
7.950 12.963 27.927 7.155 15.155 0.083 2.804 -1.610 0.879 -0.160 -1.011 0.728
7.582 12.437 27.715 7.731 15.708 0.221 3.697 -2.241 0.101 0.918 -0.756 0.179
7.849 12.992 27.665 6.468 15.219 -0.668 3.467 -1.165 0.091 0.164 -0.675 0.381
7.860 12.520 27.453 7.394 15.561 -1.741 3.591 0.047 0.322 -0.945 -0.771 0.839
7.759 12.898 27.360 8.009 14.854 -0.677 2.005 -0.814 1.722 -0.747 -1.507 1.057
7.781 12.826 28.258 6.931 15.999 0.504 4.967 -2.791 -1.035 1.467 -0.187 -0.196
7.667 13.050 27.087 7.371 15.348 -0.470 2.968 -1.500 0.560 0.267 -0.782 0.333
7.727 12.922 26.989 7.788 15.602 -1.587 4.676 -0.765 -1.495 0.373 0.305 -0.066
7.805 12.729 27.675 7.858 15.407 -1.193 2.929 0.124 0.714 -1.290 -1.027 1.187
7.882 12.689 28.410 7.062 15.008 -0.018 2.521 -1.883 1.028 0.593 -0.924 0.182
7.810 12.652 26.768 7.504 15.594 -1.145 3.716 -0.741 -0.193 -0.082 -0.496 0.461
7.913 13.176 28.190 7.562 15.587 0.302 3.438 -1.861 0.017 0.798 -0.557 0.112
8.119 12.440 28.279 5.684 15.256 -0.283 3.181 -1.423 0.704 -0.101 -1.120 0.812
7.580 12.766 28.054 7.264 15.605 -0.670 3.774 -1.714 -0.250 0.758 -0.387 0.049
7.578 12.897 28.252 7.355 14.880 0.089 1.933 -2.064 2.606 -0.038 -2.370 1.246
7.749 12.931 28.632 6.910 15.697 -0.128 5.121 -2.139 -2.143 1.619 0.632 -0.641
7.774 13.032 27.803 7.451 16.195 -0.181 6.156 -2.378 -2.504 1.824 0.628 -0.655
7.970 13.252 28.369 8.740 15.706 0.459 4.314 -2.414 -0.865 1.198 -0.058 -0.193
8.100 12.475 28.267 7.760 15.491 -0.231 4.873 -1.777 -1.748 1.215 0.394 -0.430
7.845 12.775 27.333 7.157 15.413 -1.992 4.102 0.343 -1.320 -0.285 0.405 0.011
8.388 12.884 28.395 6.999 15.660 -0.328 5.059 -1.555 -1.575 1.015 0.073 -0.137
7.629 12.823 27.809 8.001 15.836 0.481 4.122 -2.591 0.198 0.921 -0.958 0.328
7.669 12.640 28.334 7.149 15.421 -0.929 3.559 -0.974 -0.012 0.208 -0.393 0.148
7.564 12.891 26.271 7.968 15.785 -1.401 3.770 -0.438 0.192 -0.619 -0.857 0.857
7.773 13.062 27.849 7.055 16.110 0.171 5.120 -2.206 -1.582 1.337 0.328 -0.437
7.521 12.570 27.566 7.179 15.490 -1.850 3.853 0.066 -0.692 -0.276 -0.111 0.302
7.810 12.763 27.635 7.135 15.413 -0.415 2.962 -1.540 0.915 0.158 -1.007 0.533
8.155 13.050 27.927 8.336 15.442 -0.612 3.686 -1.473 -0.037 0.652 -0.693 0.192
7.825 13.127 27.135 8.165 16.001 -0.872 4.373 -1.141 -1.069 0.644 0.074 -0.128
7.899 12.809 27.830 7.483 15.078 -0.262 2.838 -1.680 0.396 0.586 -0.725 0.239
7.774 12.200 28.247 7.872 15.200 -0.364 3.348 -1.775 -0.237 0.887 -0.273 -0.049
8.154 12.843 28.837 7.850 15.641 0.044 4.262 -1.781 -0.384 0.625 -0.558 0.270
7.508 13.095 27.525 7.826 15.360 -0.962 3.666 -1.436 0.001 0.297 -0.933 0.657
7.761 12.892 27.614 7.404 15.199 -1.229 2.718 -0.923 1.334 -0.594 -1.317 0.975
7.761 12.892 27.614 7.404 15.199 -1.229 2.718 -0.923 1.334 -0.594 -1.317 0.975
8.117 12.960 28.244 8.125 15.410 -0.296 3.643 -1.570 -0.061 0.527 -0.582 0.262
7.547 12.912 27.541 6.292 15.246 -0.824 2.843 -1.097 1.055 -0.144 -1.364 0.872
7.669 12.640 28.334 7.149 15.421 -0.929 3.559 -0.974 -0.012 0.208 -0.393 0.148
7.955 12.893 27.337 6.611 16.146 -0.975 4.840 -1.140 -0.831 0.337 -0.249 0.212
7.946 12.495 28.549 6.747 15.326 0.011 3.631 -1.895 -0.072 0.659 -0.458 0.131
7.851 12.560 27.956 7.100 15.397 -0.400 2.568 -1.107 1.226 -0.464 -1.160 0.859
7.712 12.321 27.560 8.083 15.498 -0.250 3.853 -2.124 -0.657 1.198 -0.098 -0.236
7.743 13.157 27.539 6.879 15.212 -0.337 2.500 -1.276 1.179 -0.123 -1.200 0.729
7.827 12.992 27.760 7.226 15.290 -0.340 2.939 -1.939 0.935 0.502 -1.040 0.395
7.894 12.661 27.251 7.594 15.005 -0.696 3.130 -1.467 -0.150 0.825 -0.267 -0.122
7.979 12.602 28.324 6.413 15.541 -0.209 4.102 -1.927 -0.435 0.848 -0.347 0.025
7.542 12.889 26.821 7.527 15.806 -1.572 4.574 -0.911 -0.782 0.298 -0.309 0.324
7.742 12.159 27.469 6.909 15.185 -1.448 2.662 -0.378 0.906 -0.603 -0.995 0.776
7.570 12.699 27.299 8.060 15.770 -0.858 3.920 -1.460 0.074 0.415 -0.812 0.420
7.599 12.884 27.732 7.437 15.466 0.006 3.272 -2.313 0.513 0.981 -0.832 0.107
7.767 12.250 27.108 6.583 15.328 -1.399 3.450 -0.537 0.176 -0.197 -0.623 0.449
8.302 13.481 28.175 6.012 15.290 0.778 2.542 -2.231 1.568 0.235 -1.521 0.759
7.784 12.876 27.976 6.618 16.166 -0.585 5.470 -1.920 -1.682 1.201 0.173 -0.232
7.805 12.729 27.675 7.858 15.407 -1.193 2.929 0.124 0.714 -1.290 -1.027 1.187
7.725 12.509 28.079 7.868 15.655 0.260 3.528 -2.214 -0.068 0.905 -0.463 0.043
7.734 13.058 28.038 6.021 15.427 -0.161 3.949 -1.841 -0.531 0.795 -0.205 -0.024
7.548 12.721 28.018 6.875 15.619 -0.776 3.526 -1.645 0.610 0.485 -1.379 0.705
7.708 12.942 27.130 7.781 14.950 -1.620 2.416 -0.237 1.318 -1.019 -1.248 1.026
7.832 13.049 27.825 7.654 14.911 -1.248 2.700 -0.622 0.520 -0.222 -0.746 0.523
7.770 12.677 27.300 7.667 15.465 -1.020 3.444 -0.773 0.105 -0.203 -0.582 0.495
7.832 12.984 27.670 7.728 15.534 -0.208 3.238 -1.914 0.430 0.553 -0.697 0.288
7.727 12.870 27.471 6.405 15.777 -1.577 4.867 -0.736 -1.585 0.533 0.301 -0.140
7.772 12.612 26.835 7.715 15.167 -0.889 2.229 -1.060 1.597 -0.348 -1.365 0.845
7.834 12.810 27.667 8.462 15.494 -0.594 3.937 -1.529 -0.789 0.887 -0.047 -0.185
7.549 13.011 27.850 5.817 14.683 -1.187 0.923 -0.716 3.637 -1.194 -2.868 1.835
7.594 12.595 27.358 5.878 15.108 -1.402 2.951 -0.765 0.621 -0.254 -0.906 0.632
7.685 12.952 26.990 7.831 15.494 -0.704 3.745 -1.451 -0.348 0.347 -0.244 0.204
7.955 12.524 27.605 7.008 15.565 -0.763 3.505 -0.569 -0.069 -0.285 -0.383 0.354
7.608 12.956 27.100 8.472 15.523 -0.960 4.317 -1.426 -0.645 0.633 -0.378 0.178
7.462 13.054 27.441 8.306 14.897 -0.300 1.380 -1.486 2.587 -0.455 -2.181 1.316
7.769 12.867 27.832 7.482 15.807 -0.573 4.687 -1.690 -1.124 0.874 0.057 -0.140
7.548 12.559 26.970 6.875 15.941 -1.012 5.445 -1.631 -1.789 0.958 0.286 -0.168
7.729 12.882 27.148 7.463 15.323 -1.303 3.485 -0.393 -0.137 -0.410 -0.437 0.505
7.821 13.065 27.845 7.115 15.543 -1.150 4.445 -0.897 -0.959 0.357 -0.088 0.082
7.916 12.673 28.510 6.176 14.880 -0.386 2.448 -1.134 0.727 -0.067 -0.733 0.438
7.895 12.407 28.257 8.126 15.266 0.183 2.962 -1.675 1.047 -0.033 -1.159 0.706
7.840 12.761 27.286 7.285 16.071 -1.212 4.115 -0.557 -0.055 -0.312 -0.606 0.579
7.800 13.033 27.318 7.488 15.186 -0.861 2.955 -1.080 0.830 -0.071 -1.111 0.661
7.581 12.652 27.144 7.405 15.412 -0.914 3.442 -0.956 0.414 -0.240 -0.963 0.730
7.780 12.779 26.861 7.256 15.801 -1.356 4.283 -0.974 -0.684 0.425 -0.214 0.086
7.983 12.820 26.997 8.264 15.854 -1.514 4.078 -0.304 -0.476 -0.318 -0.240 0.353
7.731 12.649 28.157 6.902 15.396 -0.296 3.345 -1.844 0.422 0.426 -0.785 0.391
7.823 12.589 28.123 6.362 15.554 -0.347 3.809 -1.433 -0.065 0.194 -0.544 0.386
7.630 13.059 26.761 8.664 15.503 -1.038 2.905 -0.688 0.832 -0.529 -0.977 0.771
7.633 12.806 27.259 8.024 15.299 -0.424 2.757 -1.360 1.181 -0.339 -1.243 0.915
7.608 12.956 27.100 8.472 15.523 -0.960 4.317 -1.426 -0.645 0.633 -0.378 0.178
7.985 12.989 27.429 8.210 15.300 -0.824 3.059 -0.785 0.474 -0.169 -0.811 0.512
8.027 12.776 27.863 8.952 15.575 -1.318 4.445 -0.714 -1.344 0.319 0.353 -0.100
7.745 12.839 28.410 7.390 15.579 -0.436 3.875 -1.493 -0.211 0.359 -0.458 0.314
7.858 12.754 27.806 7.595 15.546 -0.620 3.673 -1.162 0.081 0.164 -0.600 0.402
7.757 13.265 27.494 6.657 15.841 -0.545 3.961 -1.304 -0.386 0.365 -0.405 0.199
7.539 12.958 27.061 6.588 15.412 -1.434 3.551 -0.400 -0.149 -0.315 -0.581 0.610
7.568 12.806 27.230 6.841 15.557 -0.676 3.461 -1.836 0.336 0.729 -0.849 0.237
7.733 12.819 26.964 7.886 15.603 -1.285 4.367 -0.938 -1.087 0.610 0.030 -0.080
7.703 12.853 27.712 7.829 15.239 0.154 2.668 -2.400 0.747 0.779 -0.930 0.335
7.743 13.157 27.539 6.879 15.212 -0.337 2.500 -1.276 1.179 -0.123 -1.200 0.729
7.771 12.294 26.713 10.158 15.952 -0.462 4.661 -2.078 -0.937 1.338 -0.105 -0.284
7.756 13.041 27.575 6.057 15.945 -0.589 5.022 -1.798 -1.751 1.250 0.418 -0.416
7.734 12.346 27.002 7.056 15.485 -0.784 3.237 -1.222 0.288 0.197 -0.523 0.217
7.824 13.320 27.706 7.276 15.547 -0.072 3.494 -2.249 0.826 0.726 -1.101 0.375
7.885 12.740 27.606 6.928 15.110 -0.719 2.215 -0.808 1.652 -0.742 -1.499 1.067
7.772 13.041 28.434 8.261 15.618 -0.370 4.000 -1.392 -0.539 0.598 -0.176 -0.061
7.568 12.806 27.230 6.841 15.557 -0.676 3.461 -1.836 0.336 0.729 -0.849 0.237
7.932 12.370 28.369 7.374 15.345 0.098 3.123 -1.679 0.435 0.245 -0.776 0.443
8.051 13.113 28.636 7.165 15.006 0.072 2.628 -1.659 0.713 0.429 -0.796 0.296
7.635 12.821 27.087 8.940 15.826 -0.853 4.287 -1.556 -0.422 0.757 -0.400 0.030
8.069 12.710 28.095 7.005 15.714 -1.404 4.637 -0.481 -1.279 0.168 -0.047 0.216
7.778 12.378 28.597 6.669 15.243 -0.641 2.368 -1.020 1.633 -0.655 -1.569 1.116
7.931 12.791 28.116 7.710 15.262 -0.325 3.283 -1.728 0.217 0.437 -0.693 0.342
7.560 12.894 27.345 7.626 15.552 -0.525 3.265 -1.867 0.600 0.473 -0.825 0.374
7.661 12.750 27.497 6.455 15.071 -0.871 2.587 -0.944 0.855 -0.228 -0.937 0.626
7.907 12.550 28.151 6.859 15.451 -0.777 3.922 -0.921 -0.544 0.315 -0.168 0.067
7.682 12.751 27.742 6.667 15.612 -0.663 4.370 -1.734 -1.202 0.996 0.207 -0.251
7.815 12.422 28.165 7.364 15.486 -0.471 3.731 -2.024 -0.176 0.888 -0.441 0.031
7.701 12.910 27.044 7.903 15.789 -1.264 3.926 -0.755 0.017 -0.193 -0.624 0.498
7.832 12.984 27.670 7.728 15.534 -0.208 3.238 -1.914 0.430 0.553 -0.697 0.288
7.868 12.619 26.788 8.182 15.602 -1.378 3.112 -0.566 0.634 -0.243 -0.889 0.560
8.033 12.752 28.131 7.641 14.961 -0.930 3.237 -0.812 0.080 0.030 -0.462 0.303
7.826 12.940 27.875 7.578 15.598 -0.794 4.021 -1.177 -0.478 0.400 -0.285 0.144
7.868 13.063 27.830 7.913 15.570 -0.061 3.694 -1.729 -0.374 0.631 -0.359 0.171
7.816 12.834 27.059 8.375 15.479 -1.489 3.405 -0.297 0.238 -0.614 -0.629 0.588
7.739 12.866 27.979 5.943 15.238 -0.330 3.610 -1.934 -0.424 0.956 -0.183 -0.138
8.017 12.802 28.424 7.511 15.657 -0.061 2.987 -1.352 0.923 -0.170 -1.181 0.817
7.749 12.931 28.632 6.910 15.697 -0.128 5.121 -2.139 -2.143 1.619 0.632 -0.641
8.099 13.220 28.894 7.602 15.521 -0.260 4.649 -1.513 -1.589 0.986 0.270 -0.310
7.860 12.520 27.453 7.394 15.561 -1.741 3.591 0.047 0.322 -0.945 -0.771 0.839
7.746 12.743 27.730 7.828 15.402 -0.398 2.811 -1.349 1.081 0.034 -1.239 0.684
7.716 13.263 28.235 6.784 15.090 -0.339 2.948 -1.557 0.362 0.309 -0.705 0.372
7.630 13.059 26.761 8.664 15.503 -1.038 2.905 -0.688 0.832 -0.529 -0.977 0.771
7.938 12.252 29.202 7.179 15.161 0.187 2.955 -1.816 0.579 0.590 -0.982 0.372
8.030 12.850 29.051 7.309 15.144 -0.334 2.802 -1.193 0.851 -0.157 -1.104 0.737
7.738 12.887 28.201 7.420 15.568 -0.214 3.736 -1.959 0.139 0.689 -0.724 0.288
8.015 12.493 27.843 7.970 15.273 0.019 3.226 -2.004 0.258 0.724 -0.693 0.184
7.700 12.404 27.345 8.789 15.696 -0.076 4.192 -2.172 -0.254 0.730 -0.462 0.198
7.620 12.800 27.329 8.238 15.386 0.205 2.836 -2.593 1.191 0.929 -1.323 0.360
7.875 13.068 28.227 8.105 15.463 -0.397 3.466 -1.081 0.326 -0.326 -0.759 0.701
7.968 12.803 28.036 7.784 15.224 -0.986 3.762 -1.012 -0.680 0.232 -0.001 0.092
8.060 12.284 28.673 7.540 15.357 -0.362 3.292 -1.564 0.446 0.524 -0.846 0.262
7.379 13.005 27.889 7.611 14.878 -0.558 1.924 -1.425 2.028 -0.090 -1.751 0.900
7.697 12.537 27.493 8.497 15.355 -0.868 3.053 -1.264 0.671 0.175 -0.849 0.419
7.771 12.294 26.713 10.158 15.952 -0.462 4.661 -2.078 -0.937 1.338 -0.105 -0.284
7.759 12.769 27.647 7.383 14.950 -0.474 2.539 -1.561 0.813 0.440 -0.838 0.263
7.948 12.995 28.102 9.144 15.825 -0.009 4.528 -1.827 -1.110 1.087 0.106 -0.276
7.744 12.887 27.577 7.751 15.640 -0.368 3.429 -1.475 0.564 0.115 -1.018 0.597
8.152 12.648 28.201 6.404 14.868 -0.342 2.016 -0.932 1.402 -0.625 -1.127 0.899
7.866 13.038 27.312 7.818 15.315 -1.195 3.294 -0.693 -0.006 -0.035 -0.443 0.321
7.564 12.891 26.271 7.968 15.785 -1.401 3.770 -0.438 0.192 -0.619 -0.857 0.857
7.913 13.239 27.659 7.237 15.729 -0.475 4.653 -1.685 -1.754 1.308 0.511 -0.537
8.015 12.787 27.846 6.600 15.314 -0.229 2.761 -1.310 0.476 0.244 -0.714 0.345
7.909 12.448 28.176 7.044 14.994 -1.299 3.351 -0.500 -0.031 -0.248 -0.454 0.457
7.727 13.053 27.758 6.848 15.659 0.059 3.053 -1.483 0.888 -0.232 -1.137 0.825
8.100 12.810 28.555 6.980 15.176 0.080 2.647 -1.645 1.267 0.132 -1.312 0.642
7.414 12.729 26.676 8.043 15.760 -0.691 3.635 -1.918 0.213 0.567 -0.877 0.451
7.581 12.652 27.144 7.405 15.412 -0.914 3.442 -0.956 0.414 -0.240 -0.963 0.730
7.727 12.870 27.471 6.405 15.777 -1.577 4.867 -0.736 -1.585 0.533 0.301 -0.140
7.748 12.502 27.603 7.898 15.523 -0.393 4.308 -1.893 -0.754 0.738 -0.201 0.075
8.285 13.050 27.796 6.584 15.782 -0.617 4.208 -1.343 -0.098 0.381 -0.827 0.477
7.890 13.142 28.155 7.788 15.383 0.121 3.446 -2.043 0.367 0.716 -0.733 0.228
7.556 13.282 27.774 7.162 15.911 -0.350 3.472 -1.715 0.506 0.533 -1.040 0.452
7.737 12.956 27.613 7.521 15.564 -1.000 4.102 -0.912 -0.652 0.471 -0.259 0.079
8.021 13.211 28.593 7.460 15.600 0.397 3.791 -2.838 0.131 1.414 -0.835 0.026
7.703 12.921 27.395 7.513 15.221 -0.697 3.105 -1.253 0.387 0.138 -0.601 0.343
7.791 12.954 27.379 6.728 15.723 -0.428 4.246 -2.016 -0.552 1.080 -0.353 -0.035
7.821 13.065 27.845 7.115 15.543 -1.150 4.445 -0.897 -0.959 0.357 -0.088 0.082
7.825 12.333 27.043 7.711 15.406 -1.092 3.759 -1.084 -0.064 0.080 -0.573 0.398
7.802 13.270 27.511 7.125 15.419 -0.566 3.502 -1.565 0.145 0.139 -0.548 0.429
7.828 12.543 28.191 7.203 15.533 0.573 3.399 -2.797 0.032 1.291 -0.426 -0.111
7.538 12.665 26.913 7.988 15.937 -1.184 4.408 -1.005 -0.741 0.240 -0.189 0.176
8.062 12.637 27.277 6.798 15.454 -1.772 4.097 -0.141 -0.899 -0.156 -0.094 0.270
7.769 12.867 27.832 7.482 15.807 -0.573 4.687 -1.690 -1.124 0.874 0.057 -0.140
8.259 12.401 29.646 7.178 15.257 -0.088 3.910 -1.679 -0.601 0.626 -0.258 0.097
7.867 13.128 27.191 7.507 15.372 -0.954 2.877 -0.975 0.825 -0.255 -0.960 0.687
8.031 12.074 28.486 5.494 15.443 0.217 3.564 -2.051 0.168 0.627 -0.651 0.235
7.715 13.110 27.127 7.549 15.815 -0.964 4.131 -1.063 -0.245 0.118 -0.461 0.339
7.989 12.947 28.228 7.019 14.826 -0.387 1.339 -0.725 2.672 -1.038 -2.052 1.359
7.521 13.477 26.715 7.622 15.839 -1.211 4.253 -1.342 -0.609 0.632 -0.428 0.200
7.865 12.885 27.709 7.817 15.800 -0.193 4.145 -1.335 -0.527 0.303 -0.401 0.312
7.460 12.403 26.588 7.964 15.617 -0.847 3.596 -1.830 0.494 0.560 -1.095 0.522
7.718 13.065 27.516 8.020 15.606 -1.355 3.477 -0.319 0.260 -0.563 -0.689 0.654
8.017 12.644 27.758 7.483 15.625 -0.662 4.564 -1.740 -1.006 0.849 -0.183 0.038
7.613 12.945 27.166 6.852 15.738 -0.971 3.860 -1.137 -0.419 0.364 -0.306 0.162
7.826 13.040 28.138 6.809 15.195 -0.277 3.566 -1.685 -0.858 1.004 0.141 -0.292
7.774 13.032 27.803 7.451 16.195 -0.181 6.156 -2.378 -2.504 1.824 0.628 -0.655
7.843 12.570 27.426 7.975 15.470 -1.098 3.919 -1.353 -0.507 0.619 -0.203 0.019
7.752 12.779 27.455 7.640 15.742 -1.021 4.168 -1.275 -0.418 0.468 -0.319 0.127
7.824 13.320 27.706 7.276 15.547 -0.072 3.494 -2.249 0.826 0.726 -1.101 0.375
7.961 12.814 28.315 7.286 15.074 -0.942 2.529 -0.386 1.214 -0.783 -1.173 0.952
7.470 12.952 27.192 8.732 16.082 -1.552 4.644 -0.650 -0.971 0.153 -0.200 0.257
7.703 12.921 27.395 7.513 15.221 -0.697 3.105 -1.253 0.387 0.138 -0.601 0.343
7.920 13.132 27.830 7.730 15.181 -0.314 2.723 -1.549 0.963 0.245 -1.097 0.522
8.092 13.295 28.043 6.837 15.795 -0.506 3.697 -1.433 -0.092 0.536 -0.485 0.150
7.989 12.947 28.228 7.019 14.826 -0.387 1.339 -0.725 2.672 -1.038 -2.052 1.359
7.899 13.181 28.149 6.987 14.911 -0.681 1.900 -0.791 1.851 -0.488 -1.559 0.895
7.463 12.375 27.412 6.775 15.543 0.102 3.033 -2.596 1.183 0.697 -1.527 0.684
7.791 12.627 27.305 7.643 15.676 -1.530 4.093 -0.593 -0.665 0.061 -0.168 0.203
7.838 13.029 27.321 7.995 15.340 -0.728 3.144 -0.776 0.467 -0.438 -0.818 0.714
7.548 12.559 26.970 6.875 15.941 -1.012 5.445 -1.631 -1.789 0.958 0.286 -0.168
7.919 12.594 27.855 6.884 15.234 -1.175 2.913 -0.683 0.694 -0.298 -0.901 0.646
7.789 13.456 27.065 7.691 16.422 -0.344 5.661 -1.485 -1.878 0.575 0.282 0.038
7.629 12.893 27.586 6.740 15.017 -0.809 2.874 -1.408 0.624 0.454 -0.907 0.338
7.996 12.843 28.031 7.036 15.557 -0.293 3.837 -1.500 -0.512 0.647 -0.199 0.004
7.808 11.893 27.978 7.792 15.301 -0.652 3.148 -1.432 0.653 0.207 -0.860 0.388
7.755 12.703 27.639 7.998 15.291 -0.818 3.363 -1.375 -0.086 0.382 -0.407 0.206
8.500 12.913 28.695 8.413 15.327 0.375 2.784 -1.589 1.338 -0.003 -1.569 0.909
7.688 13.583 27.979 7.775 15.728 -0.566 3.711 -1.411 -0.279 0.593 -0.246 0.001
7.540 12.562 27.644 7.190 15.782 -0.263 3.580 -1.515 0.467 0.067 -1.048 0.709
7.606 13.077 27.960 7.204 15.758 -0.325 4.056 -1.571 -0.588 0.492 -0.173 0.101
7.893 12.978 28.012 7.149 15.664 -0.522 4.624 -1.342 -1.271 0.500 0.241 -0.055
7.801 12.995 27.767 7.840 15.877 -0.864 4.798 -1.253 -1.317 0.590 0.134 -0.060
8.120 12.796 27.448 7.182 15.158 -0.519 3.153 -1.383 0.246 0.282 -0.653 0.371
7.766 13.050 27.858 7.241 15.433 -0.174 3.090 -1.914 0.170 0.801 -0.461 -0.021
7.779 12.617 27.646 6.897 15.584 -0.160 3.948 -1.795 -0.486 0.891 -0.306 -0.009
8.114 12.921 27.769 7.527 15.603 -0.756 4.225 -1.306 -0.575 0.383 -0.300 0.195
7.460 12.403 26.588 7.964 15.617 -0.847 3.596 -1.830 0.494 0.560 -1.095 0.522
7.973 12.746 27.604 7.693 15.342 -1.202 3.568 -0.910 -0.234 0.271 -0.429 0.233
7.770 12.448 28.724 7.519 15.035 -0.406 2.177 -0.782 1.474 -0.668 -1.358 0.970
8.033 12.752 28.131 7.641 14.961 -0.930 3.237 -0.812 0.080 0.030 -0.462 0.303
7.931 12.791 28.116 7.710 15.262 -0.325 3.283 -1.728 0.217 0.437 -0.693 0.342
7.822 12.625 27.670 7.723 15.470 -0.215 3.238 -1.707 0.552 0.266 -0.855 0.479
7.933 12.854 28.088 7.772 15.317 -1.373 3.896 -0.407 -0.423 -0.204 -0.304 0.371
7.909 12.469 28.590 6.977 15.524 -0.194 3.707 -1.920 0.283 0.620 -0.928 0.411
7.789 12.531 28.107 6.469 15.465 -1.025 4.183 -0.698 -0.999 0.300 0.059 0.000
7.914 12.858 28.090 8.095 15.609 -0.172 3.490 -1.572 0.083 0.353 -0.529 0.267
7.485 12.788 27.008 7.634 15.521 -0.206 3.206 -1.976 0.731 0.624 -1.151 0.472
7.635 12.821 27.087 8.940 15.826 -0.853 4.287 -1.556 -0.422 0.757 -0.400 0.030
7.779 12.676 28.118 7.144 16.204 0.447 4.363 -2.531 0.117 0.810 -0.826 0.320
7.690 12.955 27.515 7.184 15.751 -1.285 4.789 -0.894 -1.268 0.300 0.128 0.075
8.017 12.802 28.424 7.511 15.657 -0.061 2.987 -1.352 0.923 -0.170 -1.181 0.817
7.855 12.513 27.315 8.171 16.017 -0.920 5.016 -1.730 -1.406 1.127 0.159 -0.294
7.959 12.617 27.995 6.568 15.120 -0.755 3.419 -1.603 0.171 0.493 -0.743 0.359
7.762 12.620 26.981 7.042 15.528 -1.639 4.357 -0.585 -1.261 0.224 0.160 0.066
7.715 13.110 27.127 7.549 15.815 -0.964 4.131 -1.063 -0.245 0.118 -0.461 0.339
7.744 12.995 26.996 8.056 15.571 -1.193 3.968 -1.245 -0.486 0.652 -0.339 0.070
7.379 13.005 27.889 7.611 14.878 -0.558 1.924 -1.425 2.028 -0.090 -1.751 0.900
7.929 12.843 28.601 6.413 15.424 -0.354 4.051 -1.799 -0.780 0.897 -0.032 -0.142
7.634 12.784 27.547 6.711 15.080 -0.577 3.491 -1.928 -0.279 0.863 -0.381 0.048
7.848 13.047 27.521 7.789 14.896 -1.302 2.087 -0.686 1.338 -0.207 -1.099 0.523
7.816 12.834 27.059 8.375 15.479 -1.489 3.405 -0.297 0.238 -0.614 -0.629 0.588
7.560 12.783 27.856 7.656 15.407 -0.380 3.460 -1.989 0.704 0.568 -1.269 0.571
7.941 12.376 28.279 7.022 15.389 -1.014 3.424 -0.855 0.216 -0.112 -0.572 0.411
7.800 12.822 28.131 7.973 15.329 -0.320 2.302 -1.250 1.729 -0.433 -1.533 1.001
7.881 12.814 27.727 7.483 15.499 -0.529 3.795 -1.652 -0.425 0.729 -0.253 0.030
7.914 12.227 27.937 7.362 15.216 -0.361 2.597 -1.583 1.304 0.077 -1.221 0.617
7.907 12.550 28.151 6.859 15.451 -0.777 3.922 -0.921 -0.544 0.315 -0.168 0.067
7.653 13.076 27.567 7.617 15.724 -0.468 4.042 -1.706 -0.380 0.599 -0.370 0.124
7.365 13.040 27.781 7.297 15.418 -1.086 3.151 -1.048 0.629 0.110 -1.006 0.553
7.780 12.779 26.861 7.256 15.801 -1.356 4.283 -0.974 -0.684 0.425 -0.214 0.086
7.373 13.077 27.759 8.016 15.710 -0.394 3.400 -1.627 0.910 0.116 -1.164 0.641
7.762 12.620 26.981 7.042 15.528 -1.639 4.357 -0.585 -1.261 0.224 0.160 0.066
7.910 13.177 27.098 7.737 15.945 -1.474 4.595 -0.546 -1.123 0.235 0.083 -0.004
7.689 12.572 28.185 7.699 15.006 -0.004 2.422 -2.067 1.390 0.337 -1.302 0.566
7.742 13.088 27.320 8.593 15.669 -1.117 3.872 -0.822 -0.217 -0.128 -0.473 0.497
7.815 12.422 28.165 7.364 15.486 -0.471 3.731 -2.024 -0.176 0.888 -0.441 0.031
7.685 12.989 27.105 8.724 16.128 0.037 4.872 -2.542 -0.908 1.327 -0.084 -0.251
7.718 13.065 27.516 8.020 15.606 -1.355 3.477 -0.319 0.260 -0.563 -0.689 0.654
8.017 12.644 27.758 7.483 15.625 -0.662 4.564 -1.740 -1.006 0.849 -0.183 0.038
8.229 13.208 27.684 7.264 15.385 -0.587 3.240 -1.037 0.547 -0.254 -0.773 0.570
7.769 12.867 27.832 7.482 15.807 -0.573 4.687 -1.690 -1.124 0.874 0.057 -0.140
7.661 12.750 27.497 6.455 15.071 -0.871 2.587 -0.944 0.855 -0.228 -0.937 0.626
7.736 12.750 28.122 7.350 15.367 -0.342 3.031 -1.507 0.480 0.418 -0.871 0.379
8.077 12.336 28.565 7.913 15.181 -0.105 2.835 -1.544 0.914 0.201 -1.307 0.702
7.832 12.730 28.369 7.406 15.191 -0.999 3.247 -0.700 0.241 -0.412 -0.690 0.677
7.560 12.894 27.345 7.626 15.552 -0.525 3.265 -1.867 0.600 0.473 -0.825 0.374
7.485 12.788 27.008 7.634 15.521 -0.206 3.206 -1.976 0.731 0.624 -1.151 0.472
8.005 12.941 27.766 8.841 15.568 -0.362 3.581 -1.702 0.011 0.704 -0.675 0.221
7.751 12.769 27.393 7.075 15.321 -0.581 3.025 -1.420 0.627 0.094 -0.876 0.497
7.739 12.884 27.645 7.063 15.387 -0.886 3.238 -0.918 0.319 -0.215 -0.724 0.638
8.015 12.493 27.843 7.970 15.273 0.019 3.226 -2.004 0.258 0.724 -0.693 0.184
7.707 12.728 27.857 7.081 15.390 -0.749 3.760 -1.509 -0.391 0.612 -0.309 0.088
7.882 12.911 27.590 8.629 15.884 -0.601 4.889 -1.389 -1.769 0.964 0.553 -0.408
7.801 13.359 27.553 7.693 15.425 -0.386 2.894 -1.350 0.863 -0.060 -1.019 0.615
7.848 12.877 26.944 7.343 15.510 -1.139 3.585 -0.941 -0.038 0.059 -0.571 0.405
7.499 12.474 26.406 7.913 15.845 -2.052 4.097 -0.340 0.219 -0.357 -1.020 0.776
7.707 12.329 27.809 6.693 15.651 -0.713 3.749 -1.210 -0.089 0.252 -0.471 0.251
7.765 12.760 27.421 7.301 15.615 -0.770 4.349 -1.527 -1.043 0.866 0.052 -0.186
7.746 12.743 27.730 7.828 15.402 -0.398 2.811 -1.349 1.081 0.034 -1.239 0.684
7.868 13.063 27.830 7.913 15.570 -0.061 3.694 -1.729 -0.374 0.631 -0.359 0.171
7.772 12.364 27.626 6.893 14.752 -1.296 2.387 -0.345 0.941 -0.657 -0.954 0.784
7.913 13.176 28.190 7.562 15.587 0.302 3.438 -1.861 0.017 0.798 -0.557 0.112
8.146 12.932 27.493 7.679 14.932 -0.601 2.124 -0.870 1.419 -0.485 -1.348 0.951
7.787 12.879 27.430 7.932 15.682 -0.611 4.452 -1.918 -1.177 1.364 0.017 -0.341
7.689 12.572 28.185 7.699 15.006 -0.004 2.422 -2.067 1.390 0.337 -1.302 0.566
7.824 13.117 27.706 7.190 15.636 -0.421 3.728 -1.674 0.361 0.375 -0.808 0.408
7.796 12.946 28.168 7.482 15.449 -1.033 3.893 -0.839 -0.408 -0.074 -0.504 0.520
8.049 12.497 28.133 6.475 15.014 -0.156 2.963 -1.603 0.536 0.275 -0.927 0.496
7.770 12.980 27.745 7.782 15.426 -0.234 3.019 -1.471 0.975 -0.128 -1.156 0.749
7.635 12.821 27.087 8.940 15.826 -0.853 4.287 -1.556 -0.422 0.757 -0.400 0.030
7.847 12.733 27.181 8.161 15.476 -0.583 3.117 -1.593 0.681 0.404 -0.970 0.372
7.549 13.011 27.850 5.817 14.683 -1.187 0.923 -0.716 3.637 -1.194 -2.868 1.835
7.734 13.058 28.038 6.021 15.427 -0.161 3.949 -1.841 -0.531 0.795 -0.205 -0.024
7.751 12.769 27.393 7.075 15.321 -0.581 3.025 -1.420 0.627 0.094 -0.876 0.497
7.791 12.627 27.305 7.643 15.676 -1.530 4.093 -0.593 -0.665 0.061 -0.168 0.203
7.690 12.767 28.010 6.511 15.668 -0.668 4.374 -1.601 -0.830 0.846 -0.107 -0.132
7.954 12.608 28.296 8.062 15.414 -0.755 3.224 -0.663 0.733 -0.523 -1.004 0.772
8.047 12.373 28.260 7.991 15.249 -0.354 3.890 -1.562 -0.576 0.665 -0.354 0.114
7.913 13.162 26.860 8.359 15.510 -1.641 3.508 -0.546 -0.140 0.005 -0.343 0.224
7.463 12.375 27.412 6.775 15.543 0.102 3.033 -2.596 1.183 0.697 -1.527 0.684
7.407 13.090 26.779 8.523 16.045 -0.664 4.296 -1.773 -0.400 0.766 -0.492 0.158
7.743 13.157 27.539 6.879 15.212 -0.337 2.500 -1.276 1.179 -0.123 -1.200 0.729
7.874 12.612 27.563 7.890 15.048 -1.052 3.164 -0.788 0.349 -0.157 -0.656 0.499
7.742 12.159 27.469 6.909 15.185 -1.448 2.662 -0.378 0.906 -0.603 -0.995 0.776
7.986 12.847 28.148 7.382 15.493 -0.156 3.949 -1.568 -0.440 0.498 -0.335 0.206
8.370 12.686 28.700 7.309 15.015 0.120 2.681 -1.774 0.967 0.490 -1.184 0.480
7.736 13.321 27.660 7.545 15.467 -0.964 4.512 -1.127 -1.624 0.774 0.387 -0.232
7.899 12.809 27.830 7.483 15.078 -0.262 2.838 -1.680 0.396 0.586 -0.725 0.239
7.872 12.609 28.228 7.117 15.253 -0.757 3.347 -0.955 0.275 -0.355 -0.732 0.694
7.727 12.870 27.471 6.405 15.777 -1.577 4.867 -0.736 -1.585 0.533 0.301 -0.140
7.855 12.275 27.804 7.892 15.525 -0.579 4.233 -1.475 -0.546 0.571 -0.356 0.155
7.860 12.633 28.463 7.543 15.332 -0.251 3.051 -1.443 0.303 0.210 -0.628 0.381
7.814 12.944 27.585 6.761 15.462 -0.465 3.880 -1.656 -0.519 0.810 -0.231 -0.007
7.557 12.915 27.580 7.707 15.775 -0.645 4.101 -1.709 -0.676 0.734 -0.232 0.064
7.685 13.005 27.574 7.706 15.653 -1.604 5.098 -0.714 -1.922 0.279 0.428 0.030
7.909 12.809 28.317 6.973 15.055 -1.187 3.285 -0.228 -0.115 -0.402 -0.466 0.488
8.063 12.856 28.115 6.714 15.718 0.093 3.261 -1.568 0.452 0.355 -0.787 0.359
7.754 12.795 27.757 7.394 15.265 -0.570 2.443 -1.376 1.431 -0.110 -1.384 0.827
7.747 12.700 28.592 8.556 15.753 -0.299 4.505 -1.645 -1.035 0.732 0.032 -0.068
8.063 12.856 28.115 6.714 15.718 0.093 3.261 -1.568 0.452 0.355 -0.787 0.359
7.694 12.841 27.298 8.060 15.786 -0.735 4.481 -1.880 -1.189 1.312 0.219 -0.456
7.642 12.676 27.379 6.109 15.615 -1.529 4.279 -0.965 -0.683 0.550 -0.272 0.103
8.117 12.960 28.244 8.125 15.410 -0.296 3.643 -1.570 -0.061 0.527 -0.582 0.262
7.872 12.685 28.168 6.991 15.610 0.213 3.978 -2.264 -0.159 0.731 -0.461 0.198
7.661 12.750 27.497 6.455 15.071 -0.871 2.587 -0.944 0.855 -0.228 -0.937 0.626
7.762 12.555 27.877 7.462 15.243 -0.926 2.619 -0.562 1.115 -0.765 -1.184 0.957
7.855 12.891 28.379 6.737 15.546 -1.049 4.111 -0.825 -0.526 0.052 -0.359 0.390
8.053 12.500 28.209 6.596 15.247 -0.297 2.850 -1.511 0.875 0.130 -1.122 0.644
7.881 12.698 28.859 7.428 15.563 0.471 3.386 -2.007 0.461 0.471 -0.754 0.325
7.908 12.369 28.387 9.202 15.480 0.082 3.642 -2.285 0.391 0.670 -0.827 0.329
7.727 13.053 27.758 6.848 15.659 0.059 3.053 -1.483 0.888 -0.232 -1.137 0.825
7.786 12.664 28.012 7.195 15.194 -0.592 2.651 -1.380 1.174 -0.184 -1.240 0.826
7.899 13.181 28.149 6.987 14.911 -0.681 1.900 -0.791 1.851 -0.488 -1.559 0.895
7.595 12.828 27.815 7.613 15.546 -1.321 3.530 -0.607 -0.149 -0.226 -0.328 0.408
8.039 13.218 28.659 7.559 15.738 -0.150 3.816 -1.789 0.099 0.546 -0.664 0.304
7.816 12.834 27.059 8.375 15.479 -1.489 3.405 -0.297 0.238 -0.614 -0.629 0.588
7.600 12.543 27.765 6.909 15.409 -0.299 3.075 -1.623 0.851 0.267 -1.075 0.501
7.967 12.633 27.530 6.687 15.432 -1.195 4.381 -0.493 -1.230 -0.106 0.164 0.209
7.829 13.018 27.985 7.086 15.557 0.039 3.839 -2.239 -0.023 1.105 -0.587 0.015
7.851 12.560 27.956 7.100 15.397 -0.400 2.568 -1.107 1.226 -0.464 -1.160 0.859
7.791 12.501 27.712 7.717 15.105 -1.840 3.363 -0.221 0.246 -0.457 -0.701 0.604
8.027 12.776 27.863 8.952 15.575 -1.318 4.445 -0.714 -1.344 0.319 0.353 -0.100
7.705 12.456 27.603 7.347 15.375 -1.295 4.292 -1.158 -0.976 0.657 -0.106 0.011
7.489 12.885 28.325 6.739 15.170 0.658 2.223 -2.939 1.867 0.752 -1.849 0.809
8.119 12.440 28.279 5.684 15.256 -0.283 3.181 -1.423 0.704 -0.101 -1.120 0.812
7.886 13.114 27.232 7.930 15.928 -1.054 4.153 -0.764 -0.538 -0.001 -0.234 0.277
7.849 12.586 27.709 7.761 15.591 -0.022 4.179 -2.139 -0.909 1.161 0.008 -0.206
7.989 12.947 28.228 7.019 14.826 -0.387 1.339 -0.725 2.672 -1.038 -2.052 1.359
7.506 12.319 27.478 6.913 15.296 -0.333 2.790 -1.798 1.248 0.034 -1.495 0.889
7.562 12.623 27.414 7.966 15.598 -1.375 4.469 -0.989 -1.003 0.419 -0.048 0.042
7.748 12.559 27.357 7.699 15.780 -0.381 3.596 -1.291 0.506 -0.049 -0.961 0.638
7.712 12.321 27.560 8.083 15.498 -0.250 3.853 -2.124 -0.657 1.198 -0.098 -0.236
7.736 12.466 27.668 8.156 15.392 -1.213 3.801 -0.863 -0.288 0.272 -0.402 0.191
7.993 13.172 28.027 6.850 15.504 -0.519 3.725 -1.360 -0.089 0.417 -0.506 0.241
7.736 12.750 28.122 7.350 15.367 -0.342 3.031 -1.507 0.480 0.418 -0.871 0.379
7.756 12.775 27.810 7.609 15.408 -1.091 3.512 -0.821 -0.142 0.018 -0.373 0.305
7.866 12.857 27.441 7.725 15.431 -0.617 3.329 -1.515 0.221 0.527 -0.643 0.208
7.748 12.502 27.603 7.898 15.523 -0.393 4.308 -1.893 -0.754 0.738 -0.201 0.075
7.978 12.762 27.618 6.784 14.698 -1.390 1.152 0.238 2.607 -1.628 -1.850 1.437
7.772 12.364 27.626 6.893 14.752 -1.296 2.387 -0.345 0.941 -0.657 -0.954 0.784
7.894 12.661 27.251 7.594 15.005 -0.696 3.130 -1.467 -0.150 0.825 -0.267 -0.122
7.789 13.456 27.065 7.691 16.422 -0.344 5.661 -1.485 -1.878 0.575 0.282 0.038
7.860 12.728 27.597 7.093 15.360 -0.931 2.957 -0.844 0.522 -0.157 -0.693 0.472
7.968 12.803 28.036 7.784 15.224 -0.986 3.762 -1.012 -0.680 0.232 -0.001 0.092
7.569 12.708 27.799 6.639 15.780 -0.337 3.204 -1.484 0.955 -0.075 -1.240 0.778
7.792 13.344 27.394 7.373 15.462 -0.898 3.780 -1.055 -0.846 0.461 -0.004 0.013
7.580 12.766 28.054 7.264 15.605 -0.670 3.774 -1.714 -0.250 0.758 -0.387 0.049
7.574 12.714 27.012 7.337 15.191 -1.634 3.231 -0.906 0.174 0.226 -0.703 0.365
7.830 12.991 27.145 7.554 15.125 -1.158 3.453 -0.579 -0.170 -0.259 -0.392 0.464
7.873 12.613 27.671 8.327 15.562 -1.381 4.059 -0.183 -0.409 -0.515 -0.441 0.587
7.914 13.278 28.270 6.218 15.498 -0.475 3.663 -1.007 0.286 -0.075 -0.806 0.562
7.697 12.903 27.352 7.813 15.598 -0.390 3.592 -1.675 -0.039 0.512 -0.375 0.122
7.667 12.822 27.509 7.196 15.670 0.097 3.799 -2.019 -0.099 0.665 -0.495 0.174
7.756 13.041 27.575 6.057 15.945 -0.589 5.022 -1.798 -1.751 1.250 0.418 -0.416
7.700 12.404 27.345 8.789 15.696 -0.076 4.192 -2.172 -0.254 0.730 -0.462 0.198
8.025 13.095 27.888 6.192 14.930 -0.826 2.541 -0.895 0.660 0.073 -0.783 0.361
7.962 12.620 27.868 7.463 15.381 -0.765 3.430 -0.882 0.145 -0.084 -0.574 0.411
7.785 12.948 28.560 7.167 15.865 0.489 5.612 -3.027 -2.241 2.150 0.703 -0.859
8.119 12.440 28.279 5.684 15.256 -0.283 3.181 -1.423 0.704 -0.101 -1.120 0.812
8.388 12.884 28.395 6.999 15.660 -0.328 5.059 -1.555 -1.575 1.015 0.073 -0.137
7.855 12.794 26.443 6.594 15.778 -1.403 3.522 -0.515 0.389 -0.530 -0.849 0.776
7.942 12.775 27.806 7.237 15.173 -0.669 2.766 -1.018 0.916 -0.403 -1.091 0.815
7.686 12.456 26.673 8.495 15.286 -1.448 3.284 -0.554 -0.064 -0.287 -0.308 0.406
7.716 13.263 28.235 6.784 15.090 -0.339 2.948 -1.557 0.362 0.309 -0.705 0.372
7.625 13.397 26.818 7.731 15.934 -0.750 4.368 -1.639 -0.509 0.713 -0.387 0.122
7.600 12.543 27.765 6.909 15.409 -0.299 3.075 -1.623 0.851 0.267 -1.075 0.501
7.414 12.729 26.676 8.043 15.760 -0.691 3.635 -1.918 0.213 0.567 -0.877 0.451
7.714 12.446 27.772 7.440 15.583 -0.248 3.525 -1.581 0.392 0.116 -0.790 0.520
