7.752159 122.920636
7.632362 122.016175
8.044991 122.270723
7.562164 117.957538
8.055634 125.024171
8.017227 125.269838
7.636093 116.589949
7.790520 117.673532
7.766029 119.854653
7.940941 122.202205
7.825172 121.895802
7.777794 121.415079
7.534195 119.907545
7.935677 118.924299
7.985184 122.174778
8.037346 122.646204
7.641060 120.306240
7.526688 113.362677
7.618515 116.163428
7.753166 117.566278
7.846870 121.233528
8.014893 124.484190
7.984863 123.504336
7.867332 120.940283
7.889923 122.260669
7.756325 119.509384
7.528976 113.526977
7.858246 121.535737
7.805351 124.224382
7.980309 123.623066
7.490959 114.145199
8.057877 121.312267
8.302071 126.935235
7.744354 123.206814
8.051788 119.717820
7.872803 121.996527
7.755409 116.232097
7.867859 122.750662
7.866463 121.383972
7.816132 119.643671
7.542549 116.853360
8.017296 127.226231
7.701668 120.583269
7.858086 120.521626
7.628036 117.906209
8.017227 125.269838
7.621788 121.673766
7.913658 120.353907
8.069458 125.821650
7.628815 119.656803
7.681870 119.930887
7.872803 121.996527
7.548798 119.920292
7.655754 120.503700
8.048241 121.527912
7.777771 118.552808
7.874359 121.130208
7.770103 120.161135
7.538773 116.185208
7.913933 123.527319
7.837120 121.237708
7.889763 119.717102
7.681618 122.426895
7.671089 118.191971
7.540009 118.994231
7.768867 122.805698
7.707985 115.235421
7.868271 122.510031
7.706131 120.074092
8.346153 126.631250
8.054764 127.945032
7.619270 117.817835
7.881134 120.941119
7.619270 117.817835
7.912468 118.026232
7.691895 118.232947
7.967102 124.923490
7.714165 117.712235
7.633278 116.780729
7.598465 116.143404
7.842224 120.283214
7.795876 120.441330
7.857719 114.245628
7.668617 118.259366
7.954170 122.608221
7.697914 119.726615
7.619270 117.817835
7.870583 124.291743
7.580795 117.255727
8.069458 125.821650
7.738197 119.654699
8.220108 126.890330
7.733803 119.307539
7.996765 121.689393
7.911667 115.162116
8.066391 128.672248
7.681618 122.426895
7.777771 118.552808
8.086761 121.802065
8.030685 124.018474
8.000679 127.032973
7.604988 113.299551
7.712883 119.741067
7.918579 118.731251
7.881523 118.289409
7.721031 121.040367
7.548798 119.920292
7.850052 122.940450
7.913017 123.341150
7.767220 119.078077
7.532295 116.116638
8.221436 128.817787
7.733322 120.659950
7.768318 114.507883
7.780586 120.933884
7.947327 121.874465
8.014023 124.881441
7.599770 116.427028
7.796036 124.814782
7.973991 122.567264
7.598465 116.143404
7.766968 119.051089
7.832726 117.634339
8.140205 123.183948
8.043434 121.189403
7.854538 119.891507
7.908165 122.415418
7.744354 123.206814
7.799973 120.417569
7.641060 120.306240
8.053459 125.047379
7.548798 119.920292
7.782303 120.962930
7.924347 117.619341
8.077446 122.623776
7.954170 122.608221
7.715446 123.645252
7.998573 120.930222
7.754745 120.103309
8.154282 127.537556
7.746826 122.256317
7.977882 117.262112
7.570404 116.165815
7.859940 118.150085
7.738289 120.468727
7.802238 120.122902
7.737717 116.828092
7.570312 119.383189
7.568207 117.740373
7.788300 125.881823
7.596680 119.164577
7.624786 121.493701
7.973991 122.567264
7.542549 116.853360
7.813019 118.212465
7.956917 127.791173
8.053093 122.710960
7.883354 119.259255
7.826271 118.922131
7.801826 120.293153
7.938309 122.319990
7.922470 124.589143
8.048561 125.301795
7.688210 121.993423
8.046684 122.846296
7.648842 119.302868
8.103928 122.481119
7.562164 117.957538
7.706818 120.068829
8.231071 122.947732
7.913017 125.653848
7.628769 119.613723
7.828720 121.229734
7.465851 115.864794
7.937668 120.343293
7.861702 119.443601
7.983650 120.723034
7.931877 119.548128
8.151970 121.206311
7.939934 122.367121
7.764908 121.251990
7.718376 119.070609
7.714096 119.868560
7.780357 122.075728
7.826294 121.616468
7.743782 119.244451
7.919792 121.599771
7.738197 119.654699
7.610046 118.249466
8.145081 130.145686
8.069733 124.665469
7.893036 124.775690
7.970078 125.181623
7.735771 119.419621
7.777725 118.223160
7.866463 121.383972
7.954170 122.608221
7.704918 120.192627
7.660515 115.449697
7.784271 117.297695
7.756577 117.052980
7.616135 117.532992
7.764908 121.251990
7.814140 120.860393
7.870995 126.390673
7.758133 122.758196
7.977882 117.262112
8.160072 122.883780
8.024254 126.860029
7.825356 125.213557
7.820663 120.762984
7.828903 120.097850
8.015236 121.406039
7.680176 119.294617
8.136543 124.937675
7.810158 121.788472
7.608376 118.815501
7.874588 121.767883
7.591347 117.293968
7.573792 115.052968
7.993240 123.927232
7.581917 119.046923
7.947922 124.646971
8.499619 130.275342
7.885368 119.144198
7.754402 118.369570
7.604988 113.299551
8.153893 125.496300
7.745224 116.083766
7.683838 118.695715
7.967720 128.165969
7.885643 121.020800
7.980309 123.623066
7.559990 117.570256
7.568848 119.440095
7.727325 121.001754
7.908714 119.064853
7.807503 121.490041
7.881844 125.191587
8.367096 126.803602
7.915466 124.991140
7.633827 117.555340
7.745979 120.816220
7.998573 120.930222
7.865067 124.267792
7.470566 117.602973
8.046684 122.846296
7.705971 120.577786
7.892395 123.827457
7.828720 121.229734
7.749115 119.422733
7.942291 120.507470
7.788826 127.905358
7.911140 121.239086
7.762253 118.316968
7.594551 117.275419
7.701668 120.583269
7.798096 125.527089
7.929771 122.579851
7.728333 118.221277
7.939659 128.660357
7.712036 119.947850
8.028030 125.634047
7.749115 121.640005
7.821030 121.824038
7.739021 117.928963
7.857719 114.245628
8.016884 125.520554
7.793861 118.796053
7.873741 122.334550
7.991432 118.466788
7.895576 120.231218
8.221436 128.817787
7.746552 119.673716
7.973991 122.567264
7.969940 122.362941
7.818192 118.761829
7.780586 120.933884
7.830757 121.278170
8.017639 125.164047
7.462669 115.994421
7.831581 116.779652
7.660515 115.449697
7.758820 120.299147
7.753693 121.587379
8.214935 126.496919
8.021049 121.730358
7.932037 122.104492
7.718376 119.070609
7.939659 128.660357
7.657700 116.573772
7.768158 122.463054
7.738289 120.468727
7.727325 121.001754
7.746552 119.673716
7.538773 116.185208
7.752159 122.920636
7.606911 117.639138
7.859985 120.727972
8.170715 121.195627
8.370529 124.545458
8.012100 124.589930
7.828903 120.097850
7.903358 120.657747
7.742294 117.567634
7.972710 122.320152
7.589424 118.400451
7.984863 123.504336
7.562164 117.957538
7.774246 122.668276
7.881432 123.640630
7.372536 115.822801
8.017639 125.164047
7.938309 122.319990
7.485489 116.180629
7.559280 116.139642
7.573792 115.052968
7.967606 121.298912
7.599380 118.331081
8.287285 125.421602
7.756142 123.672409
7.828903 120.097850
8.140205 123.183948
8.039360 126.526197
7.629112 114.562651
7.737488 120.425730
8.221436 128.817787
7.542549 116.853360
7.866188 129.520590
8.100037 125.479548
7.911484 122.018109
7.826706 120.401013
7.658501 116.618753
7.610046 118.249466
7.932037 122.104492
7.671089 118.191971
7.709038 115.342691
7.697914 119.726615
8.024918 119.810772
7.713593 122.124027
7.944305 122.468852
8.049133 120.848641
7.528084 118.146015
8.017227 125.269838
7.913040 124.445639
7.728333 118.221277
7.951332 126.906490
7.721031 121.040367
7.880951 122.649798
7.764908 123.222876
7.637444 118.754981
7.801826 120.293153
7.745979 120.816220
7.618515 116.163428
8.214592 125.539562
7.749435 117.910592
7.641518 119.321472
7.817917 118.401611
7.832726 117.634339
7.828903 121.796434
7.680176 119.294617
7.744217 120.585196
7.727417 121.917090
7.804893 121.887071
7.822426 123.795367
8.103928 122.481119
7.599152 114.705612
8.028030 125.634047
8.146980 130.158977
7.799721 121.066579
7.581093 118.886145
7.799721 121.066579
7.866188 129.520590
7.777771 118.552808
7.709038 117.743756
7.914368 122.654444
7.793221 119.937982
7.909081 118.588403
7.634010 115.332851
7.745705 117.651098
7.836227 116.439812
7.859940 118.150085
7.541611 116.773455
7.777771 118.552808
7.838104 122.143713
7.893036 124.775690
7.813797 120.814294
7.742317 123.175624
7.917274 122.310869
7.781136 120.241650
7.629112 114.562651
7.758133 122.758196
7.785141 123.508239
7.846252 124.230295
7.703568 120.098086
7.590706 118.537770
7.804893 121.887071
7.349327 115.643035
8.228737 126.598208
8.155037 125.927356
7.873741 122.334550
7.867195 124.341258
7.559990 117.570256
7.379013 109.781920
7.762253 118.316968
7.805077 120.261160
7.880814 122.147044
7.767563 116.439447
8.044991 122.270723
7.831764 121.833634
7.618515 116.163428
7.562164 117.957538
8.018005 123.328799
7.709038 115.342691
7.797020 120.826527
7.606911 117.639138
7.727875 118.700078
7.908165 122.415418
7.964378 116.449182
7.892395 123.827457
7.641060 120.306240
7.986328 125.767328
8.091751 127.809686
7.866188 120.467209
7.813797 120.814294
7.379013 109.781920
7.694412 121.467760
8.383209 125.202539
7.457634 117.140472
7.980309 123.623066
7.912468 118.026232
7.742111 121.313295
7.581917 119.046923
7.599770 116.427028
7.684685 123.935815
7.828720 121.229734
7.611809 117.657811
7.696861 120.057115
7.788826 127.905358
7.838997 120.529210
8.048378 119.041997
7.728333 118.221277
7.755363 118.586096
7.758133 122.758196
7.746735 122.674545
7.671204 121.007959
7.595123 111.362587
8.029541 121.601989
7.557335 119.214699
7.914207 120.422268
7.935677 118.924299
8.113838 126.932335
7.881134 120.941119
7.973373 125.446806
7.752113 121.658891
7.610687 116.466856
7.850052 122.940450
7.736000 124.430528
7.779762 122.928504
7.691483 120.363429
7.641518 119.321472
7.826294 121.616468
7.722313 117.768363
7.781113 124.491623
7.894936 120.522750
7.947189 121.040245
8.231369 129.119872
8.069733 124.665469
7.796196 119.787585
7.872368 121.653117
7.791138 122.496581
7.666969 117.671302
7.684685 123.935815
7.755684 121.106627
7.712883 119.741067
7.548798 119.920292
7.587090 114.617315
8.000679 127.032973
7.894936 120.522750
7.568207 117.740373
7.855042 122.111815
8.004593 124.613700
7.750008 117.527565
7.944305 122.468852
7.750465 117.443356
8.028442 125.023052
7.995552 124.385938
7.992004 122.583762
7.775116 121.809239
8.055519 123.459773
7.938309 122.319990
7.846870 121.233528
7.819954 122.342333
7.899101 119.102532
7.970078 125.181623
8.151970 121.206311
7.798370 121.095877
8.113838 126.932335
7.470955 118.144471
7.454247 120.411265
7.591644 121.115109
8.005737 127.273651
7.912834 122.036272
7.777771 118.552808
7.681618 122.426895
7.742065 118.048402
8.016884 125.520554
7.913933 123.527319
7.931877 119.548128
7.797546 122.892247
7.736000 124.430528
7.756325 119.509384
7.854881 116.924438
7.973991 122.567264
7.985619 119.709642
7.372536 115.822801
8.066391 128.672248
8.031853 126.883285
7.832314 119.567659
7.709061 120.613706
7.745293 120.278708
7.815033 121.023146
7.825172 121.895802
7.826729 119.672666
8.326653 127.149289
7.973373 125.446806
7.688210 121.993423
8.383209 125.202539
7.854538 119.891507
7.635887 114.022681
7.491646 121.623612
7.436028 116.205340
7.509178 115.868983
7.731926 117.492993
7.991432 118.466788
7.756645 118.073085
7.745819 119.300675
7.983330 126.569650
7.585831 120.467564
7.894936 120.522750
7.881432 123.640630
7.462669 115.994421
7.526688 113.362677
7.706818 120.068829
7.931763 125.770880
7.977287 123.873626
7.924347 117.619341
7.709038 115.342691
7.842247 122.847792
7.641586 117.884419
7.575645 113.646476
7.871910 122.881523
7.828903 121.796434
7.779007 126.051275
7.848038 121.725575
7.764908 123.222876
7.746552 119.673716
7.892441 120.252773
7.817368 117.544167
7.801163 120.330193
7.545937 119.753366
7.715446 123.645252
7.765663 119.148395
7.612999 119.813644
7.785690 118.292617
8.028030 125.634047
7.715424 121.618782
7.851425 120.887688
7.954651 122.690173
7.911484 122.018109
8.036362 122.429740
7.704918 120.192627
7.741150 121.123032
7.542549 116.853360
7.526688 113.362677
7.587090 114.617315
7.911484 122.018109
7.830757 121.278170
8.070580 122.481499
7.668617 118.259366
7.743782 119.244451
8.014893 124.484190
7.724258 121.942521
7.627922 118.404516
7.755295 117.954769
7.762230 118.647971
7.820755 121.559830
8.017639 125.164047
7.883354 119.259255
7.965500 121.737734
8.160072 122.883780
7.739021 117.928963
7.929726 122.220235
7.797546 122.892247
7.470566 117.602973
8.131943 124.145257
8.308502 126.532413
7.528130 118.940827
7.498055 119.387675
7.796196 119.787585
7.619705 117.235141
7.566422 113.838115
7.885643 121.020800
7.731926 117.492993
7.623596 118.456243
8.046684 122.846296
7.528084 118.146015
7.567177 115.884344
7.580360 118.290277
7.619270 117.817835
8.012375 123.048388
7.799973 120.417569
7.574570 118.051969
7.854881 116.924438
7.788826 127.905358
7.949547 120.473671
7.582397 119.106944
7.849342 119.463036
7.859985 122.306894
7.758545 115.248611
7.781113 124.491623
7.666969 117.671302
7.726936 120.557924
7.805191 120.253988
7.881523 118.289409
7.810158 121.788472
7.913017 123.341150
8.118874 123.859914
7.580360 118.290277
7.578232 112.760531
7.749115 121.640005
7.773537 125.889781
7.970078 125.181623
8.100037 125.479548
7.845268 120.922147
8.388474 131.361030
7.628609 120.808815
7.668617 118.259366
7.563950 119.396830
7.772987 125.223028
7.520645 116.495806
7.809792 120.374464
8.155037 125.927356
7.825356 125.213557
7.899101 119.102532
7.773949 118.163890
8.154282 127.537556
7.507690 115.316633
7.760628 117.951318
7.760628 117.951318
8.117157 125.086337
7.547356 115.065852
7.668617 118.259366
7.955132 128.447006
7.945816 121.779184
7.851425 120.887688
7.711761 119.514724
7.742706 117.783838
7.826729 119.672666
7.893951 118.452418
7.978958 123.997451
7.541931 119.208885
7.742294 117.567634
7.570312 119.383189
7.598877 117.527735
7.766968 119.051089
8.302071 126.935235
7.784386 125.844356
7.805191 120.253988
7.724922 120.934406
7.733803 119.307539
7.547607 117.886643
7.707985 115.235421
7.831581 116.779652
7.770103 120.161135
7.832359 121.664981
7.727417 121.917090
7.771523 117.870994
7.834259 121.380882
7.549461 110.844973
7.593567 114.726958
7.685394 119.080883
7.954674 123.816768
7.608215 118.105182
7.461639 111.159713
7.768867 122.805698
7.548019 120.325858
7.728607 118.425636
7.820755 121.559830
7.916222 117.793287
7.894936 120.522750
7.840370 125.999313
7.800087 118.451844
7.580818 116.834073
7.779762 122.928504
7.983330 126.569650
7.731148 119.027662
7.823387 121.682149
7.629730 118.282759
7.633278 116.780729
7.608215 118.105182
7.985184 122.174778
8.026726 125.012492
7.745155 120.659107
7.857719 122.156565
7.757469 122.882784
7.538773 116.185208
7.568207 117.740373
7.733322 120.659950
7.703407 117.392859
7.742706 117.783838
7.770630 123.953272
7.756142 123.672409
7.733665 119.753437
7.823799 121.639512
7.885368 119.144198
7.771729 121.377169
7.568207 117.740373
7.931694 121.708742
8.050735 120.806913
7.634674 120.825435
8.069389 126.801213
7.777771 118.552808
7.930801 121.036570
7.559990 117.570256
7.660515 115.449697
7.906952 122.173043
7.681870 119.930887
7.815033 121.023146
7.700821 121.585795
7.832359 121.664981
7.867859 122.750662
8.032722 120.176237
7.826202 122.069553
7.868271 122.510031
7.815903 120.981346
7.739021 117.928963
8.016884 125.520554
7.749115 121.640005
8.098618 125.698318
7.859985 122.306894
7.745819 119.300675
7.716133 116.437229
7.629730 118.282759
7.937668 120.343293
8.029541 121.601989
7.738289 120.468727
8.014893 122.413177
7.700020 120.856448
7.619705 117.235141
7.874588 121.767883
7.967606 121.298912
8.060463 123.788231
7.379013 109.781920
7.696861 118.184628
7.770630 123.953272
7.759369 115.999042
7.948471 125.787109
7.743507 121.108794
8.151970 121.206311
7.866188 120.467209
7.563950 119.396830
7.913292 124.470988
8.015213 122.743492
7.909081 118.588403
7.727325 121.001754
8.099510 122.914581
7.413849 116.839915
7.580818 116.834073
7.727417 121.917090
7.748451 120.281698
8.284767 130.747329
7.889832 121.369966
7.556168 120.223180
7.737488 120.425730
8.020844 125.124555
7.703407 117.255054
7.791138 122.496581
7.820755 121.559830
7.824829 120.548673
7.801826 120.293153
7.828308 121.598703
7.537674 120.128403
8.062271 124.595786
7.768867 122.805698
8.258766 126.004943
7.867332 120.940283
8.030685 124.018474
7.714600 122.007494
7.988686 118.442550
7.521446 119.131392
7.865067 124.267792
7.459579 116.498202
7.717575 120.439641
8.017227 125.269838
7.612999 119.813644
7.826271 118.922131
7.773537 125.889781
7.843117 121.334008
7.752274 122.033912
7.823799 121.639512
7.961197 120.005659
7.469604 120.125321
7.703407 117.255054
7.920204 120.237711
8.091751 127.809686
7.988686 118.442550
7.898758 117.777497
7.462669 115.994421
7.791435 122.141383
7.838310 120.242809
7.548019 120.325858
7.918648 120.629921
7.788826 127.905358
7.629112 114.562651
7.995552 124.385938
7.808395 119.478674
7.755363 118.586096
8.499619 130.275342
7.687523 120.911963
7.540009 118.994231
7.606453 119.864974
7.892830 123.630933
7.800865 123.851447
8.119629 123.077096
7.766029 119.854653
7.779488 121.238023
8.114365 126.610851
7.459579 116.498202
7.972710 122.320152
7.770058 116.821930
8.032722 120.176237
7.930801 121.036570
7.822449 121.016250
7.932861 121.505123
7.908806 122.775716
7.788666 120.454385
7.913933 123.527319
7.485489 116.180629
7.634674 120.825435
7.779007 126.051275
7.690041 121.128062
8.016884 125.520554
7.855408 125.821629
7.958565 120.335406
7.762436 120.534678
7.714600 122.007494
7.744217 120.585196
7.379013 109.781920
7.928833 122.291874
7.633827 115.114585
7.847878 116.898435
7.815903 120.981346
7.559555 116.473705
7.940941 122.202205
7.800133 119.570257
7.880814 122.147044
7.914207 120.422268
7.906952 122.173043
7.652596 120.328130
7.364548 113.546757
7.779762 122.928504
7.372536 115.822801
7.762436 120.534678
7.909790 126.124368
7.689011 115.380489
7.742111 121.313295
7.815033 121.023146
7.684685 123.935815
7.717575 120.439641
8.017227 125.269838
8.228737 126.598208
7.768867 122.805698
7.660515 115.449697
7.736183 118.885396
8.077446 122.623776
7.832474 118.983296
7.559990 117.570256
7.485489 116.180629
8.004593 124.613700
7.750854 118.753090
7.739044 119.081851
8.014893 122.413177
7.706863 118.610033
7.881844 125.191587
7.801163 120.330193
7.848038 121.725575
7.499062 118.823100
7.706818 120.618726
7.764908 121.251990
7.745819 119.300675
7.868271 122.510031
7.772049 114.651919
7.913017 123.341150
8.145607 121.628637
7.787086 122.116188
7.689011 115.380489
7.823570 122.326239
7.795876 120.441330
8.049133 120.848641
7.769577 119.850431
7.634674 120.825435
7.846687 121.437116
7.549461 110.844973
7.733803 119.307539
7.750854 118.753090
7.791435 122.141383
7.689537 120.479403
7.954170 122.608221
8.047371 122.717082
7.912514 122.724228
7.462669 115.994421
7.406754 118.838460
7.742706 117.783838
7.874405 118.491571
7.742294 117.567634
7.985939 123.722694
8.370163 125.677911
7.736412 119.657258
7.899101 119.102532
7.872139 120.075898
7.727417 121.917090
7.854767 121.943750
7.860306 120.512471
7.813797 120.814294
7.557335 119.214699
7.685326 120.295652
7.908714 119.064853
8.062523 126.724037
7.754402 118.369570
7.746826 122.032977
8.062523 126.724037
7.694412 121.467760
7.641518 119.321472
8.117157 125.086337
7.871910 122.881523
7.660515 115.449697
7.762253 118.316968
7.855042 122.111815
8.053185 122.784132
7.880951 122.649798
7.908165 122.415418
7.727325 121.001754
7.785690 118.292617
7.898758 117.777497
7.595009 118.075102
8.039360 126.526197
7.815903 120.981346
7.600044 117.112106
7.967102 122.947902
7.828903 121.796434
7.851425 120.887688
7.790520 117.673532
8.026726 125.012492
7.704849 118.460764
7.489403 113.612523
8.118874 123.859914
7.886238 125.613854
7.849319 122.380837
7.988686 118.442550
7.505516 114.808095
7.562164 117.957538
7.748039 122.265023
7.711761 119.514724
7.736389 119.077396
7.993240 123.927232
7.736183 118.885396
7.756325 119.509384
7.866463 121.383972
7.748451 120.281698
7.977882 117.262112
7.772049 114.651919
7.893951 118.452418
7.788826 127.905358
7.859985 120.727972
7.967606 121.298912
7.568848 119.440095
7.792397 120.487955
7.580360 118.290277
7.573792 115.052968
7.829865 118.425815
7.873055 122.521484
7.914368 122.654444
7.696861 120.057115
7.667336 120.149697
7.756142 123.672409
7.700020 120.856448
8.024918 119.810772
7.961746 122.460250
7.785141 123.508239
8.118874 123.859914
8.388474 131.361030
7.854515 123.928215
7.942291 120.507470
7.685944 117.487226
7.716133 116.437229
7.624786 121.493701
7.600044 117.112106
7.413849 116.839915
7.714485 120.217073
