2.000000 90.665702 103.538385 77.793020
2.100000 95.375356 107.357694 83.393018
2.200000 100.204505 111.334188 89.074823
2.300000 105.116737 115.429283 94.804192
2.400000 110.078953 119.608997 100.548909
2.500000 115.061173 123.843315 106.279030
2.600000 120.036340 128.105665 111.967015
2.700000 124.980142 132.372490 117.587795
2.800000 129.870834 136.622907 123.118761
2.900000 134.689072 140.838436 128.539708
3.000000 139.417753 145.002785 133.832720
3.100000 144.041864 149.101695 138.982033
3.200000 148.548340 153.122828 143.973852
3.300000 152.925921 157.055696 148.796147
3.400000 157.165026 160.891624 153.438429
3.500000 161.257627 164.623729 157.891525
3.600000 165.197129 168.246881 162.147377
3.700000 168.978262 171.757602 166.198922
3.800000 172.596972 175.153820 170.040124
3.900000 176.050323 178.434394 173.666252
4.000000 179.336400 181.598410 177.074391
4.100000 182.454222 184.644361 180.264083
4.200000 185.403655 187.569554 183.237756
4.300000 188.185335 190.370039 186.000630
4.400000 190.800591 193.041118 188.560064
4.500000 193.251379 195.578155 190.924602
4.600000 195.540211 197.977307 193.103114
4.700000 197.670096 200.235947 195.104245
4.800000 199.644485 202.352791 196.936180
4.900000 201.467212 204.327815 198.606610
5.000000 203.142449 206.162084 200.122814
5.100000 204.674655 207.857557 201.491754
5.200000 206.068539 209.416909 202.720169
5.300000 207.329013 210.843385 203.814641
5.400000 208.461161 212.140674 204.781647
5.500000 209.470202 213.312827 205.627576
5.600000 210.361459 214.364172 206.358747
5.700000 211.140335 215.299266 206.981403
5.800000 211.812278 216.122844 207.501712
5.900000 212.382767 216.839782 207.925753
6.000000 212.857285 217.455064 208.259506
6.100000 213.241299 217.973756 208.508843
6.200000 213.540248 218.400983 208.679514
6.300000 213.759522 218.741902 208.777142
6.400000 213.904450 219.001687 208.807214
6.500000 213.980290 219.185506 208.775074
6.600000 213.992214 219.298509 208.685919
6.700000 213.945304 219.345805 208.544802
6.800000 213.844537 219.332452 208.356623
6.900000 213.694788 219.263439 208.126137
7.000000 213.500814 219.143679 207.857948
7.100000 213.267255 218.977989 207.556521
7.200000 212.998630 218.771086 207.226175
7.300000 212.699333 218.527575 206.871092
7.400000 212.373631 218.251941 206.495321
7.500000 212.025660 217.948542 206.102777
7.600000 211.659429 217.621606 205.697251
7.700000 211.278814 217.275222 205.282406
7.800000 210.887562 216.913342 204.861783
7.900000 210.489291 216.539777 204.438804
8.000000 210.087485 216.158199 204.016772
8.100000 209.685504 215.772139 203.598869
8.200000 209.286576 215.384988 203.188164
8.300000 208.893804 215.000003 202.787605
8.400000 208.510164 214.620307 202.400022
8.500000 208.138510 214.248894 202.028126
8.600000 207.781569 213.888631 201.674506
8.700000 207.441947 213.542264 201.341630
8.800000 207.122131 213.212420 201.031842
8.900000 206.824484 212.901609 200.747359
9.000000 206.551252 212.612230 200.490274
9.100000 206.304561 212.346573 200.262549
9.200000 206.086418 212.106816 200.066019
9.300000 205.898712 211.895035 199.902390
9.400000 205.743215 211.713195 199.773235
9.500000 205.621577 211.563155 199.679999
9.600000 205.535331 211.446666 199.623996
9.700000 205.485888 211.365367 199.606409
9.800000 205.474540 211.320787 199.628293
9.900000 205.502453 211.314336 199.690571
10.000000 205.570672 211.347308 199.794036
10.100000 205.680113 211.420874 199.939352
10.200000 205.831565 211.536078 200.127052
10.300000 206.025685 211.693839 200.357532
10.400000 206.262999 211.894940 200.631057
10.500000 206.543893 212.140036 200.947750
10.600000 206.868618 212.429644 201.307592
10.700000 207.237280 212.764147 201.710414
10.800000 207.649842 213.143792 202.155891
10.900000 208.106115 213.568693 202.643537
11.000000 208.605763 214.038833 203.172692
11.100000 209.148290 214.554065 203.742515
11.200000 209.733045 215.114114 204.351976
11.300000 210.359215 215.718584 204.999845
11.400000 211.025821 216.366958 205.684684
11.500000 211.731720 217.058601 206.404839
11.600000 212.475597 217.792760 207.158433
11.700000 213.255965 218.568563 207.943367
11.800000 214.071167 219.385020 208.757314
11.900000 214.919368 220.241013 209.597723
12.000000 215.798559 221.135291 210.461827
12.100000 216.706556 222.066459 211.346652
12.200000 217.640998 223.032966 212.249030
12.300000 218.599354 224.033091 213.165618
12.400000 219.578919 225.064926 214.092913
12.500000 220.576821 226.126367 215.027276
12.600000 221.590025 227.215099 215.964950
12.700000 222.615334 228.328587 216.902082
12.800000 223.649405 229.464075 217.834734
12.900000 224.688745 230.618593 218.758897
13.000000 225.729731 231.788965 219.670498
13.100000 226.768615 232.971828 220.565403
13.200000 227.801538 234.163667 221.439409
13.300000 228.824544 235.360843 222.288246
13.400000 229.833599 236.559641 223.107556
13.500000 230.824604 237.756316 223.892893
13.600000 231.793423 238.947143 224.639703
13.700000 232.735898 240.128473 225.343323
13.800000 233.647881 241.296786 225.998976
13.900000 234.525256 242.448740 226.601772
14.000000 235.363975 243.581223 227.146727
14.100000 236.160086 244.691393 227.628779
14.200000 236.909775 245.776718 228.042832
14.300000 237.609401 246.835001 228.383801
14.400000 238.255539 247.864403 228.646675
14.500000 238.845031 248.863456 228.826606
14.600000 239.375030 249.831067 228.918994
14.700000 239.843058 250.766515 228.919600
14.800000 240.247059 251.669453 228.824666
14.900000 240.585467 252.539894 228.631040
