8.196919 -404.064701
8.146797 -421.301580
9.447564 -358.462845
10.590088 -2037.398358
12.166088 -613.534029
11.039285 -1289.705174
10.874758 -1152.413411
8.063405 -623.325832
8.489430 -847.259627
9.556277 -1052.450746
11.169417 -502.923648
10.933831 4917.555251
9.114175 -475.240519
7.881867 -255.133843
7.959214 -320.337234
7.992337 -306.449195
7.643850 -254.880296
7.231852 -212.973273
7.416898 -330.255154
7.444860 -270.666454
7.160601 -265.426642
7.119693 -326.043787
6.984395 -240.451741
6.545991 -394.543831
6.451855 -241.367571
6.593594 -297.771950
8.910951 -417.090444
6.465561 -530.900692
6.643224 -273.802487
5.264601 -174.777344
7.602105 -484.924495
6.399302 -235.653696
5.574603 -214.693314
8.718298 -430.629637
7.614873 -269.831123
3.580715 -536.758055
5.602963 -423.860005
6.058475 6730.198599
6.098517 -349.901839
6.002157 -198.130587
2.178483 -169.984498
5.435879 -243.879858
7.378725 -244.407744
6.178145 -228.927536
1.222398 609.597680
3.370063 -2138.202933
6.865040 -195.694400
6.404732 -170.414303
6.390472 -251.823747
7.260116 -189.275184
7.461017 -192.274977
7.217398 -166.428242
1.274522 -24036.391045
1.313751 34695.367844
6.695341 -162.421620
7.032145 -179.224140
8.010821 -227.468821
7.012848 -187.012729
8.976720 -291.856467
7.015853 -165.660776
5.782898 -255.706132
1.705239 -227.118462
8.833005 -229.912313
8.771666 -240.879406
8.927406 -237.637206
3.589120 300.943914
4.574144 -116.301359
6.162964 -204.637558
6.570122 -132.726839
5.795071 -99.421725
3.953047 -121.189605
3.832305 -161.906034
3.865072 237.565102
4.746993 -128.612402
6.149427 -227.622805
6.385768 -140.070678
7.590301 -243.022550
10.928989 -477.361963
7.813542 -330.886063
10.059605 -282.334886
8.532770 -298.746653
8.998261 1674.316799
8.676176 -592.223607
8.949039 -1101.049066
6.971458 -220.417200
6.462750 -202.986520
4.918451 -481.025238
6.032573 -1498.622316
7.349250 -176.830347
7.610700 -181.049622
3.369311 -89.861846
7.627336 -162.102034
6.492605 -103.011979
6.614800 -108.084633
8.667305 -322.298960
8.167919 -222.100073
3.635141 -232.168363
4.427930 -87.395261
