2.000000 35802312.581354
2.100000 35527656.149415
2.200000 35244914.056596
2.300000 34972970.190554
2.400000 34715399.094516
2.500000 34463442.937855
2.600000 34196042.345718
2.700000 33952607.130596
2.800000 33713857.880432
2.900000 33466127.877421
3.000000 33233074.258365
3.100000 33015183.648878
3.200000 32818477.565732
3.300000 32645014.987418
3.400000 32463024.028206
3.500000 32296062.233844
3.600000 32136257.294711
3.700000 31987344.313331
3.800000 31845729.111908
3.900000 31715096.027344
4.000000 31605005.955014
4.100000 31488272.942091
4.200000 31386856.684268
4.300000 31289698.625160
4.400000 31199520.776992
4.500000 31116281.163061
4.600000 31039465.698432
4.700000 30968899.083657
4.800000 30902514.746966
4.900000 30841936.535651
5.000000 30789701.892403
5.100000 30740886.816827
5.200000 30695255.046032
5.300000 30652651.542333
5.400000 30612837.235707
5.500000 30576318.577792
5.600000 30542239.891780
5.700000 30515683.433949
5.800000 30492179.478811
5.900000 30471015.320671
6.000000 30450904.565544
6.100000 30431665.443216
6.200000 30416740.000697
6.300000 30401648.200989
6.400000 30383261.891264
6.500000 30370185.034924
6.600000 30364580.724326
6.700000 30357936.554959
6.800000 30345715.528876
6.900000 30334639.113017
7.000000 30334379.924770
7.100000 30332111.684832
7.200000 30327170.789155
7.300000 30326009.694892
7.400000 30322779.145378
7.500000 30319611.991126
7.600000 30319786.675318
7.700000 30323147.608186
7.800000 30319035.836419
7.900000 30319579.544057
8.000000 30321498.198434
8.100000 30324270.133873
8.200000 30327716.946164
8.300000 30331655.977644
8.400000 30335780.492904
8.500000 30339650.830815
8.600000 30343040.647516
8.700000 30346303.295960
8.800000 30349927.638902
8.900000 30354025.586448
9.000000 30358288.222101
9.100000 30362599.555636
9.200000 30366256.417151
9.300000 30370375.763679
9.400000 30375042.275480
9.500000 30379945.945818
9.600000 30385032.240885
9.700000 30390307.029516
9.800000 30395781.978782
9.900000 30401455.848065
10.000000 30407310.004027
10.100000 30413313.314489
10.200000 30419430.617788
10.300000 30425629.569154
10.400000 30431883.916954
10.500000 30438173.891738
10.600000 30444485.149574
10.700000 30450807.353520
10.800000 30457132.920633
10.900000 30463456.087482
11.000000 30469772.274263
11.100000 30476077.675568
11.200000 30482369.006259
11.300000 30488643.347310
11.400000 30494898.053565
11.500000 30501130.698801
11.600000 30507339.042744
11.700000 30513521.010700
11.800000 30519674.680283
11.900000 30525798.272010
12.000000 30531890.141905
12.100000 30537948.775115
12.200000 30543972.779992
12.300000 30549960.882364
12.400000 30555911.919889
12.500000 30561824.836462
12.600000 30567698.676665
12.700000 30573532.580309
12.800000 30579325.777074
12.900000 30585077.581295
13.000000 30590787.386903
13.100000 30596454.662558
13.200000 30602078.946962
13.300000 30607659.844393
13.400000 30613197.020442
13.500000 30618690.197955
13.600000 30624139.153198
13.700000 30629543.712215
13.800000 30634903.747400
13.900000 30640219.174253
14.000000 30645489.948331
14.100000 30650716.062376
14.200000 30655897.543617
14.300000 30661034.451231
14.400000 30666126.873966
14.500000 30671174.927906
14.600000 30676178.754378
14.700000 30681138.517988
14.800000 30686054.404783
14.900000 30690926.620531
15.000000 30695755.389106
