2.000000 15854247.567694
2.100000 15795165.296594
2.200000 15726466.116149
2.300000 15652431.639736
2.400000 15585385.968461
2.500000 15512012.402011
2.600000 15451853.296920
2.700000 15399155.708783
2.800000 15357031.200096
2.900000 15317038.935121
3.000000 15282938.557539
3.100000 15253164.397863
3.200000 15228687.962787
3.300000 15204552.204644
3.400000 15181405.299319
3.500000 15159301.094335
3.600000 15139201.372435
3.700000 15119669.207579
3.800000 15099889.929726
3.900000 15079150.766877
4.000000 15059860.973376
4.100000 15044928.113558
4.200000 15031538.993670
4.300000 15018409.914913
4.400000 15004868.452234
4.500000 14991955.976126
4.600000 14980762.458974
4.700000 14971637.569970
4.800000 14963142.980903
4.900000 14955016.522941
5.000000 14947130.647607
5.100000 14939400.130476
5.200000 14931950.524301
5.300000 14925183.465454
5.400000 14919125.705393
5.500000 14913418.640193
5.600000 14907754.950143
5.700000 14902692.129279
5.800000 14894069.897203
5.900000 14889970.293073
6.000000 14886364.428675
6.100000 14883265.251753
6.200000 14880547.506671
6.300000 14876345.330196
6.400000 14873459.281095
6.500000 14870761.645770
6.600000 14866677.834042
6.700000 14863629.367180
6.800000 14861797.414516
6.900000 14862123.885378
7.000000 14861187.741353
7.100000 14859594.487915
7.200000 14858383.531436
7.300000 14857281.718218
7.400000 14856325.205920
7.500000 14855411.380178
7.600000 14854582.553204
7.700000 14853900.344556
7.800000 14853255.439387
7.900000 14852682.668106
8.000000 14852190.722879
8.100000 14851771.171863
8.200000 14851417.695169
8.300000 14851125.560079
8.400000 14850890.960924
8.500000 14850710.796919
8.600000 14850582.754535
8.700000 14850505.812456
8.800000 14850481.948628
8.900000 14850522.581592
9.000000 14850678.839307
9.100000 14851154.850627
9.200000 14851810.315146
9.300000 14852271.018842
9.400000 14852647.040139
9.500000 14853013.569480
9.600000 14853392.088974
9.700000 14853788.595708
9.800000 14854204.502149
9.900000 14854639.662154
10.000000 14855093.348193
10.100000 14855564.612745
10.200000 14856052.435878
10.300000 14856555.789515
10.400000 14857073.666317
10.500000 14857605.092622
10.600000 14858149.133930
10.700000 14858704.896842
10.800000 14859271.529303
10.900000 14859848.220024
11.000000 14860434.197511
11.100000 14861028.728894
11.200000 14861631.118653
11.300000 14862240.707270
11.400000 14862856.869851
11.500000 14863479.014726
11.600000 14864106.582023
11.700000 14864739.042263
11.800000 14865375.894948
11.900000 14866016.667184
12.000000 14866660.912327
12.100000 14867308.208664
12.200000 14867958.158150
12.300000 14868610.385169
12.400000 14869264.535368
12.500000 14869920.274524
12.600000 14870577.287475
12.700000 14871235.277093
12.800000 14871893.963317
12.900000 14872553.082226
13.000000 14873212.385174
13.100000 14873871.637954
13.200000 14874530.620023
13.300000 14875189.123762
13.400000 14875846.953776
13.500000 14876503.926233
13.600000 14877159.868247
13.700000 14877814.617284
13.800000 14878468.020609
13.900000 14879119.934763
14.000000 14879770.225066
14.100000 14880418.765148
14.200000 14881065.436510
14.300000 14881710.128108
14.400000 14882352.735952
14.500000 14882993.162741
14.600000 14883631.317506
14.700000 14884267.115279
14.800000 14884900.476777
14.900000 14885531.328104
15.000000 14886159.600469
