8.171013 113.301139
9.304367 131.883014
9.013000 123.658390
9.604660 137.223786
9.219406 131.918032
8.513374 120.431648
8.268311 117.284438
8.146339 114.111199
8.799889 121.977413
8.923004 121.166703
8.487991 119.074587
8.714951 119.916940
8.981552 125.834904
8.656082 125.914114
8.939415 124.565391
9.774673 133.060323
9.103226 124.737344
8.477577 115.751985
8.996452 124.790959
8.623375 121.763256
8.184700 115.757011
9.228035 128.302488
9.402283 130.368817
8.514519 119.177740
8.385223 120.904024
8.928177 129.497830
8.882584 122.341492
8.791214 121.896579
9.268318 127.163717
9.133095 126.430396
8.712135 120.753652
8.597260 119.883515
9.083679 121.961450
8.927055 121.944260
8.802841 119.068098
9.146919 126.889023
9.010826 130.677152
8.592819 121.116297
9.053055 124.578818
8.958824 120.807391
8.516006 122.321099
9.086174 128.117938
8.783661 121.925672
8.631317 124.129918
8.674164 121.836047
9.071823 130.967851
9.087318 125.524410
8.102348 113.446328
8.955139 124.971630
8.857040 120.395894
8.422920 113.570603
9.365845 130.820349
8.691330 126.832152
8.457916 121.722380
8.714378 125.846509
8.837013 125.305941
8.275612 112.810202
9.020645 125.384587
8.485657 116.753377
8.293350 120.052024
8.550522 118.098943
8.312782 114.659887
8.674164 121.836047
8.727654 123.044692
9.196953 128.280183
8.411293 115.011521
8.537384 119.117566
8.948181 125.865235
9.354103 130.741652
8.783684 121.061877
8.052246 107.369941
9.132179 124.428771
8.521042 117.273042
8.997803 126.921605
8.873154 127.149430
8.206833 115.519420
8.230362 117.330028
9.235886 125.751063
8.896637 126.591690
9.053055 124.578818
8.427979 115.978820
8.512367 115.756814
9.239159 126.788227
8.968094 121.331144
9.011215 126.720004
8.484970 120.982506
10.074348 141.133434
8.427979 115.978820
8.385223 120.904024
7.699516 109.600899
8.942619 127.856583
9.274040 132.781550
8.522026 120.385890
8.606071 122.343669
8.643013 126.086944
8.288567 111.136060
9.559593 135.031478
8.281654 116.806181
8.930374 124.314212
8.753677 118.646575
9.644897 133.041279
8.475700 120.457935
9.231010 127.109713
9.003525 123.055845
8.574371 117.823558
8.927856 122.027509
8.875443 125.117271
8.201500 118.316655
8.625595 118.302917
9.782387 138.305395
8.607628 116.745610
8.901787 125.076210
9.356735 128.499224
9.661560 136.681560
8.974548 123.888656
9.276077 130.891714
8.105576 114.452075
8.629005 118.690854
8.656013 123.622168
8.140343 115.937717
8.956215 128.258895
8.802841 119.068098
8.522026 120.385890
9.378502 131.533879
8.968826 123.761197
8.364075 120.834487
8.863266 124.588351
9.215904 124.261101
9.009201 126.601819
8.860748 122.687305
8.984711 120.917802
8.364075 120.834487
9.010826 130.677152
9.728325 132.637430
8.398041 118.736677
8.400169 117.346532
8.352287 115.267930
8.961090 119.768326
9.239708 131.619696
8.200974 118.665581
9.409218 130.669133
8.584923 118.632919
9.644897 133.041279
8.373093 120.981794
9.211464 127.206429
8.636673 122.483933
8.019539 113.066800
8.418869 120.387360
8.454323 118.030915
8.909592 126.781841
9.133095 126.430396
9.068115 125.238007
8.904831 123.738237
10.042557 143.984337
8.716713 117.920167
8.454323 118.030915
8.828041 124.935624
8.318848 113.658664
7.247795 104.230565
8.092369 108.685913
8.702545 124.571443
8.705292 122.661689
8.401176 121.204196
8.586273 119.907058
8.444344 118.620659
8.264397 123.676945
8.986382 126.486910
8.414841 121.155537
8.671623 123.977977
8.727081 120.127901
8.597260 119.883515
9.065231 128.070651
8.828041 124.935624
9.356735 128.499224
8.660408 125.482694
8.867638 121.574614
8.564758 120.786195
8.923485 126.174170
9.106934 127.842628
8.803459 123.481144
8.401176 121.204196
8.350845 119.427665
7.967491 112.889455
9.029068 121.934175
8.156662 114.593517
9.329178 129.994595
9.132179 124.428771
9.409218 130.669133
9.013321 124.218246
9.019684 124.223434
8.496231 123.531350
9.096176 122.906849
8.505547 115.578701
8.971321 127.147511
8.295113 117.971932
9.802185 140.464339
8.548531 122.487261
8.411247 115.528975
8.522530 118.891241
8.791214 121.896579
9.025223 123.591158
8.997803 123.817832
9.211464 127.206429
8.426308 117.476540
8.309509 115.295232
8.034210 111.396596
8.672470 121.721921
9.105537 128.269456
9.086655 121.293671
9.316864 130.163726
9.630707 131.579513
8.810829 120.644190
9.080498 127.029102
8.834335 124.890290
8.468170 122.134101
8.637772 125.000366
9.507912 127.893395
8.957840 120.575388
9.407089 134.673382
8.588058 124.953158
9.253372 126.140109
8.832481 123.529536
8.411247 115.528975
8.834335 124.890290
9.104897 127.081416
8.928337 126.286102
8.502319 114.824042
9.102791 125.372414
8.547638 118.652012
8.381653 115.921254
9.875198 135.767110
9.315582 124.781824
8.979149 129.955189
8.764229 126.046649
8.574371 117.823558
8.542236 118.424543
8.999886 124.857994
8.796043 122.387119
8.024940 114.802773
9.239159 126.788227
8.302345 111.712347
9.036324 126.970386
8.656013 123.622168
9.644897 133.041279
8.764481 123.087712
9.103226 124.737344
8.981873 127.808656
9.003525 123.055845
9.042709 124.836644
8.140343 115.937717
8.992012 119.703622
8.935478 124.142747
8.631432 122.477367
8.671349 120.693602
8.625595 118.302917
8.832436 122.987470
8.366798 119.315896
9.231033 127.950223
8.385223 120.904024
9.004990 126.730056
8.992012 119.703622
8.875443 125.117271
8.764229 126.046649
9.687447 137.224711
8.891487 125.421030
9.118263 128.095587
8.167442 115.696372
8.588699 119.063437
9.529495 135.505904
8.857040 120.395894
8.545349 115.046710
8.656082 125.914114
8.662560 120.700798
8.709618 124.393944
8.163643 116.772458
8.851135 123.446582
8.909592 126.781841
9.692551 132.587326
8.457916 121.722380
8.825089 124.316439
8.555283 122.879762
8.928337 126.286102
8.259590 112.826161
8.959808 125.511535
8.245056 114.585353
8.935478 124.142747
9.176170 123.914400
8.398041 118.736677
8.527130 120.635646
8.984711 120.917802
9.032364 128.728685
9.034241 130.214115
8.989906 126.775900
8.963425 127.668538
8.895470 126.652910
9.183586 127.138131
9.765839 139.210878
9.008148 124.629558
8.198158 114.620738
8.485657 116.753377
8.691330 126.832152
8.927856 122.027509
9.245132 125.483341
8.356110 116.440112
8.401176 121.204196
8.165359 113.853516
9.032364 128.728685
8.588058 124.953158
7.797249 112.905217
8.942619 127.856583
8.454323 118.030915
8.574371 117.823558
8.024940 114.802773
8.483620 121.411498
8.369087 119.167907
8.799889 121.977413
8.598564 116.538581
9.356575 130.946465
8.706459 128.282612
7.950760 113.146578
8.716713 117.920167
8.571533 122.082624
8.498360 121.127658
8.706459 128.282612
9.111534 127.465018
8.343132 118.807441
9.125130 128.215291
8.247643 117.661641
8.484970 120.982506
10.059357 139.606611
8.171288 116.231561
8.335419 118.811892
8.761871 119.403294
9.072487 129.170980
8.660408 125.482694
9.029457 125.494252
8.968094 121.331144
8.295113 117.971932
8.398041 118.736677
8.422485 121.009084
7.797249 112.905217
8.601196 122.439281
8.344414 119.453750
8.539902 118.698214
8.874573 119.202684
9.329178 129.994595
9.105537 128.269456
9.238472 128.020507
8.190468 114.912342
8.490669 121.049074
8.785652 121.292656
8.717926 126.291096
9.087318 125.524410
9.015495 121.461676
8.563248 120.049269
8.352493 119.272578
9.065231 128.070651
8.981873 127.808656
9.100433 130.983993
9.686989 134.348997
8.682838 117.435305
8.908379 126.774022
8.989311 124.400507
8.837013 125.305941
9.074409 128.601674
9.118332 126.810589
8.574348 118.390709
8.422005 119.221296
9.319130 123.254587
8.955139 124.971630
8.289963 118.073194
9.247261 131.423665
8.273232 116.851182
9.012772 125.569576
8.981873 127.808656
9.083679 121.961450
9.122040 126.291151
8.541801 122.625808
9.024376 121.346478
8.532509 119.004271
8.658691 116.784590
8.869263 124.167073
8.356339 116.141416
8.260185 114.677933
8.653519 123.799955
8.761871 119.403294
8.478676 115.139565
8.587761 119.567763
8.504608 118.740941
8.539742 121.999487
8.473572 120.377630
8.831085 127.745192
8.937263 123.474581
8.955139 124.971630
8.484947 115.380956
8.130455 110.781739
9.765839 139.210878
8.870567 120.724370
8.401176 121.204196
9.131607 123.147560
9.228653 132.120123
8.967911 126.436096
8.714951 119.916940
8.907120 123.400696
8.997803 123.817832
9.166557 127.348345
9.074799 127.874576
9.329178 129.994595
9.048065 127.157266
8.293350 120.052024
7.869736 107.499988
8.771233 123.541630
9.025543 127.479361
8.965622 124.511567
8.559151 118.344702
8.426308 117.476540
8.713348 122.529439
8.870361 123.681257
9.041359 128.534256
8.398041 118.736677
8.958870 128.124445
8.146339 114.111199
8.324364 115.102868
9.630707 131.579513
9.228172 126.355314
9.158890 125.836409
8.615753 117.318618
8.344414 121.795822
8.574348 118.390709
8.694992 121.871897
8.963425 127.668538
8.948181 125.865235
8.281654 116.806181
8.324364 115.102868
8.709663 118.389587
9.306770 124.911296
8.309235 115.061582
8.247643 117.661641
8.044487 113.867271
8.859787 122.208513
8.783661 121.925672
9.096176 122.906849
9.038383 126.084338
8.997803 126.921605
10.059357 139.606611
9.009270 125.271739
8.810371 122.477725
8.512367 115.756814
9.782387 138.305395
8.281654 116.806181
8.938042 124.711201
9.081528 124.211839
8.877159 125.578528
9.024376 121.346478
8.483620 121.411498
9.196358 130.947025
9.017624 124.373377
8.752487 123.967403
7.869736 107.499988
9.524071 126.595442
9.032547 129.851233
9.005951 127.175973
8.102760 113.758324
8.807716 124.953115
8.219467 120.530500
8.817581 124.189939
8.883774 123.766294
8.645760 117.478590
9.166306 125.081748
8.438072 115.848740
9.010826 130.677152
9.425789 132.951076
8.874573 123.744283
8.066208 112.058027
9.604660 137.223786
9.183014 131.197732
9.074249 126.875524
9.383446 129.693450
8.411751 120.833923
9.098534 130.351968
8.504608 118.740941
8.148582 112.884955
9.097687 129.269863
9.032822 121.649911
9.009270 125.271739
9.001923 125.847299
9.274040 132.781550
8.957245 123.735840
8.606071 122.343669
10.092819 138.685037
8.996773 119.443418
8.948181 125.865235
8.467621 112.376487
8.080833 113.793954
8.577942 120.173826
8.974960 124.103373
9.150009 126.506386
9.448196 133.493280
8.269661 118.269563
7.654839 108.083371
8.859787 122.208513
8.634178 119.539631
9.079811 124.944291
8.857040 120.395894
9.211464 127.206429
7.751198 106.336291
8.267326 112.493409
8.555283 122.879762
8.968369 123.376003
8.615753 117.318618
8.373093 120.981794
8.958870 128.124445
9.449409 123.149172
8.852051 125.334563
8.267006 115.068322
8.260185 114.677933
8.732780 119.029880
8.490669 121.049074
8.998535 127.920469
9.306770 124.911296
8.567619 120.559568
8.483620 121.411498
9.106934 127.842628
8.260185 114.677933
9.267494 124.017215
8.795723 118.715863
8.807716 124.953115
9.009155 126.296535
8.803459 123.481144
8.324364 115.102868
8.877159 125.578528
8.569107 118.714647
8.928337 126.286102
8.092369 108.685913
8.059708 112.467237
9.300751 129.823470
8.904831 123.738237
8.324043 115.389792
9.149437 123.979500
9.033646 130.249158
8.713348 122.529439
9.199745 133.598193
8.799889 121.977413
8.381653 115.921254
8.455719 117.577621
8.827332 124.542070
8.989906 126.775900
9.312401 134.070229
8.996773 119.443418
8.895470 126.652910
8.893890 122.737316
8.978439 123.736158
9.218628 128.467786
9.231010 127.109713
8.862785 120.716085
8.417336 121.967158
8.523170 118.627018
8.219467 120.530500
7.970924 110.489814
8.066208 112.058027
9.061043 128.400872
8.939415 124.565391
8.920692 130.236499
8.156570 114.348795
9.164749 130.097241
9.312401 134.070229
8.454231 123.095262
9.076424 125.945183
9.020645 125.384587
9.034241 130.214115
8.267326 112.493409
8.081589 116.189475
8.603119 121.750501
9.328812 127.644193
8.985352 124.300330
9.212311 127.432760
8.902679 122.685401
8.818863 124.023543
8.264923 115.904409
8.475700 120.457935
8.764229 126.046649
9.009453 122.160575
9.604660 137.223786
8.769058 124.622231
8.953857 127.215311
8.639442 117.703495
8.525414 120.647130
8.948662 124.499776
9.132935 123.896984
9.132179 124.428771
9.354103 130.741652
8.936371 125.940308
8.555283 122.879762
9.027260 130.154655
9.238472 128.020507
8.485657 116.753377
8.959808 125.511535
8.312782 114.659887
8.207359 120.686784
8.167442 115.696372
9.038383 126.084338
9.709923 135.406989
8.657547 120.707885
8.710075 120.139612
9.013321 124.218246
9.417229 134.664483
8.948891 125.382969
8.943169 127.023779
9.757759 136.778501
8.381264 115.080254
8.054375 113.508085
8.288567 111.136060
9.009590 125.526565
8.411751 120.833923
8.564873 116.663424
9.280037 129.379176
8.938660 124.393589
8.240341 113.698727
8.999817 127.312506
8.862625 123.904271
8.342995 117.543147
8.591492 115.787159
8.982491 122.870294
8.309509 115.295232
7.718399 104.096204
9.517250 133.583366
8.804535 122.279730
8.953857 127.215311
8.967773 122.881470
8.679932 119.496556
8.802841 119.068098
8.516006 122.321099
8.875282 126.846795
7.654312 109.386791
9.132935 123.896984
8.519302 119.071385
8.862236 124.781293
8.571762 117.673800
9.235886 125.751063
9.086174 128.117938
8.356888 118.510186
8.957245 123.735840
9.196678 125.831614
8.107018 112.947375
8.643013 126.086944
8.381653 115.921254
8.800369 125.084979
8.578102 118.077414
8.176003 115.505335
8.214180 116.907081
8.631317 124.129918
9.109039 124.034858
8.484970 120.982506
9.517250 133.583366
9.231033 127.950223
8.891899 120.267557
8.161743 113.042493
9.190544 125.676882
9.365845 130.820349
8.883133 125.325534
8.875282 126.846795
9.630707 131.579513
10.092819 138.685037
9.356575 130.946465
8.986038 123.456822
8.527336 124.147047
8.850220 119.469321
9.084938 125.745676
8.247643 117.661641
8.615753 117.318618
9.398849 129.498860
8.275612 112.810202
8.784966 118.031346
8.999817 127.312506
9.035339 125.540731
8.494881 118.798478
9.559593 135.031478
8.932526 127.899058
8.356888 118.510186
8.893661 124.299499
8.349815 121.208363
8.582748 117.111626
8.544250 117.249649
8.605339 123.882960
8.825089 124.316439
8.904831 123.738237
8.924446 120.859520
9.098534 130.351968
9.038383 126.084338
9.035339 125.540731
8.946007 126.351610
8.867020 121.556455
8.213631 113.822777
7.970924 110.489814
9.559593 135.031478
8.986382 126.486910
8.512367 115.756814
8.883408 128.618027
8.277855 116.251553
8.643105 121.431706
8.535507 116.685478
9.821434 134.104549
9.661560 136.681560
9.054749 134.301760
8.446358 114.530608
9.529495 135.505904
8.612892 119.501394
9.050697 133.263794
8.980293 125.820197
9.034241 130.214115
9.186768 137.676663
8.831818 121.888748
8.822273 120.580304
8.916321 129.264031
8.718681 122.806051
9.035339 125.540731
8.962738 125.313808
9.005951 127.175973
8.540863 123.277693
9.001923 125.847299
9.630707 131.579513
8.657547 120.707885
8.400398 116.386790
8.598564 116.538581
8.515091 124.923129
8.615799 120.277389
9.417229 134.664483
8.377419 115.068890
9.356735 128.499224
9.692551 132.587326
8.837883 120.285662
9.383446 129.693450
9.018791 126.552898
8.490669 121.049074
9.074799 127.874576
8.793915 117.585965
8.937263 123.474581
9.728897 136.038703
9.118332 126.810589
8.200974 118.665581
9.018173 125.408602
8.534248 115.856414
8.939415 124.565391
8.791214 121.896579
8.224434 115.290084
8.267006 115.068322
8.691330 126.832152
9.417229 134.664483
8.012032 113.886544
9.212311 127.432760
8.879723 125.664623
9.074799 127.874576
8.712135 120.753652
8.537384 119.117566
8.764481 123.087712
8.344414 121.795822
9.448196 133.493280
8.743217 122.062443
8.906273 119.019216
8.527336 124.147047
9.348610 127.798564
8.631432 122.477367
8.832481 123.529536
8.344414 121.795822
9.004326 126.619818
8.832436 122.987470
8.727654 123.044692
9.001556 124.881812
9.644897 133.041279
8.603119 121.750501
8.968414 123.749455
10.074348 141.133434
9.106453 130.634062
9.100433 130.983993
9.061844 125.420949
8.875443 125.117271
9.134193 129.354599
8.275612 112.810202
8.948318 116.886313
8.557251 120.830189
8.632095 124.072874
9.601227 137.926933
8.658188 117.638668
8.975006 122.292781
8.105576 114.452075
8.541801 122.625808
8.815315 122.842322
10.009781 143.137744
9.190544 125.676882
8.710464 120.870524
8.832436 122.987470
8.569107 118.714647
8.981552 125.834904
8.649925 120.718536
8.181541 111.449496
9.613884 138.043950
8.005669 113.745302
8.314774 121.368508
8.165359 113.853516
9.253372 126.140109
7.699516 109.600899
9.437576 124.897298
8.702545 124.571443
8.206833 115.519420
9.083427 126.664109
8.994576 128.633439
8.886452 125.983618
8.107018 112.947375
9.079811 124.944291
8.473572 120.377630
8.311111 111.543225
8.951866 120.255241
9.417229 134.664483
9.080498 127.029102
9.196358 130.947025
8.691696 119.639437
9.239708 131.619696
9.235886 125.751063
8.959808 125.511535
8.582748 117.111626
9.041359 128.534256
9.242867 128.741091
8.457184 119.132996
9.025543 127.479361
8.505547 115.578701
8.300011 116.446449
8.779152 120.641896
8.457184 119.132996
8.674896 119.261827
8.213631 113.822777
8.523125 120.300588
8.980293 125.820197
8.484810 117.379269
8.275200 114.489351
8.523170 118.627018
8.668396 121.464538
8.333267 117.076945
8.769493 122.872776
8.639442 117.703495
8.828430 122.727689
9.029068 121.934175
9.409218 130.669133
8.732780 119.029880
9.661560 136.681560
8.920120 127.020808
8.260185 114.677933
9.658630 133.279119
9.276077 130.891714
8.672470 121.721921
9.198555 126.368717
8.817284 120.033784
8.771873 125.783879
8.639214 122.910225
8.769493 122.872776
9.109039 124.034858
9.005928 125.317859
8.862236 124.781293
8.111069 115.656166
8.989311 124.400507
9.061043 128.400872
8.898468 128.541100
7.858200 109.360391
8.723511 120.203453
9.042458 126.730993
7.654839 108.083371
8.312187 114.692784
8.534248 115.856414
8.727654 123.044692
9.328812 127.644193
9.004578 127.502044
8.537384 119.117566
9.004555 122.371324
8.957245 123.735840
8.923004 121.166703
8.989906 126.775900
8.232239 118.018837
8.214180 116.907081
8.789841 120.416003
8.846672 119.324620
8.254532 119.508413
8.366798 119.315896
8.895561 125.583512
9.080154 126.583644
9.074249 126.875524
8.312187 114.692784
8.974960 124.103373
9.183014 131.197732
9.022682 125.358501
8.344414 121.795822
8.989975 123.933042
9.112976 122.730128
8.422920 113.570603
9.086655 121.293671
8.232239 118.018837
9.615601 137.842403
9.149437 123.979500
8.398727 114.981842
8.417336 121.967158
8.505547 115.578701
8.980431 127.536810
9.061844 125.420949
9.111534 127.465018
8.245056 114.585353
8.181541 111.449496
9.356735 128.499224
9.779869 133.024624
8.709251 120.738071
8.459129 118.498883
8.951454 127.829759
9.010826 130.677152
9.143669 129.266448
7.718399 104.096204
9.022110 129.944872
8.259430 113.009269
8.928337 126.286102
8.742828 116.892135
8.994576 128.633439
9.032822 121.649911
8.888855 121.692487
8.924446 120.859520
9.106453 130.634062
8.669746 121.675940
8.081589 116.189475
8.369087 119.167907
8.522118 116.024494
8.349815 121.208363
9.103226 124.737344
9.079811 124.944291
10.107079 145.789599
8.418938 118.902620
8.994576 128.633439
8.637772 120.757955
8.563065 121.664820
9.596764 133.496983
9.512169 132.770722
8.958870 128.124445
8.748802 125.419916
9.306770 124.911296
9.086174 128.117938
9.782387 138.305395
9.071823 130.967851
9.644897 133.041279
8.675446 122.592609
8.953857 127.215311
9.105537 128.269456
8.049362 115.786605
9.821434 134.104549
8.344414 119.453750
9.276077 130.891714
8.163094 119.023514
9.544991 134.579202
7.947144 107.409076
8.810371 122.477725
8.200150 117.315630
8.209946 115.154224
8.534248 115.856414
8.146339 114.111199
8.963425 127.668538
8.324043 115.389792
8.886452 125.983618
9.219406 131.918032
7.897568 104.026945
8.713348 122.529439
9.867233 133.203794
8.631134 121.183087
9.491066 127.908575
8.793915 117.585965
8.417336 121.967158
8.206833 115.519420
9.224693 121.852322
8.792427 118.738583
8.592819 121.116297
9.066513 124.199588
8.268311 117.284438
8.024940 114.802773
8.755371 118.320185
9.125381 130.210483
8.289963 118.073194
9.020645 125.384587
9.131607 123.147560
8.377419 115.068890
8.252861 117.020421
8.373093 120.981794
9.570580 134.412210
8.448120 115.845266
8.709251 120.738071
8.852051 125.334563
8.891487 125.421030
9.448196 133.493280
9.136505 135.008927
8.528160 116.185482
9.391594 131.546714
9.319130 123.254587
8.880913 128.640757
9.154793 129.541453
8.189964 114.240469
8.521042 117.273042
8.979149 129.955189
8.973907 128.116127
8.713737 122.740693
