2.000000 88.560907 111.388675 65.733140
2.100000 94.101347 116.082701 72.119994
2.200000 99.525189 120.677037 78.373341
2.300000 104.833509 125.172682 84.494336
2.400000 110.027381 129.570646 90.484115
2.500000 115.107880 133.871960 96.343801
2.600000 120.076083 138.077671 102.074495
2.700000 124.933063 142.188848 107.677278
2.800000 129.679896 146.206587 113.153206
2.900000 134.317658 150.132011 118.503306
3.000000 138.847423 153.966275 123.728571
3.100000 143.270267 157.710576 128.829958
3.200000 147.587264 161.366150 133.808378
3.300000 151.799490 164.934289 138.664692
3.400000 155.908021 168.416341 143.399701
3.500000 159.913930 171.813724 148.014136
3.600000 163.818294 175.127937 152.508650
3.700000 167.622187 178.360573 156.883801
3.800000 171.326685 181.513330 161.140040
3.900000 174.932863 184.588035 165.277690
4.000000 178.441795 187.586656 169.296934
4.100000 181.854558 190.511324 173.197791
4.200000 185.172226 193.364355 176.980096
4.300000 188.395874 196.148261 180.643486
4.400000 191.526578 198.865771 184.187384
4.500000 194.565412 201.519826 187.610998
4.600000 197.513452 204.113568 190.913337
4.700000 200.371774 206.650301 194.093247
4.800000 203.141451 209.133414 197.149488
4.900000 205.823560 211.566269 200.080851
5.000000 208.419175 213.952036 202.886315
5.100000 210.929372 216.293495 205.565249
5.200000 213.355226 218.592829 208.117622
5.300000 215.697811 220.851426 210.544196
5.400000 217.958204 223.069755 212.846652
5.500000 220.137478 225.247337 215.027619
5.600000 222.236710 227.382822 217.090599
5.700000 224.256975 229.474163 219.039787
5.800000 226.199347 231.518855 220.879840
5.900000 228.064902 233.514168 222.615637
6.000000 229.854715 235.457368 224.252063
6.100000 231.569862 237.345881 225.793842
6.200000 233.211416 239.177406 227.245426
6.300000 234.780454 240.949969 228.610938
6.400000 236.278050 242.661952 229.894148
6.500000 237.705280 244.312080 231.098481
6.600000 239.063219 245.899402 232.227037
6.700000 240.352943 247.423258 233.282628
6.800000 241.575525 248.883246 234.267803
6.900000 242.732041 250.279191 235.184892
7.000000 243.823567 251.611105 236.036030
7.100000 244.851178 252.879168 236.823188
7.200000 245.815949 254.083699 237.548199
7.300000 246.718954 255.225133 238.212776
7.400000 247.561270 256.304006 238.818533
7.500000 248.343970 257.320938 239.367003
7.600000 249.068132 258.276620 239.859643
7.700000 249.734828 259.171803 240.297854
7.800000 250.345136 260.007288 240.682984
7.900000 250.900129 260.783919 241.016339
8.000000 251.400883 261.502578 241.299189
8.100000 251.848474 262.164176 241.532772
8.200000 252.243976 262.769651 241.718300
8.300000 252.588464 263.319963 241.856964
8.400000 252.883014 263.816092 241.949935
8.500000 253.128700 264.259033 241.998368
8.600000 253.326599 264.649794 242.003404
8.700000 253.477784 264.989396 241.966173
8.800000 253.583332 265.278870 241.887794
8.900000 253.644317 265.519254 241.769380
9.000000 253.661815 265.711595 241.612035
9.100000 253.636900 265.856945 241.416856
9.200000 253.570649 265.956361 241.184936
9.300000 253.464135 266.010904 240.917365
9.400000 253.318434 266.021641 240.615227
9.500000 253.134622 265.989639 240.279604
9.600000 252.913773 265.915970 239.911575
9.700000 252.656962 265.801707 239.512217
9.800000 252.365266 265.647926 239.082606
9.900000 252.039758 265.455702 238.623813
10.000000 251.681514 265.226116 238.136913
10.100000 251.291610 264.960245 237.622974
10.200000 250.871120 264.659172 237.083067
10.300000 250.421119 264.323978 236.518259
10.400000 249.942683 263.955746 235.929619
10.500000 249.436887 263.555560 235.318213
10.600000 248.904805 263.124506 234.685105
10.700000 248.347514 262.663668 234.031360
10.800000 247.766088 262.174136 233.358041
10.900000 247.161603 261.656997 232.666209
11.000000 246.535133 261.113343 231.956923
11.100000 245.887754 260.544264 231.231243
11.200000 245.220540 259.950857 230.490224
11.300000 244.534568 259.334215 229.734921
11.400000 243.830912 258.695439 228.966385
11.500000 243.110647 258.035630 228.185664
11.600000 242.374849 257.355892 227.393806
11.700000 241.624592 256.657333 226.591851
11.800000 240.860952 255.941065 225.780839
11.900000 240.085004 255.208204 224.961804
12.000000 239.297823 254.459871 224.135775
12.100000 238.500484 253.697192 223.303777
12.200000 237.694063 252.921300 222.466826
12.300000 236.879634 252.133332 221.625937
12.400000 236.058273 251.334434 220.782112
12.500000 235.231055 250.525759 219.936351
12.600000 234.399055 249.708469 219.089640
12.700000 233.563347 248.883734 218.242960
12.800000 232.725009 248.052736 217.397281
12.900000 231.885113 247.216666 216.553560
13.000000 231.044736 246.376728 215.712745
13.100000 230.204953 245.534138 214.875769
13.200000 229.366839 244.690126 214.043552
13.300000 228.531469 243.845938 213.217000
13.400000 227.699918 243.002835 212.397001
13.500000 226.873262 242.162096 211.584427
13.600000 226.052575 241.325018 210.780132
13.700000 225.238932 240.492918 209.984947
13.800000 224.433410 239.667135 209.199685
13.900000 223.637082 238.849029 208.425135
14.000000 222.851025 238.039987 207.662063
14.100000 222.076313 237.241418 206.911207
14.200000 221.314021 236.454762 206.173280
14.300000 220.565225 235.681482 205.448967
14.400000 219.830999 234.923076 204.738922
14.500000 219.112420 234.181071 204.043768
14.600000 218.410561 233.457025 203.364097
14.700000 217.726499 232.752532 202.700466
14.800000 217.061308 232.069218 202.053398
14.900000 216.416063 231.408745 201.423381
