2.000000 21746312.634998
2.100000 21700213.327815
2.200000 21655671.359760
2.300000 21608330.637638
2.400000 21560234.304899
2.500000 21511004.485977
2.600000 21472384.694029
2.700000 21440175.471031
2.800000 21410111.341141
2.900000 21383611.041374
3.000000 21359342.118717
3.100000 21337453.038878
3.200000 21316779.871630
3.300000 21298337.510044
3.400000 21281786.740991
3.500000 21266191.004489
3.600000 21250827.752191
3.700000 21234889.713087
3.800000 21221945.498205
3.900000 21211868.954080
4.000000 21202665.454984
4.100000 21191325.992420
4.200000 21182369.220149
4.300000 21174758.999475
4.400000 21169022.281073
4.500000 21161908.899140
4.600000 21154631.627000
4.700000 21147654.442799
4.800000 21140996.443694
4.900000 21134925.778658
5.000000 21129229.718503
5.100000 21123866.516835
5.200000 21118952.478825
5.300000 21114506.413300
5.400000 21110450.490168
5.500000 21106698.450011
5.600000 21103281.621371
5.700000 21100320.742772
5.800000 21097600.892171
5.900000 21095040.100852
6.000000 21092850.443252
6.100000 21090887.559647
6.200000 21089399.161367
6.300000 21087345.988779
6.400000 21085495.036026
6.500000 21084022.944162
6.600000 21082710.307764
6.700000 21081775.664387
6.800000 21080601.801509
6.900000 21080535.380704
7.000000 21080267.248945
7.100000 21078977.018009
7.200000 21078124.808213
7.300000 21077003.312182
7.400000 21076302.502186
7.500000 21075503.379998
7.600000 21074764.093674
7.700000 21077067.832460
7.800000 21076570.325828
7.900000 21076234.548221
8.000000 21076014.121596
8.100000 21075878.572189
8.200000 21075807.551246
8.300000 21075789.702988
8.400000 21075817.811376
8.500000 21075886.504794
8.600000 21075991.419066
8.700000 21076128.942267
8.800000 21076296.255574
8.900000 21076492.274048
9.000000 21076731.069351
9.100000 21077120.362884
9.200000 21077257.805759
9.300000 21077522.065113
9.400000 21077814.540364
9.500000 21078126.750404
9.600000 21078456.454145
9.700000 21078802.400003
9.800000 21079163.575526
9.900000 21079539.030418
10.000000 21079927.825955
10.100000 21080329.023680
10.200000 21080741.688776
10.300000 21081164.898790
10.400000 21081597.753483
10.500000 21082039.383748
10.600000 21082488.958725
10.700000 21082945.690862
10.800000 21083408.839020
10.900000 21083877.709867
11.000000 21084351.657903
11.100000 21084830.084421
11.200000 21085312.435693
11.300000 21085798.200645
11.400000 21086286.908213
11.500000 21086778.124556
11.600000 21087271.450233
11.700000 21087766.517444
11.800000 21088262.987399
11.900000 21088760.547834
12.000000 21089258.910719
12.100000 21089757.810151
12.200000 21090257.000426
12.300000 21090756.254306
12.400000 21091255.361444
12.500000 21091754.126971
12.600000 21092252.370217
12.700000 21092749.923575
12.800000 21093246.631461
12.900000 21093742.349395
13.000000 21094236.943161
13.100000 21094730.288049
13.200000 21095222.268176
13.300000 21095712.775856
13.400000 21096201.711043
13.500000 21096688.980809
13.600000 21097174.498875
13.700000 21097658.185176
13.800000 21098139.965463
13.900000 21098619.770939
14.000000 21099097.537916
14.100000 21099573.207506
14.200000 21100046.725325
14.300000 21100518.041227
14.400000 21100987.109051
14.500000 21101453.886386
14.600000 21101918.334351
14.700000 21102380.417392
14.800000 21102840.103092
14.900000 21103297.361984
15.000000 21103752.167390
