7.420761 93.940136
9.115311 127.467743
7.632568 100.011031
7.325317 94.738130
6.709671 90.771863
7.613571 104.339767
7.636047 103.924581
6.559891 86.780501
7.398857 90.533248
7.291878 92.799183
7.574364 96.374606
7.664886 101.465334
7.605400 100.223256
7.796265 98.468577
7.669167 97.231651
7.538361 98.674691
8.107613 108.358837
7.425156 96.397764
7.632271 96.016237
7.305977 94.866873
7.680313 98.751528
7.634354 102.994828
6.846954 95.719357
6.623634 92.929945
7.685829 99.312573
6.851784 87.162533
7.398216 93.841598
7.578873 101.764077
7.485214 98.939883
7.021225 92.112747
7.674614 101.836896
7.684616 102.573436
8.785240 112.535852
7.234177 93.923719
7.631470 104.494418
7.621262 95.576467
7.625839 106.797496
6.609650 89.934477
7.611694 105.866729
7.642982 101.535918
7.438293 99.424640
8.081955 105.927432
7.628860 96.715328
7.673447 98.065791
8.026566 105.774826
7.415657 89.306221
7.423187 95.921965
7.319687 94.038461
7.243011 89.743837
7.617325 103.361451
7.499680 96.985535
7.260384 101.287674
8.250687 103.070812
7.679878 100.260670
8.542946 114.793807
6.791588 82.585701
7.677589 106.404072
8.887367 109.741519
7.605400 100.223256
7.422295 92.823379
7.686836 102.938715
7.632271 96.016237
7.631767 99.442237
9.111923 121.968013
7.638107 98.253490
8.202164 111.585068
7.638222 98.837422
7.619751 105.140531
7.664886 101.465334
7.499680 96.985535
7.619133 104.434794
7.615517 94.469580
7.625702 98.176109
8.496735 108.776055
7.625702 98.176109
7.310143 100.819892
7.433235 101.619019
6.619629 81.993763
7.520645 101.327980
7.636940 94.602861
7.048325 93.861340
8.260506 102.660737
7.685829 97.248120
7.990746 107.061970
7.420761 93.940136
7.637947 97.835637
7.623825 96.585448
6.927269 84.701370
6.761513 90.846729
7.430466 95.538616
7.686951 98.815299
7.329483 96.817709
7.990746 107.061970
6.711250 91.550657
7.595329 96.748874
7.631538 106.177360
7.691963 99.718308
7.637627 99.527271
6.884811 87.269790
7.497185 96.997308
6.468658 83.573374
7.617188 94.399434
7.328224 95.883464
7.679741 102.985868
7.617073 94.772802
8.112831 106.226580
6.814934 90.501523
6.825417 95.029537
7.653122 99.380202
6.771584 91.670020
7.866898 104.922659
7.877449 106.082636
7.464386 92.678258
8.020798 106.168897
7.635040 100.680762
8.173210 109.217366
7.709015 97.945498
8.219925 109.732247
7.646439 103.920913
7.501785 99.853670
6.726173 89.442370
6.243233 85.373186
7.664223 96.260505
7.120834 96.348111
9.105263 113.280138
8.560684 108.364491
7.639229 97.123263
7.665688 96.505994
6.860481 88.214256
7.738380 98.041617
7.722954 98.513939
7.215065 93.659626
8.350410 110.347993
7.299614 95.664559
7.448250 96.127904
7.693611 96.172709
7.643188 100.314483
7.464386 92.678258
7.974335 106.108745
7.613571 104.339767
7.324677 89.968277
7.745430 95.379165
7.834785 106.020815
7.305565 95.720515
6.791588 82.585701
6.615097 91.848092
7.645020 105.565957
8.448212 108.770205
7.086021 95.113831
7.428703 91.956401
8.352768 111.473963
7.657883 98.394000
7.086021 95.113831
7.586678 99.817243
8.138809 104.569776
7.379036 101.531561
7.657883 98.394000
8.472473 114.068161
7.577911 94.632825
7.142075 93.210594
7.628654 101.381827
7.501785 99.853670
7.637833 96.657534
8.876175 116.320999
7.647720 104.514846
7.525314 103.299705
7.348183 97.057654
6.799278 97.252957
8.753952 111.427709
7.404694 98.812078
7.654587 99.951451
7.543327 92.302022
7.617325 103.361451
7.208702 92.702412
8.753952 111.427709
7.682121 99.672007
7.592949 99.080124
7.398216 93.841598
7.633942 99.455436
6.860481 88.214256
7.343788 93.569468
7.558182 98.536107
7.237404 89.764171
8.070717 104.294487
6.187180 86.920480
7.680840 107.729268
7.306046 95.958543
7.654587 99.951451
6.931664 84.699136
7.665688 96.505994
7.620735 107.288811
7.631081 99.725373
7.636322 96.403531
7.712837 103.547175
8.250069 116.004459
8.260506 102.660737
7.682281 99.169591
7.438293 99.424640
7.523323 97.291002
7.107239 85.300261
7.545204 104.496490
7.433121 93.483717
7.637306 91.463772
7.632019 97.309444
7.329369 95.459718
6.607658 86.259246
8.048401 106.246573
7.465164 97.659203
6.595711 83.845323
7.562714 99.345994
7.613892 100.239035
7.611763 108.663821
6.177315 80.762011
8.024734 102.436532
7.505928 90.566971
7.653877 95.712769
7.214905 95.001422
6.513817 82.660553
6.172646 79.034978
7.672737 106.534408
8.827103 113.393128
6.860481 88.214256
7.578438 92.669115
7.281281 89.361053
7.369377 102.810920
8.461853 104.897568
6.531281 87.449190
8.256226 109.153189
7.667130 96.518720
7.958015 105.214234
7.646988 96.090984
7.344795 95.801841
7.631538 106.177360
7.190117 96.801563
7.308060 91.673197
6.396011 83.288947
7.688667 101.937804
7.614555 97.340964
7.439896 98.537240
7.616318 104.555106
7.645020 105.565957
7.103920 96.911245
9.173676 123.714355
7.636940 94.602861
7.646736 101.120530
7.629890 98.919603
8.202164 111.585068
7.600319 95.238535
7.338364 98.466985
7.657265 97.558398
7.300186 92.661195
7.673698 91.173990
7.633095 100.014506
7.642662 98.183883
6.790741 91.560162
7.305977 94.866873
7.496292 97.873472
8.908127 121.125212
7.673744 92.824152
7.578873 101.764077
7.669167 97.231651
7.520164 97.740452
7.479721 97.923997
7.465096 96.603101
8.310333 111.223034
7.485214 98.939883
7.499680 96.985535
7.440674 95.997982
7.746643 94.418520
7.349144 90.126477
7.340630 88.049733
7.673996 101.114734
6.933678 98.760426
7.628860 101.123929
7.657265 97.558398
6.265961 80.657337
6.858261 86.443466
7.136742 85.748930
7.802376 98.749448
7.459122 97.008409
7.658936 98.821850
7.510574 96.861833
7.687019 97.565821
7.644081 100.449655
7.690544 104.822884
7.642982 101.535918
8.753952 111.427709
7.660263 102.228997
9.205902 106.734647
9.209038 117.290402
7.708740 104.660680
8.463364 109.639310
7.657654 92.869812
7.379036 101.531561
7.428703 91.956401
7.687019 97.565821
7.631470 104.494418
7.669785 97.355971
7.538361 98.674691
8.542946 114.793807
7.632545 103.071323
7.643074 100.189726
7.682030 95.550469
7.631218 97.674237
7.620689 103.098848
7.621994 103.170976
7.658455 101.141610
7.621216 89.031185
7.578873 101.764077
9.047058 113.252424
7.629524 98.441434
6.937683 89.920845
8.560684 108.364491
7.080872 95.821794
7.676308 102.966402
7.669785 97.355971
7.238068 94.607728
7.663834 102.469537
6.217621 83.282098
7.278328 89.093528
7.510574 103.614122
7.633438 96.937670
7.255486 94.394505
7.652664 102.196252
7.269081 96.106505
6.528809 87.436694
8.010612 103.060114
7.645340 99.262303
7.649185 99.061484
7.315430 99.674638
7.602654 97.087342
7.606819 103.282468
7.769211 98.079765
6.468658 83.573374
6.607910 88.206919
8.360023 104.315979
7.468895 100.335933
7.424789 93.879871
8.461853 104.897568
6.595711 83.845323
7.625404 95.674954
6.866089 92.977221
7.569695 99.364172
7.619843 98.265170
8.295433 107.392638
7.297440 92.003417
6.578979 85.986348
7.076248 84.046216
8.250687 103.070812
7.617325 103.361451
7.648132 96.420495
6.573326 84.458780
7.646873 102.019511
7.190117 96.801563
7.520645 101.327980
7.627670 99.642247
7.643074 100.189726
7.338570 97.125736
7.623894 93.583580
6.966591 88.597221
8.469543 106.822010
7.755569 103.021577
7.653122 99.380202
7.338364 98.466985
9.064270 112.161674
9.113731 118.020031
7.779625 106.228961
7.672737 106.534408
8.336197 97.926486
7.674728 99.187379
7.684502 97.958955
8.074104 106.969982
7.477043 98.463046
7.635132 97.348096
7.398857 90.533248
7.502609 90.309161
7.328545 99.850469
7.386635 92.694598
7.490707 94.312274
8.107613 108.358837
7.239372 93.165606
7.143814 93.720909
6.303452 86.030206
7.633095 100.014506
7.614532 97.147665
7.478096 99.122893
7.634354 102.994828
7.624352 107.985850
7.663834 102.469537
6.857254 95.921298
8.884094 120.467985
6.771652 84.717020
6.832832 87.547006
7.667130 96.518720
7.461411 98.177007
9.173676 123.714355
6.818642 92.771990
7.069519 90.156405
7.048325 93.861340
7.484688 95.495251
8.360023 104.315979
7.494690 101.638088
8.584030 110.566523
7.634331 104.850559
7.554474 99.721467
7.319687 94.038461
9.064270 112.161674
9.102150 119.729724
7.369377 102.810920
7.632545 103.071323
7.251068 98.197506
8.126633 103.394419
8.107613 108.358837
6.573326 84.458780
7.320396 96.509931
7.506569 104.503204
7.247589 95.850607
7.605217 101.730507
7.669418 96.946601
7.433121 93.483717
7.826752 97.887288
8.213219 105.866599
9.105263 113.280138
7.625381 95.349420
7.420761 93.940136
7.631287 103.345837
7.685829 97.248120
7.694229 100.691868
7.368576 90.620783
7.625381 95.349420
7.677589 106.404072
7.649345 100.156059
7.479721 97.923997
9.112656 118.696913
6.847183 87.815823
7.628975 101.469557
7.626411 99.682938
7.673447 98.065791
7.646988 96.090984
7.642982 101.535918
6.857254 95.921298
7.251068 98.197506
8.173210 109.217366
6.310867 87.252757
7.614853 99.938059
7.639915 104.225499
7.386635 92.694598
8.260506 102.660737
6.573326 84.458780
7.866898 104.922659
7.550995 89.981776
6.050812 76.305455
6.172646 79.034978
7.569695 99.364172
7.633095 100.014506
7.658455 101.141610
8.046043 102.189829
8.298843 110.782483
7.658936 98.821850
7.552368 99.516670
7.945358 106.751345
6.711479 90.109428
7.648132 96.420495
6.904243 87.479020
7.274277 94.933496
6.064018 77.084814
6.961189 90.399299
7.316071 97.533688
7.343788 93.569468
6.172646 79.034978
7.328224 95.883464
7.637627 99.527271
7.673447 98.065791
7.635864 100.936163
7.190140 99.359464
6.961189 90.399299
6.187180 86.920480
7.657883 98.394000
8.037415 111.418547
6.884811 87.269790
7.281143 97.506769
8.637749 109.510365
8.928406 111.327215
7.657883 98.394000
7.080872 95.821794
7.635040 100.680762
7.683334 99.343484
7.602219 94.567239
6.511459 90.517406
6.966591 88.597221
7.634491 97.344723
7.625404 95.674954
7.574730 99.904240
9.125565 112.606867
7.616020 102.826885
7.645042 94.691636
7.623825 96.585448
7.562714 99.345994
7.378441 94.754395
7.439095 92.179670
7.672485 99.573709
7.079384 92.646811
8.118690 107.266797
7.581848 100.297686
6.188736 81.867241
7.653877 95.712769
7.690498 107.761048
7.629524 98.441434
7.990746 107.061970
6.538216 82.170018
7.680313 98.751528
7.593086 98.281610
7.484688 95.495251
6.814934 90.501523
8.112900 105.932787
7.634262 102.805798
6.064018 77.084814
8.336197 97.926486
7.671661 95.344354
9.113731 118.020031
7.580429 104.352100
7.623825 96.585448
8.026566 105.774826
7.465096 96.603101
8.743607 122.544852
8.447342 112.352635
7.190117 96.801563
7.552368 99.516670
7.344795 95.801841
7.626732 95.379597
7.608490 97.351358
6.718689 86.087916
8.859879 116.686857
7.550468 95.649157
7.669189 102.226059
7.632729 94.196263
7.631470 104.494418
7.635567 105.039109
7.222893 94.405138
8.352768 111.473963
7.285355 102.460347
6.538216 82.170018
7.645340 99.262303
7.686836 101.576517
8.202164 111.585068
7.423714 95.677831
7.577911 94.632825
8.105804 108.092070
7.610458 98.657782
6.966591 88.597221
6.595436 91.648321
9.174225 120.627571
7.636826 102.682281
8.412621 113.291906
8.637749 109.510365
8.010612 103.060114
7.349144 90.126477
7.746643 94.418520
7.457268 98.512991
7.378441 94.754395
7.507095 97.710328
7.084328 89.286429
8.527405 108.853497
8.298843 110.782483
7.465096 96.603101
8.772835 111.033570
7.623940 103.768251
6.520683 87.200758
6.887146 88.370860
7.496292 97.873472
7.380913 99.268758
7.675850 104.207348
7.543304 94.882238
7.321518 97.662449
7.628654 101.381827
7.240242 97.814256
7.633713 102.761352
7.644081 100.449655
7.712837 103.547175
7.663902 99.683661
7.627213 103.860550
7.637947 97.835637
6.927269 84.701370
7.263153 99.791551
8.121529 104.095734
7.619751 105.140531
7.502609 90.309161
7.614006 100.354553
7.340332 96.055687
6.814934 90.501523
8.366547 106.778823
7.141411 93.326787
6.050812 76.305455
6.511459 90.517406
7.330879 94.220934
7.612106 98.402850
7.220512 91.906735
7.680679 97.484003
9.220047 123.794300
7.653877 95.712769
7.423714 95.677831
8.496735 108.776055
7.632729 94.196263
7.664886 101.465334
7.281143 97.506769
7.407738 97.117915
7.532593 97.770871
6.607658 86.259246
6.595711 83.845323
7.089020 96.961136
7.397873 101.667483
6.771652 84.717020
7.691963 99.718308
7.371254 95.601723
7.686951 98.815299
7.572212 94.873100
9.115311 127.467743
8.654823 122.754579
7.625702 98.176109
7.638222 98.837422
7.632660 95.830952
7.379036 101.531561
6.595436 91.648321
7.745430 95.379165
7.634216 92.377267
7.659187 107.688378
7.633553 104.281142
8.720192 109.276787
7.683334 99.343484
7.628975 101.469557
6.609650 89.934477
7.238983 98.978680
7.680405 105.457447
7.650948 102.747018
9.054817 111.726798
7.750259 95.512278
7.610458 98.657782
7.826752 97.887288
8.261673 98.867356
7.945358 106.751345
7.834785 106.020815
7.629890 98.919603
7.169655 92.245051
7.638634 93.764594
7.310143 100.819892
7.097031 94.189542
7.496292 97.873472
6.303452 86.030206
7.343788 93.569468
7.574364 96.374606
7.617325 103.361451
8.024734 102.436532
7.238983 98.978680
7.083984 89.827837
7.602654 97.087342
9.293312 115.206158
7.496292 97.873472
7.686584 101.215102
8.792587 117.188893
7.634354 102.994828
7.684616 102.573436
6.177315 80.762011
7.317947 95.560690
7.433327 100.356721
8.849716 105.291044
7.208748 91.326213
7.709953 103.862197
7.699677 99.435611
7.637741 100.037946
7.672806 92.219611
7.605217 101.730507
7.623825 96.585448
7.658203 101.126793
6.187180 86.920480
8.046043 102.189829
7.670403 99.213252
6.243233 85.373186
7.623940 103.768251
7.631149 106.764487
8.298843 110.782483
7.679420 99.502354
7.642479 94.945999
8.366547 106.778823
8.648666 103.092566
8.446472 106.536889
7.620735 107.288811
7.146538 93.653027
7.658203 101.126793
7.233833 100.970417
7.334885 98.986729
7.695213 105.078425
7.680840 107.729268
7.637993 95.394113
7.722954 98.513939
7.461891 98.521132
7.786285 103.468980
7.619133 101.239685
6.851784 87.162533
8.126633 103.394419
7.746643 94.418520
7.468895 100.335933
8.250687 103.070812
7.465164 97.659203
6.578979 85.986348
7.633095 100.014506
7.637741 100.037946
7.668686 96.994487
8.532143 117.328878
8.593071 110.677855
7.621902 98.265350
6.857254 95.921298
7.652664 102.196252
8.281013 98.940653
8.074104 106.969982
7.520164 97.740452
7.449898 98.783614
8.654823 122.754579
7.619843 98.265170
6.865471 94.317168
8.434891 114.219038
7.626366 92.986736
7.617073 94.772802
7.653877 95.712769
6.709671 90.771863
9.047058 113.252424
6.265961 80.657337
7.627098 96.193348
7.465164 97.659203
7.526367 97.289415
6.814934 90.501523
7.315544 101.234339
8.070717 104.294487
6.857254 95.921298
7.638245 96.734711
7.581299 104.297136
6.710770 85.527621
8.112900 105.932787
7.671227 99.990177
7.433121 93.483717
8.527405 108.853497
7.600319 95.238535
7.349144 90.126477
6.790741 91.560162
7.448250 96.127904
8.078110 104.082840
7.693336 100.282561
6.933678 98.760426
7.525314 103.299705
7.297440 92.003417
7.699402 102.113774
8.434891 114.219038
6.217621 83.282098
7.676308 102.966402
7.661659 101.881365
6.979340 85.022542
7.603363 96.418277
8.434891 114.219038
7.083984 89.827837
7.327377 99.114094
7.617508 99.264010
7.597572 103.785020
7.629684 104.085958
7.633896 97.606243
7.623001 102.688221
7.671227 99.990177
7.321518 97.662449
7.634262 102.805798
7.510574 103.614122
7.617073 94.772802
7.541634 101.048042
8.743240 108.714824
7.267113 95.790775
6.619629 81.993763
7.619476 100.556384
7.069519 90.156405
8.697533 111.178565
6.920677 93.962104
7.634354 102.994828
9.064270 112.161674
8.412621 113.291906
7.619133 101.239685
7.603363 96.418277
8.461853 104.897568
7.642365 103.183120
7.520164 97.740452
8.107613 108.358837
7.672485 99.573709
7.338295 96.827512
7.651268 105.958670
6.728165 86.192812
6.185051 86.396580
7.321518 97.662449
9.209038 117.290402
7.676651 101.614094
7.222893 94.405138
7.631767 99.442237
8.743240 108.714824
8.469543 106.822010
7.422295 92.823379
7.338570 97.125736
7.679993 97.488803
7.644264 99.360195
7.611694 105.866729
7.379036 101.531561
7.645340 99.262303
7.656075 97.627368
7.602654 97.087342
7.686584 101.215102
7.620735 107.288811
8.126930 102.264718
7.613892 100.239035
7.479721 97.923997
7.633942 94.615079
8.941292 108.872081
7.630783 104.678605
7.611511 98.300582
7.958015 105.214234
7.945518 99.007445
7.141411 93.326787
6.847183 87.815823
8.339516 113.403509
7.545204 104.496490
6.559891 86.780501
7.608490 97.351358
8.523560 107.302076
7.617508 99.264010
9.108444 110.398734
7.340332 96.055687
7.315544 101.234339
8.697533 111.178565
7.522911 96.118561
8.110519 103.033522
6.943268 94.105869
7.600319 95.238535
7.143196 100.027373
7.602654 97.087342
6.839767 94.406583
7.958015 105.214234
7.687454 106.265251
7.746643 94.418520
7.638634 93.764594
8.775307 119.545501
6.559891 86.780501
7.510277 100.881657
7.287643 95.993144
7.691048 93.037880
6.165207 81.237368
7.280937 101.573725
7.682259 99.745042
7.261414 92.609428
6.966591 88.597221
7.620689 103.098848
8.652603 114.614473
7.633095 100.014506
7.105637 92.486678
8.616966 115.350244
6.790741 91.560162
8.743607 122.544852
7.633438 96.937670
8.078110 104.082840
7.488029 92.564396
7.667473 96.587267
7.679878 100.260670
7.644081 100.449655
7.643829 98.991407
7.319687 94.038461
7.656487 103.599603
8.447342 112.352635
7.966667 104.540373
7.300186 92.661195
7.686401 99.800955
8.412621 113.291906
7.260841 97.959031
7.291878 92.799183
7.338364 98.466985
9.102150 119.729724
8.985443 107.556743
7.578461 97.611426
7.572212 95.098105
7.327377 99.114094
7.550995 89.981776
9.089493 116.738369
6.711479 90.109428
7.748978 94.981246
8.251602 105.121802
7.424789 93.879871
6.791588 82.585701
7.281143 97.506769
9.174225 120.627571
7.625404 95.674954
7.655846 101.665990
8.593071 110.677855
7.556923 100.080312
7.990746 107.061970
7.625381 95.349420
7.624260 97.373140
7.325317 94.738130
7.646873 102.019511
6.711250 91.550657
6.858261 86.443466
7.319687 94.038461
7.792465 103.400140
7.619133 104.434794
6.887146 88.370860
6.710770 85.527621
7.423187 95.921965
7.413277 97.304293
6.135750 79.278135
7.670517 97.975004
6.865471 94.317168
7.691048 93.037880
7.386635 92.694598
8.447342 112.352635
6.177315 80.762011
7.344795 95.801841
7.438293 99.424640
9.022682 125.290222
6.726357 90.612676
7.281281 89.361053
7.630920 104.362444
7.477043 98.463046
7.624329 93.819164
7.630646 99.467992
6.832832 87.547006
7.738380 98.041617
7.634331 104.850559
6.771584 91.670020
7.643074 100.189726
7.877449 106.082636
7.552368 99.516670
7.645340 99.262303
7.336052 97.840417
7.680313 98.751528
6.185051 86.396580
7.625404 95.674954
7.654999 106.771667
7.685600 102.256392
7.528473 95.530231
8.251602 105.121802
7.633575 100.398221
7.069519 90.156405
7.677383 100.284111
9.134857 120.585591
8.941292 108.872081
7.190117 96.801563
7.636208 100.069424
7.685143 98.773060
7.295860 96.659899
8.173210 109.217366
7.636528 100.865915
7.642662 98.183883
6.814934 90.501523
6.511459 90.517406
6.916466 88.715545
7.520164 97.740452
7.572212 94.873100
7.646439 103.920913
7.670517 97.975004
7.578461 97.611426
7.715607 100.953901
7.614532 97.147665
7.622131 98.079255
7.439896 94.134200
7.642365 103.183120
8.627884 104.225904
7.630920 104.362444
7.510574 103.614122
7.679993 97.488803
7.582397 104.295475
9.189125 122.616947
7.644836 99.281566
7.579308 100.561634
7.577911 94.632825
9.047058 113.252424
9.134857 120.585591
6.711617 90.075554
10.147270 125.554553
6.771584 91.670020
9.131035 123.628095
7.368576 90.620783
7.433327 100.356721
7.637627 99.527271
7.626411 99.682938
7.650032 101.599458
7.622681 103.986747
7.478096 99.122893
7.438133 99.758613
7.453949 98.145340
6.887146 88.370860
6.831573 86.746524
8.876175 116.320999
7.453949 98.145340
7.231316 93.778254
7.340652 99.192438
7.643875 96.846795
6.860481 88.214256
7.453949 98.145340
7.680840 107.729268
7.433121 93.483717
6.884811 87.269790
