2.000000 38.058718 73.008139 3.109296
2.100000 43.593095 77.851069 9.335121
2.200000 49.546495 83.150060 15.942930
2.300000 55.824620 88.761100 22.888140
2.400000 62.342090 94.566443 30.117737
2.500000 69.021914 100.469886 37.573941
2.600000 75.794971 106.392749 45.197193
2.700000 82.599522 112.270640 52.928403
2.800000 89.380732 118.050901 60.710563
2.900000 96.090221 123.690612 68.489831
3.000000 102.685626 129.155053 76.216198
3.100000 109.130183 134.416500 83.843866
3.200000 115.392335 139.453290 91.331380
3.300000 121.445344 144.249079 98.641609
3.400000 127.266932 148.792274 105.741590
3.500000 132.838932 153.075582 112.602283
3.600000 138.146958 157.095667 119.198249
3.700000 143.180089 160.852913 125.507264
3.800000 147.930568 164.351265 131.509872
3.900000 152.393523 167.598151 137.188894
4.000000 156.566688 170.604486 142.528889
4.100000 160.450153 173.384705 147.515601
4.200000 164.046120 175.956784 152.135456
4.300000 167.358672 178.342110 156.375235
4.400000 170.393559 180.564964 160.222155
4.500000 173.157992 182.651300 163.664684
4.600000 175.660451 184.626509 166.694393
4.700000 177.910505 186.512190 169.308820
4.800000 179.918646 188.322678 171.514613
4.900000 181.696125 190.062764 173.329485
5.000000 183.254810 191.727918 174.781703
5.100000 184.607048 193.307026 175.907069
5.200000 185.765533 194.786307 176.744758
5.300000 186.743193 196.152760 177.333626
5.400000 187.553081 197.396302 177.709859
5.500000 188.208271 198.510603 177.905940
5.600000 188.721773 199.493033 177.950512
5.700000 189.106442 200.344189 177.868695
5.800000 189.374909 201.067268 177.682550
5.900000 189.539510 201.667470 177.411550
6.000000 189.612225 202.151472 177.072979
6.100000 189.604626 202.526998 176.682255
6.200000 189.527828 202.802478 176.253177
6.300000 189.392445 202.986775 175.798115
6.400000 189.208563 203.088971 175.328154
6.500000 188.985701 203.118200 174.853202
6.600000 188.732795 203.083515 174.382075
6.700000 188.458172 202.993782 173.922562
6.800000 188.169542 202.857598 173.481486
6.900000 187.873982 202.683222 173.064743
7.000000 187.577939 202.478526 172.677351
7.100000 187.287219 202.250952 172.323487
7.200000 187.006999 202.007477 172.006521
7.300000 186.741826 201.754594 171.729058
7.400000 186.495629 201.498290 171.492968
7.500000 186.271733 201.244037 171.299429
7.600000 186.072872 200.996782 171.148962
7.700000 185.901208 200.760947 171.041469
7.800000 185.758351 200.540428 170.976274
7.900000 185.645382 200.338601 170.952163
8.000000 185.562876 200.158327 170.967425
8.100000 185.510931 200.001967 171.019894
8.200000 185.489192 199.871388 171.106996
8.300000 185.496883 199.767983 171.225784
8.400000 185.532838 199.692684 171.372992
8.500000 185.595528 199.645983 171.545073
8.600000 185.683097 199.627951 171.738243
8.700000 185.793394 199.638255 171.948533
8.800000 185.924005 199.676187 172.171823
8.900000 186.072287 199.740679 172.403894
9.000000 186.235402 199.830335 172.640469
9.100000 186.410351 199.943446 172.877256
9.200000 186.594006 200.078025 173.109987
9.300000 186.783144 200.231824 173.334464
9.400000 186.974481 200.402368 173.546593
9.500000 187.164700 200.586977 173.742423
9.600000 187.350488 200.782796 173.918181
9.700000 187.528564 200.986822 174.070305
9.800000 187.695705 201.195938 174.195472
9.900000 187.848782 201.406934 174.290630
10.000000 187.984783 201.616549 174.353017
10.100000 188.100838 201.821491 174.380185
10.200000 188.194247 202.018475 174.370018
10.300000 188.262502 202.204255 174.320750
10.400000 188.303310 202.375648 174.230973
10.500000 188.314612 202.529574 174.099649
10.600000 188.294600 202.663082 173.926118
10.700000 188.241738 202.773378 173.710098
10.800000 188.154776 202.857861 173.451691
10.900000 188.032759 202.914141 173.151377
11.000000 187.875044 202.940074 172.810014
11.100000 187.681306 202.933782 172.428829
11.200000 187.451545 202.893679 172.009411
11.300000 187.186095 202.818491 171.553698
11.400000 186.885621 202.707275 171.063966
11.500000 186.551125 202.559439 170.542811
11.600000 186.183944 202.374757 169.993132
11.700000 185.785746 202.153380 169.418112
11.800000 185.358523 201.895852 168.821194
11.900000 184.904587 201.603114 168.206060
12.000000 184.426557 201.276514 167.576599
12.100000 183.927349 200.917814 166.936883
12.200000 183.410161 200.529185 166.291137
12.300000 182.878458 200.113215 165.643701
12.400000 182.335953 199.672903 164.999002
12.500000 181.786584 199.211657 164.361510
12.600000 181.234496 198.733289 163.735702
12.700000 180.684013 198.242010 163.126016
12.800000 180.139615 197.742423 162.536807
12.900000 179.605905 197.239521 161.972290
13.000000 179.087583 196.738677 161.436488
13.100000 178.589409 196.245651 160.933168
13.200000 178.116176 195.766585 160.465766
13.300000 177.672666 195.308021 160.037311
13.400000 177.263620 194.876912 159.650328
13.500000 176.893694 194.480650 159.306739
13.600000 176.567423 194.127108 159.007739
13.700000 176.289176 193.824688 158.753664
13.800000 176.063113 193.582387 158.543839
13.900000 175.893144 193.409873 158.376414
14.000000 175.782880 193.317568 158.248192
14.100000 175.735591 193.316730 158.154451
14.200000 175.754152 193.419524 158.088780
14.300000 175.841005 193.639064 158.042945
14.400000 175.998100 193.989397 158.006803
14.500000 176.226855 194.485425 157.968285
14.600000 176.528100 195.142716 157.913485
14.700000 176.902033 195.977224 157.826842
14.800000 177.348166 197.004903 157.691430
14.900000 177.865278 198.241243 157.489314
