2.000000 15842418.323380
2.100000 15775507.677585
2.200000 15711453.480275
2.300000 15645835.881053
2.400000 15582281.174032
2.500000 15515683.302391
2.600000 15457170.936152
2.700000 15405321.731436
2.800000 15362860.645447
2.900000 15323140.257763
3.000000 15288597.856886
3.100000 15258008.435526
3.200000 15231227.555007
3.300000 15205115.954003
3.400000 15179909.260648
3.500000 15156231.243319
3.600000 15133951.521817
3.700000 15112934.870973
3.800000 15093413.395710
3.900000 15075614.332536
4.000000 15058910.518208
4.100000 15043469.983952
4.200000 15028958.061433
4.300000 15015349.401764
4.400000 15002963.443178
4.500000 14991521.343563
4.600000 14980798.989163
4.700000 14970364.764318
4.800000 14960348.284639
4.900000 14950826.991863
5.000000 14941902.696413
5.100000 14933681.341934
5.200000 14926220.285568
5.300000 14919480.279030
5.400000 14913156.437966
5.500000 14907073.782451
5.600000 14901804.758702
5.700000 14896972.067369
5.800000 14895934.601648
5.900000 14891665.608052
6.000000 14887689.852232
6.100000 14883802.701638
6.200000 14880111.295736
6.300000 14877901.790592
6.400000 14875232.677728
6.500000 14872792.752542
6.600000 14870759.166392
6.700000 14868428.565007
6.800000 14866587.122049
6.900000 14865232.888535
7.000000 14863413.890892
7.100000 14862222.029763
7.200000 14860955.503225
7.300000 14859741.297974
7.400000 14858651.590419
7.500000 14857738.826462
7.600000 14856936.103252
7.700000 14855868.936327
7.800000 14855263.404796
7.900000 14854749.752468
8.000000 14854290.241972
8.100000 14853878.211406
8.200000 14853519.412003
8.300000 14853218.343549
8.400000 14852977.426172
8.500000 14852798.129852
8.600000 14852681.786553
8.700000 14852630.297687
8.800000 14852647.675254
8.900000 14852745.074466
9.000000 14852966.414796
9.100000 14854009.939924
9.200000 14854865.662973
9.300000 14855045.389813
9.400000 14855271.777048
9.500000 14855552.899429
9.600000 14855872.676265
9.700000 14856223.330671
9.800000 14856600.645718
9.900000 14857001.850101
10.000000 14857424.838346
10.100000 14857867.859335
10.200000 14858329.378604
10.300000 14858808.011320
10.400000 14859302.486642
10.500000 14859811.627062
10.600000 14860334.335397
10.700000 14860869.585868
10.800000 14861416.417494
10.900000 14861973.928858
11.000000 14862541.273714
11.100000 14863117.657161
11.200000 14863702.332222
11.300000 14864294.596713
11.400000 14864893.790378
11.500000 14865499.292215
11.600000 14866110.518011
11.700000 14866726.918030
11.800000 14867347.974873
11.900000 14867973.201477
12.000000 14868602.139254
12.100000 14869234.356357
12.200000 14869869.446057
12.300000 14870507.025244
12.400000 14871146.733015
12.500000 14871788.229365
12.600000 14872431.193964
12.700000 14873075.325010
12.800000 14873720.338164
12.900000 14874365.965550
13.000000 14875011.954818
13.100000 14875658.068269
13.200000 14876304.082037
13.300000 14876949.785313
13.400000 14877594.979630
13.500000 14878239.478179
13.600000 14878883.105174
13.700000 14879525.695252
13.800000 14880167.092910
13.900000 14880807.151974
14.000000 14881445.735098
14.100000 14882082.713293
14.200000 14882717.965485
14.300000 14883351.378093
14.400000 14883982.844636
14.500000 14884612.265358
14.600000 14885239.546876
14.700000 14885864.601846
14.800000 14886487.348651
14.900000 14887107.711097
15.000000 14887725.618138
