8.544823 121.457994
8.851181 130.257595
7.982712 114.843455
9.099701 130.388105
8.964478 130.970944
8.987297 127.300892
9.058479 127.133419
8.499550 123.121495
9.065071 128.277936
8.654938 122.490822
8.678696 124.725027
8.735367 123.431236
9.024124 128.981206
8.440636 119.692489
8.929962 128.927610
8.033409 115.272329
8.619301 123.474164
8.951591 127.920489
9.424667 129.169558
9.063034 132.224244
8.405205 117.619524
8.853790 125.504292
8.149246 120.732487
9.127235 128.455379
8.976517 128.536687
8.769791 132.730630
8.899612 132.562023
8.573753 124.136994
8.352013 114.526138
8.996155 128.651833
9.045135 127.356536
9.119316 131.601202
8.516235 120.443319
8.573433 119.973771
8.737381 121.459795
8.721794 123.816258
8.763496 127.834819
8.642326 123.521668
8.956306 130.826232
8.737404 130.125901
8.549126 122.716615
8.823395 130.624677
8.811653 126.931664
8.634384 122.089475
8.898811 129.639810
9.394707 138.813979
8.675262 126.392697
8.494423 117.804059
8.393028 121.420315
8.469864 120.222421
8.395889 121.722398
8.329605 123.878702
8.271881 121.371201
7.691231 116.433976
8.290718 120.809165
8.685745 126.672237
9.084686 135.572217
8.834038 130.139893
9.013412 129.228850
8.488037 123.270652
7.703064 113.178636
9.194687 134.562555
8.278587 117.658740
9.077866 128.259106
8.201202 114.709556
8.842186 123.905576
8.210289 116.400144
8.900505 126.548407
9.991951 147.901915
8.987297 127.300892
7.982712 114.843455
8.772194 124.606741
8.652489 120.515346
8.673592 125.968714
9.263626 134.390637
8.926414 131.151115
9.452362 139.822528
9.100410 134.601422
8.535118 120.011831
8.736008 129.524289
8.468765 121.016658
8.600372 120.563021
8.006538 121.159393
9.099701 130.388105
9.404640 136.366899
8.586868 121.186119
9.165710 139.939575
8.644249 121.301165
8.732643 127.428593
8.456978 120.913508
9.194687 134.562555
9.028770 130.973329
8.323929 118.616923
8.093788 122.590236
8.652489 120.515346
8.840103 130.342363
9.036232 130.840978
7.812630 112.945486
8.681236 129.945123
8.570732 122.705556
8.549126 122.716615
8.856880 130.126254
9.965469 144.009518
9.051476 132.258291
8.626442 120.827280
7.816292 112.160702
8.154625 114.307468
9.078621 130.347400
8.816093 126.392309
8.930443 123.263276
9.186676 132.256522
8.393028 121.420315
9.054474 128.205738
8.624588 122.536034
8.910004 128.267839
8.256294 119.748761
8.201202 114.709556
8.328552 124.109227
8.732254 126.272340
8.724518 127.301476
8.414291 122.055533
8.602867 121.656683
9.051476 132.258291
9.344467 132.039526
8.441231 125.450497
8.091866 119.200013
8.372749 123.756496
9.063766 126.784535
8.794418 124.816709
8.526443 115.831260
8.201729 119.322311
8.613968 127.334450
8.826668 120.173378
8.854408 129.852562
8.856148 130.065222
8.678696 124.725027
9.160286 130.959924
8.915359 129.418074
9.189148 136.766694
8.545921 120.277995
8.736008 129.524289
9.152252 134.189798
9.084709 132.083134
7.968201 116.418886
8.101868 108.123273
9.043465 129.588555
8.328323 125.639432
8.049316 115.970520
8.327271 119.319846
8.933144 131.999728
8.998924 130.229136
8.194954 118.991533
8.953766 123.811910
9.100410 134.601422
8.465034 122.929276
8.596046 129.088167
8.953239 126.530281
8.596046 129.088167
8.653107 123.189532
8.728821 126.749298
8.621201 123.209956
8.648438 124.726511
9.008766 130.566107
8.652489 120.515346
9.354286 137.275484
9.394707 138.813979
8.993271 120.719539
8.478424 118.734444
9.075577 129.614407
8.357574 120.487913
8.477074 122.841880
8.398041 119.197060
8.377785 123.758511
8.620285 117.957876
7.812630 112.945486
9.044220 130.478622
9.001373 133.048977
8.904900 129.196256
8.966125 124.813887
8.326355 127.265893
9.050560 129.476149
9.840729 141.773642
8.958870 127.277420
8.721794 123.816258
8.456978 120.913508
8.632439 118.953541
9.255432 133.155229
9.049599 127.819008
8.996635 126.400206
9.033325 129.734690
8.936256 133.305425
8.620285 117.957876
8.650612 131.783145
8.753838 128.152231
8.921219 126.979301
9.025154 125.693278
8.906570 131.480307
9.233505 136.378728
9.147789 136.981217
7.671089 111.824410
8.677597 125.778228
8.953766 123.811910
8.826210 129.594687
8.977867 130.108826
8.359131 117.130725
8.210289 116.400144
9.067268 131.400167
8.579567 125.358269
8.681236 129.945123
8.812088 129.204723
8.278564 115.600756
8.075844 122.077647
8.823395 130.624677
8.591560 122.930914
8.544823 121.457994
9.063881 135.267968
8.704193 126.545941
8.282318 118.778766
9.130188 125.579987
8.736008 129.524289
8.835114 126.454972
8.869263 125.669825
9.078896 121.933555
8.996727 130.387597
8.904900 129.196256
8.740150 128.574677
8.636009 120.905844
9.406425 138.659582
8.574257 127.546369
8.660088 122.514881
9.067268 131.400167
8.461441 115.329191
8.456978 120.913508
9.003227 134.100004
8.962944 132.067735
7.929359 114.735139
9.148109 129.871190
9.008766 130.566107
8.871231 125.728344
8.139359 118.485171
9.238770 136.310182
8.690231 129.245238
8.278564 115.600756
8.906960 128.012180
8.375587 122.472942
8.970566 130.151075
9.105606 126.636978
10.075584 138.500773
8.926231 129.067397
8.499550 123.121495
10.088951 147.041099
9.173790 133.095751
9.079742 131.530023
7.918373 113.436498
8.652420 124.523669
8.914581 126.602573
8.619301 123.474164
8.535118 120.011831
8.314774 117.916451
8.947861 126.258538
8.928223 132.458894
8.291885 119.729497
8.470276 122.793130
8.456978 120.913508
9.206886 130.419137
8.479729 124.366344
9.078140 131.536777
9.061363 125.857514
8.635345 121.470316
8.733078 122.351470
8.783958 122.590664
9.991951 147.901915
8.910919 129.922084
8.272362 122.349768
8.854408 129.852562
9.074089 129.709152
8.512573 122.523806
8.953766 123.811910
8.458488 118.499721
8.727013 120.063610
9.840729 141.773642
8.690231 129.245238
8.269867 122.603978
8.687508 123.772676
8.994347 129.043624
8.930054 129.772209
8.572632 118.565676
9.064659 132.573801
9.070976 126.494635
8.372749 123.756496
8.456978 120.913508
9.016731 128.479014
8.222168 113.597828
8.104156 114.591693
8.102623 115.681096
8.992905 131.018823
9.068184 132.197504
8.536011 117.691817
9.140579 135.748807
9.020210 133.381308
8.948936 125.907755
8.920235 129.203636
9.056213 134.931393
8.272362 122.349768
8.677597 125.778228
9.040787 130.165746
8.775856 128.358302
8.098869 119.978187
8.885376 129.248833
8.651344 123.625175
9.119980 124.172916
9.189148 136.766694
8.368629 124.908794
8.428551 128.458137
8.992172 129.343238
8.979126 126.287996
8.298477 120.586758
8.952232 132.160055
8.538277 120.578608
8.198135 114.530337
8.891579 128.963395
8.929298 126.517708
8.326355 127.265893
9.067978 125.958849
8.977867 130.108826
8.428551 128.458137
8.530678 125.171110
8.914581 126.602573
8.142014 119.487002
8.879105 125.217497
9.050560 129.476149
10.088951 147.041099
8.508408 125.089943
8.499550 123.121495
8.642326 123.521668
8.898102 133.715456
8.409737 123.192547
8.968575 127.817297
9.123779 129.156637
8.549126 122.716615
9.019615 129.759578
8.087311 121.363960
8.606300 125.309363
8.636009 120.905844
9.056900 134.711439
8.468765 121.016658
8.984161 127.562401
8.651344 123.625175
8.863861 128.860725
9.244102 139.364932
7.980766 109.508359
8.436676 123.415250
8.936005 124.266786
8.492661 122.845592
8.928406 127.208971
9.032089 127.772579
8.346405 114.854908
9.029686 128.848127
9.084709 132.083134
10.670357 156.641961
9.873665 140.221041
8.251968 119.997685
8.690231 129.245238
9.073494 128.646194
8.540703 120.184178
7.968201 116.418886
8.626030 123.393083
8.991005 129.006554
8.109764 119.940920
8.917236 127.791364
8.974434 130.533929
8.930443 123.263276
9.063286 131.446805
9.652840 137.367756
9.313614 129.954787
8.362083 118.129728
8.458488 118.499721
8.544342 125.103757
9.063034 132.224244
9.066673 128.956051
8.783958 122.590664
8.332993 119.417220
8.492271 119.064798
9.105606 126.636978
8.938454 121.387602
9.173790 133.095751
9.006889 130.926638
8.049316 115.970520
8.947472 125.007908
8.871231 125.728344
9.127235 128.455379
8.508293 123.970944
8.101868 108.123273
8.947243 132.579885
8.401794 120.923426
7.907455 114.043921
9.049599 127.819008
8.922958 126.677569
8.567802 126.986723
8.618820 121.281192
8.475861 128.501073
8.965347 125.219259
8.920235 129.203636
8.613968 127.334450
9.012611 127.424448
8.495178 118.288195
8.444527 121.406150
9.212860 133.735036
8.565491 122.003251
9.033325 129.734690
9.153740 136.094596
8.525391 123.955574
8.733078 122.351470
8.393921 127.266870
9.163147 132.275550
9.125679 131.321925
8.853790 125.504292
9.105080 134.198926
8.676796 119.353633
8.727013 120.063610
8.731247 125.693492
8.956741 122.235775
8.565765 124.215788
8.624588 119.618956
8.998558 128.188011
8.732254 126.272340
8.657295 122.084397
8.550087 129.493251
8.407585 118.324952
8.991005 129.006554
8.360298 117.633133
8.624588 119.618956
9.116135 130.262929
8.899452 130.609015
8.804420 125.425521
7.812630 112.945486
9.079742 131.530023
9.018036 128.967462
8.327728 115.758131
8.744865 127.451571
8.947472 125.007908
8.172958 110.699519
9.024010 133.413046
9.046532 133.608729
8.272362 122.349768
8.783958 122.590664
8.363251 119.201416
8.495178 118.288195
8.273071 117.660547
8.743355 124.677856
8.957222 130.697720
8.323929 118.616923
8.624588 119.618956
8.377991 120.878856
8.836418 127.249242
8.927193 126.597341
9.009041 127.361525
8.194954 118.991533
8.373482 122.060336
8.544342 125.103757
7.924461 114.647259
7.680199 106.602855
9.071938 128.831086
8.775856 128.358302
8.619301 123.474164
8.894760 129.337862
8.804420 125.425521
9.303978 138.825285
8.551735 125.159261
8.786545 127.440660
8.492271 119.064798
8.646606 127.646717
8.428024 119.551909
8.743355 124.677856
8.743355 124.677856
8.564667 126.805973
8.579567 125.358269
9.036140 131.552910
8.452377 114.459392
8.775856 128.358302
8.833122 131.371606
8.285545 120.022781
9.344467 132.039526
8.393028 121.420315
8.506828 125.256393
8.456978 120.913508
8.538528 125.187501
9.354286 137.275484
8.783958 122.590664
8.652489 120.515346
8.132034 114.228588
8.219925 121.707018
7.779922 116.554407
9.424667 129.169558
8.999725 136.198219
10.088951 147.041099
9.085808 127.686181
8.993271 120.719539
9.046532 133.608729
10.075584 138.500773
8.156685 116.985665
8.721794 123.816258
9.097275 126.981456
8.227226 120.986523
9.055344 125.317399
8.841705 123.513225
9.054474 128.205738
8.917099 125.780346
8.243614 118.952128
7.839684 110.921518
9.009041 127.361525
8.982834 128.833917
8.561783 125.732350
8.401794 121.518291
8.273071 117.660547
9.001167 132.301094
8.842186 123.905576
8.936256 133.305425
9.088783 133.591502
8.519028 123.452447
8.525391 123.955574
8.516235 120.443319
8.278564 115.600756
8.536011 117.691817
9.029755 127.523043
8.535118 120.011831
8.201202 114.709556
8.204727 122.200157
9.063286 131.446805
8.899452 130.609015
8.882286 128.459423
9.119316 131.601202
8.579567 125.358269
8.390465 118.784554
9.066673 128.956051
8.012695 119.522062
8.406738 117.297907
8.511887 128.642716
9.068184 132.197504
8.970566 130.151075
8.871162 128.849132
8.562012 125.242046
8.639168 124.650095
8.992905 131.018823
8.950905 124.471462
8.613808 124.837331
9.054474 128.205738
8.513260 129.747836
8.926804 128.687331
9.033531 128.876518
8.484055 126.507437
7.915352 114.166928
8.776474 120.057996
8.917099 125.780346
8.682152 125.871884
8.925407 124.894925
8.278587 117.658740
8.897667 127.487894
8.562012 125.242046
8.914215 124.250557
8.378448 122.035922
8.843376 127.032864
7.692627 112.555903
8.572632 118.565676
9.064407 127.603418
8.620285 117.957876
8.966125 124.813887
8.027550 113.683084
8.087311 121.363960
9.074547 131.775612
9.006889 130.926638
8.355743 121.828249
8.731247 125.693492
8.676842 122.225524
8.654938 122.490822
8.930420 133.775213
8.037323 119.602513
8.863129 127.982710
9.074890 133.216335
9.066673 128.956051
8.948502 129.151213
8.916893 128.574468
8.243614 118.952128
8.970566 130.151075
8.836418 127.249242
8.727013 120.063610
9.991951 147.901915
8.948936 125.907755
8.730217 122.510881
9.043831 122.701431
9.066673 128.956051
8.900368 136.143729
8.314774 117.916451
9.016251 126.492362
9.020210 133.381308
9.303978 138.825285
9.194687 134.562555
8.731247 125.693492
8.898994 128.603043
8.730217 122.510881
8.965462 124.900065
9.042870 131.966369
8.871162 128.849132
8.329605 123.878702
9.303978 138.825285
7.630646 115.421667
9.054474 126.330971
8.979904 126.872258
8.271881 121.371201
9.429428 131.970020
8.681236 129.945123
8.357803 118.187682
8.811653 126.931664
8.483940 125.824764
8.111961 113.904120
8.865326 133.578005
9.907402 140.747306
8.714561 123.744805
8.776543 126.106881
8.253502 119.456162
8.357803 118.187682
9.233505 136.378728
9.153740 136.094596
8.687508 123.772676
9.036140 131.552910
8.384399 120.213557
8.827881 127.596086
8.287216 112.081629
9.116135 130.262929
8.987297 127.300892
8.497467 129.097486
8.451576 121.420243
9.049599 127.819008
8.600761 123.957393
8.328323 125.639432
8.998558 128.188011
8.422531 122.475169
9.088783 133.591502
9.119316 131.601202
9.019615 129.759578
9.024124 128.981206
8.352013 114.526138
8.785492 131.148157
8.540703 120.184178
8.832710 127.034353
8.637543 123.606581
8.510902 119.634386
8.393921 127.266870
9.023735 132.633746
8.273071 118.177681
8.921104 122.935593
8.332993 119.417220
9.061798 130.608820
8.675949 130.918921
9.013412 129.228850
8.856880 130.126254
8.368629 124.908794
8.206581 122.784335
9.117737 130.117837
8.421638 122.892166
8.922043 124.743139
8.172958 110.699519
8.643448 122.498550
8.488037 123.270652
9.244102 139.364932
8.898376 123.268760
9.082237 133.524766
8.898811 129.639810
9.019615 129.759578
8.955666 132.228779
8.724518 127.301476
8.659790 124.351513
9.032089 127.772579
8.548714 126.638798
8.800941 126.657617
8.613968 127.334450
9.105606 126.636978
8.101868 108.123273
9.381020 131.340447
9.063766 126.784535
8.436172 119.671783
8.613808 124.837331
8.837036 126.810933
8.864204 129.387494
8.871162 128.849132
8.635345 121.470316
9.153740 136.094596
9.078896 121.933555
8.136246 117.981062
8.932411 124.495950
8.872925 123.562353
8.193741 118.406681
8.856880 130.126254
8.539238 126.050914
8.912041 131.832637
9.339638 135.979476
8.872169 125.903758
8.984161 127.562401
9.847641 139.197692
8.154625 114.307468
7.671089 111.824410
8.746536 129.707808
7.915352 109.723984
8.775856 128.358302
7.816292 112.160702
8.213127 111.053492
8.818954 121.916169
8.965851 134.444390
9.000206 132.259022
8.865326 133.578005
8.640106 121.350504
9.084686 135.572217
8.067879 113.436554
8.772194 124.606741
8.475288 117.620978
8.745918 120.726824
9.042870 131.966369
8.869263 125.669825
8.372749 123.756496
8.597740 122.389263
8.687416 124.894036
8.277786 119.645455
8.188156 121.125938
9.112976 129.401527
8.390465 118.784554
9.058479 127.133419
9.026573 129.962421
8.424088 124.103241
8.328552 124.109227
8.470276 122.793130
8.273071 117.660547
8.535507 123.238893
8.626442 120.827280
8.447845 119.198535
8.606300 125.309363
8.272362 122.349768
8.824883 131.408842
7.929359 114.735139
8.458488 118.499721
8.952232 132.160055
8.406509 122.896992
9.032089 127.772579
8.832870 129.007789
7.981636 117.257399
8.759262 121.234881
7.981636 117.257399
8.803505 123.960927
8.992264 128.227861
8.906960 128.012180
7.671089 111.824410
8.657867 129.719242
8.762947 123.224424
8.424248 124.504029
9.074089 129.709152
8.296738 117.533591
8.885376 129.248833
8.970566 130.151075
8.988808 130.274141
8.521614 125.881101
8.908195 124.841747
8.535118 120.011831
8.882286 128.459423
9.036232 130.840978
8.607559 124.635531
8.842506 123.875318
8.542557 122.631822
8.751114 120.702406
9.061363 125.857514
8.894302 132.064780
8.732643 127.428593
8.440636 119.692489
8.647270 124.767400
7.968201 116.418886
8.483070 121.861545
8.244026 121.915486
8.075844 122.077647
9.039482 122.240833
8.564919 126.102163
8.037323 119.602513
8.329605 123.878702
9.004623 127.556747
8.436172 119.671783
9.001373 133.048977
8.676842 122.225524
8.358696 119.092536
8.243614 118.952128
8.395889 121.722398
8.574692 122.514072
8.882286 128.459423
8.393921 127.266870
9.354286 137.275484
8.637291 122.385234
8.992905 131.018823
8.149246 120.732487
8.550087 129.493251
9.011673 139.589062
8.898376 123.268760
8.535118 120.011831
8.012695 119.522062
7.915352 114.166928
9.023529 129.758380
8.769356 127.599926
8.733078 122.351470
8.285545 120.022781
8.343842 117.744354
8.506874 120.519773
8.620148 120.101875
9.074089 129.709152
9.070175 130.133761
9.084709 132.083134
9.123779 129.156637
9.061684 126.246410
8.906570 131.480307
8.401794 120.923426
9.018036 128.967462
8.600761 123.957393
9.000206 132.259022
9.042984 127.883992
8.892998 132.690144
8.894760 129.337862
8.755531 123.790742
9.344467 132.039526
9.071938 128.831086
8.926804 128.687331
8.008553 116.512171
8.947243 132.579885
8.841705 123.513225
9.263626 134.390637
8.538277 120.578608
8.898376 123.268760
8.458488 118.499721
7.654564 109.093827
8.496391 125.273366
9.016731 128.479014
8.639168 124.650095
9.052368 131.257392
8.930443 123.263276
8.744888 123.335078
9.085808 127.686181
9.163147 132.275550
8.557892 123.997509
9.021629 131.763427
8.852417 120.586024
9.352089 134.922003
9.085808 127.686181
9.003365 127.592432
8.826210 129.594687
9.234764 134.926585
8.579567 125.358269
9.238770 136.310182
9.847641 139.197692
8.912041 131.832637
8.374878 116.338627
9.065575 135.130046
8.948936 125.907755
8.516235 120.443319
8.952232 132.160055
8.530678 125.171110
8.909134 127.636924
9.398689 135.010251
9.364952 141.321443
9.026573 129.962421
9.045616 130.614144
8.996635 126.400206
8.316490 114.825236
7.924461 114.647259
8.033409 115.272329
8.461052 119.816816
8.544823 121.457994
9.572021 139.590935
7.839684 110.921518
8.977867 130.108826
9.614525 141.660451
8.951591 127.920489
9.067268 131.400167
8.673592 125.968714
8.111961 113.904120
8.654938 122.490822
9.043190 125.822384
8.128166 119.270759
8.996727 130.387597
8.721794 123.816258
8.326355 127.265893
8.037323 119.602513
8.777618 123.667900
8.328323 125.639432
8.940903 125.104527
9.064819 127.001775
8.746536 129.707808
8.113609 120.723811
8.436127 124.034878
8.521683 121.693012
9.234764 134.926585
8.564667 126.805973
9.186676 132.256522
8.469864 120.222421
8.732254 126.272340
8.811653 126.931664
9.099701 130.388105
9.036232 130.840978
8.642326 123.521668
8.377785 123.758511
9.003227 134.100004
9.907402 140.747306
8.952232 132.160055
8.674232 124.222241
9.840729 141.773642
9.123779 129.156637
8.956741 122.235775
8.956741 122.235775
9.020210 133.381308
8.482086 117.206143
8.879219 123.159006
8.168747 120.684810
9.026230 130.872262
9.160286 130.959924
8.621201 123.209956
9.063766 126.784535
8.427841 121.289996
8.885376 129.248833
8.475288 117.620978
8.317062 119.816075
8.422531 122.475169
8.399986 126.002491
9.119316 131.601202
8.372749 123.756496
9.230942 135.950885
8.875854 125.559605
8.273071 118.177681
8.336884 121.046047
8.561783 125.732350
9.003227 134.100004
8.359795 124.338513
9.018791 132.559263
8.008598 113.399419
8.316788 117.611661
8.439445 120.402759
8.578537 126.638277
9.424667 129.169558
8.512573 122.523806
8.643814 130.621877
8.600761 123.957393
9.230942 135.950885
8.251968 119.997685
9.033325 129.734690
9.015656 130.903248
9.099701 130.388105
8.987297 127.300892
9.121399 127.930583
7.654564 109.093827
9.065071 128.277936
8.674232 123.441406
10.042282 139.457838
9.023529 129.758380
8.881393 124.688569
8.878807 128.219417
8.737404 130.125901
8.962555 129.541478
8.375587 122.472942
9.860573 144.142527
8.972443 123.629683
8.348167 117.627374
8.639168 124.650095
8.952072 127.644900
9.077980 120.005597
8.824883 131.408842
8.812157 127.919768
7.812630 112.945486
8.405205 117.619524
8.244164 118.143107
9.244102 139.364932
8.918678 125.715412
7.839684 110.921518
8.163666 115.520066
8.897667 127.487894
8.911789 132.368962
8.496391 125.273366
8.639168 124.650095
8.475288 117.620978
8.996155 128.651833
8.215462 120.533793
8.403534 120.586397
8.982834 128.833917
9.183998 133.981563
9.023529 129.758380
8.271881 121.371201
9.011673 139.589062
8.842186 123.905576
9.020027 121.822580
8.826210 129.594687
9.303978 138.825285
8.965691 129.533132
8.924812 127.157274
8.833122 131.371606
8.316490 114.825236
8.642349 125.428615
9.108696 131.164105
9.066673 128.956051
7.918373 113.436498
8.316490 114.825236
