2.000000 42.219526 80.727971 3.711082
2.100000 50.720982 86.768683 14.673280
2.200000 58.965124 92.745517 25.184731
2.300000 66.957927 98.650297 35.265558
2.400000 74.705231 104.475052 44.935410
2.500000 82.212748 110.212070 54.213426
2.600000 89.486062 115.853944 63.118180
2.700000 96.530636 121.393641 71.667631
2.800000 103.351810 126.824561 79.879058
2.900000 109.954808 132.140609 87.769006
3.000000 116.344738 137.336254 95.353221
3.100000 122.526597 142.406582 102.646612
3.200000 128.505272 147.347345 109.663199
3.300000 134.285544 152.154993 116.416095
3.400000 139.872089 156.826688 122.917489
3.500000 145.269482 161.360322 129.178642
3.600000 150.482199 165.754499 135.209899
3.700000 155.514620 170.008529 141.020710
3.800000 160.371029 174.122400 146.619659
3.900000 165.055622 178.096746 152.014498
4.000000 169.572503 181.932821 157.212184
4.100000 173.925688 185.632460 162.218916
4.200000 178.119112 189.198051 167.040172
4.300000 182.156623 192.632507 171.680739
4.400000 186.041992 195.939245 176.144739
4.500000 189.778910 199.122167 180.435654
4.600000 193.370993 202.185654 184.556331
4.700000 196.821780 205.134559 188.509001
4.800000 200.134740 207.974198 192.295282
4.900000 203.313271 210.710341 195.916202
5.000000 206.360703 213.349181 199.372226
5.100000 209.280298 215.897266 202.663331
5.200000 212.075254 218.361378 205.789129
5.300000 214.748704 220.748342 208.749067
5.400000 217.303722 223.064732 211.542712
5.500000 219.743319 225.316514 214.170125
5.600000 222.070451 227.508634 216.632268
5.700000 224.288013 229.644653 218.931374
5.800000 226.398848 231.726511 221.071186
5.900000 228.405744 233.754499 223.056988
6.000000 230.311434 235.727462 224.895406
6.100000 232.118604 237.643167 226.594040
6.200000 233.829885 239.498752 228.161017
6.300000 235.447863 241.291158 229.604568
6.400000 236.975075 243.017461 230.932689
6.500000 238.414012 244.675104 232.152919
6.600000 239.767117 246.262017 233.272217
6.700000 241.036793 247.776662 234.296924
6.800000 242.225395 249.218018 235.232773
6.900000 243.335240 250.585543 236.084938
7.000000 244.368600 251.879117 236.858083
7.100000 245.327707 253.098983 237.556432
7.200000 246.214755 254.245691 238.183819
7.300000 247.031896 255.320044 238.743749
7.400000 247.781246 256.323054 239.239438
7.500000 248.464881 257.255905 239.673858
7.600000 249.084842 258.119918 240.049766
7.700000 249.643132 258.916525 240.369739
7.800000 250.141718 259.647245 240.636190
7.900000 250.582531 260.313664 240.851397
8.000000 250.967467 260.917423 241.017512
8.100000 251.298389 261.460198 241.136580
8.200000 251.577122 261.943697 241.210547
8.300000 251.805459 262.369643 241.241276
8.400000 251.985159 262.739770 241.230548
8.500000 252.117946 263.055817 241.180074
8.600000 252.205510 263.319520 241.091499
8.700000 252.249508 263.532608 240.966409
8.800000 252.251564 263.696799 240.806330
8.900000 252.213268 263.813798 240.612738
9.000000 252.136175 263.885292 240.387058
9.100000 252.021807 263.912947 240.130666
9.200000 251.871652 263.898410 239.844894
9.300000 251.687164 263.843301 239.531026
9.400000 251.469761 263.749216 239.190306
9.500000 251.220829 263.617725 238.823934
9.600000 250.941717 263.450367 238.433067
9.700000 250.633738 263.248655 238.018822
9.800000 250.298170 263.014067 237.582273
9.900000 249.936254 262.748054 237.124454
10.000000 249.549194 262.452030 236.646358
10.100000 249.138157 262.127380 236.148933
10.200000 248.704270 261.775450 235.633089
10.300000 248.248623 261.397554 235.099693
10.400000 247.772266 260.994965 234.549566
10.500000 247.276206 260.568923 233.983489
10.600000 246.761413 260.120625 233.402200
10.700000 246.228810 259.651231 232.806390
10.800000 245.679281 259.161856 232.196706
10.900000 245.113663 258.653575 231.573751
11.000000 244.532749 258.127418 230.938081
11.100000 243.937287 257.584370 230.290203
11.200000 243.327974 257.025368 229.630581
11.300000 242.705462 256.451300 228.959625
11.400000 242.070353 255.863005 228.277700
11.500000 241.423195 255.261272 227.585117
11.600000 240.764486 254.646835 226.882138
11.700000 240.094671 254.020374 226.168969
11.800000 239.414139 253.382514 225.445763
11.900000 238.723221 252.733825 224.712616
12.000000 238.022192 252.074819 223.969565
12.100000 237.311266 251.405947 223.216585
12.200000 236.590597 250.727604 222.453590
12.300000 235.860275 250.040124 221.680425
12.400000 235.120326 249.343784 220.896867
12.500000 234.370709 248.638800 220.102619
12.600000 233.611317 247.925327 219.297306
12.700000 232.841970 247.203466 218.480473
12.800000 232.062418 246.473257 217.651578
12.900000 231.272336 245.734687 216.809986
13.000000 230.471326 244.987685 215.954966
13.100000 229.658908 244.232131 215.085685
13.200000 228.834525 243.467852 214.201198
13.300000 227.997538 242.694628 213.300448
13.400000 227.147222 241.912191 212.382253
13.500000 226.282767 241.120233 211.445301
13.600000 225.403274 240.318401 210.488146
13.700000 224.507752 239.506307 209.509196
13.800000 223.595118 238.683525 208.506710
13.900000 222.664192 237.849594 207.478789
14.000000 221.713696 237.004021 206.423371
14.100000 220.742252 236.146281 205.338223
14.200000 219.748379 235.275817 204.220940
14.300000 218.730487 234.392039 203.068934
14.400000 217.686879 233.494322 201.879437
14.500000 216.615750 232.582006 200.649493
14.600000 215.515174 231.654387 199.375962
14.700000 214.383115 230.710715 198.055515
14.800000 213.217412 229.750187 196.684637
14.900000 212.015785 228.771938 195.259631
