-0.3439360 2.3314642 -4.0574000
-0.3393464 2.1653336 -3.8853840
-1.8475740 1.2686758 -0.2749631
-3.0681934 0.3978340 -2.4740115
-3.8123947 4.4403812 1.9878259
-3.4626079 -1.1707584 -3.5675369
-3.3413166 -0.6429304 0.5435763
-0.5462681 -0.2093221 0.1923238
-0.9720061 -0.2258187 0.4770233
-2.0254411 -0.5598965 0.9993279
-3.2052556 -3.1375853 2.4785827
-3.4063414 0.5344623 5.8567354
-1.2869510 -2.3672917 4.6705560
0.5013257 -3.5972688 3.6541542
0.6108507 -3.9610378 4.1768188
0.1155041 -3.0221685 5.0652367
1.2832123 -4.4272449 4.4029008
0.8884163 -2.8975435 2.8577662
0.1390045 -0.7833467 1.3932766
0.5062260 -2.5122019 4.3872502
0.4547825 -1.1982175 2.1964737
0.5371587 -1.4169870 2.6407292
0.6230049 -1.1358588 1.9275882
1.6734907 -2.9552580 5.6385819
1.7549322 -2.9077040 5.0192500
1.0264964 -1.1757274 2.7129673
-1.0082476 2.6017670 4.9836898
1.0835224 -0.6686145 2.2043205
0.9150117 -0.7617393 1.2045534
2.7640869 -2.2694401 3.4287394
-0.0259900 0.9665501 2.7855268
1.1877681 -0.9615310 1.4798059
2.2260337 -1.7632862 2.8638076
-0.5986061 3.1917916 5.8968710
-0.0361403 0.9875931 1.5349883
4.0411611 -0.8706279 4.1421359
2.0230564 1.1127092 4.2158819
1.4560535 -0.0362643 1.4764978
1.6996278 1.8385074 3.1488374
1.8424769 1.9634027 2.9504319
5.8521821 1.9600928 5.1787918
6.5325735 1.9446770 5.5060518
5.8890292 5.1871848 8.0310865
0.2034766 0.9978419 1.0206386
1.4915973 1.3766233 1.8675234
6.3330225 0.3139390 2.9271860
4.1469944 0.1333223 1.7589378
0.9680289 2.0672550 2.0883676
2.3640729 3.8071670 3.9544703
1.9252175 3.0982177 3.1566372
0.7121757 2.5374703 2.2515540
1.0796531 3.7763146 3.1742634
0.7270654 2.4541092 2.0524242
6.2399243 -0.0082725 1.3783125
6.2006832 -0.0061162 1.2216390
1.0097078 1.5862913 1.3414459
1.6033992 3.8093174 2.9309750
2.4708280 6.2237800 4.5055017
1.3195746 3.2869330 2.3752175
0.6753863 5.8145617 4.0006086
0.5823509 1.0810283 0.7070834
1.7872048 0.8005739 0.4563913
4.9720850 2.1825826 1.2188647
5.9842175 0.7525443 0.2357762
-0.7829256 3.0291993 1.8067572
-0.0263309 4.4809834 2.6191055
-0.8019166 3.2460953 1.9184631
4.2273734 1.4412186 0.4079937
3.7285581 2.5671090 0.8755307
1.4082847 0.8350099 0.2530231
2.2160579 3.8850820 0.9149950
6.2487559 3.7449538 -1.0591181
5.3305964 3.1492033 -1.0076780
3.1285547 1.8160756 -0.8539959
1.6893075 1.9706655 -1.5121855
1.2994695 4.3574158 -4.5129497
-1.8408827 5.6498778 -0.9517728
-0.0133772 2.0937314 -2.1817657
-1.9617478 3.3065330 -0.9025880
-0.9690921 0.6496721 -0.2444771
-1.4570156 0.2050147 1.6796382
-1.0859010 -0.9426946 3.2146004
-1.3614510 0.9321303 6.1126390
2.9955429 -5.2876317 8.5089904
2.2415876 -3.7020954 6.2466601
2.7005148 -0.8837952 4.7351341
-0.0374862 3.6535775 6.2996564
1.5082015 0.1499760 1.6103264
-0.0395984 2.2154340 2.5266599
4.4124285 1.2602374 4.0149496
0.4441182 1.9171330 1.9040511
1.3407049 4.4164469 3.7111223
0.9770414 3.8882039 2.2855109
3.9679762 2.1799257 0.7070833
1.9087478 3.2334501 0.5902951
2.1484412 2.1884077 -0.0008656
6.0251759 2.6203104 -1.3987171
4.1379791 1.8810722 -0.9957641
2.1533955 3.8408095 -0.8850496
1.4768561 2.0798691 -1.7858222
0.2098437 -1.3724592 1.6268130
