7.561 12.390 26.600 8.088 14.361 -2.226 1.971
7.750 12.745 27.559 8.017 14.506 -1.564 1.753
7.696 12.340 26.294 8.406 14.496 -2.231 2.043
7.633 12.744 27.544 6.957 14.454 -1.942 1.863
7.674 12.737 26.715 7.788 14.557 -2.018 1.975
7.562 13.067 27.060 6.313 14.297 -1.933 1.721
7.641 12.591 27.592 6.109 14.421 -1.673 1.958
7.025 12.768 25.872 7.886 14.812 -2.719 2.379
7.887 13.110 27.072 8.592 14.574 -1.802 1.922
7.334 12.495 26.804 7.303 14.509 -2.396 2.194
7.533 13.137 26.590 7.673 14.242 -2.116 1.814
7.500 12.422 26.760 7.239 14.593 -2.027 2.039
7.874 12.593 27.478 7.291 14.333 -1.922 2.049
7.447 12.845 27.098 7.496 14.444 -2.000 1.969
7.432 12.765 27.296 6.673 14.358 -2.016 1.936
7.771 12.665 27.171 6.047 14.436 -1.891 2.021
7.294 13.338 26.336 8.179 14.573 -2.357 1.969
7.428 12.288 26.073 7.716 14.555 -2.412 2.131
7.877 12.621 27.192 7.860 14.487 -1.566 1.837
7.469 13.021 26.492 7.719 14.598 -2.316 2.012
7.819 12.725 26.923 8.502 14.755 -1.605 2.015
7.075 12.766 25.771 8.329 14.584 -2.287 2.030
7.674 12.892 27.150 7.445 14.650 -1.833 2.146
7.576 12.656 26.529 8.077 14.291 -1.981 1.717
7.551 12.840 26.216 7.384 14.422 -2.376 2.099
7.852 12.877 27.549 7.528 14.521 -1.899 1.969
7.699 12.342 26.969 6.503 14.426 -1.819 1.947
7.605 12.780 27.031 7.338 14.334 -2.066 1.996
7.875 12.544 27.632 7.405 14.380 -1.645 1.929
7.751 12.672 27.263 7.391 14.560 -1.785 1.964
7.202 12.479 26.824 6.787 14.413 -2.319 1.820
7.537 12.878 27.457 6.336 14.461 -2.024 2.003
7.387 12.580 26.284 6.797 14.288 -2.232 1.642
7.678 12.830 26.835 6.825 14.525 -1.925 1.891
7.952 12.029 27.097 6.284 14.456 -1.755 1.960
7.808 12.834 27.055 7.117 14.212 -1.938 1.894
7.598 12.725 27.461 7.003 14.393 -1.696 1.891
7.422 13.030 26.872 7.612 14.455 -2.010 1.776
7.675 12.458 27.351 6.508 14.264 -1.967 1.920
7.793 12.786 27.246 6.728 14.600 -2.263 2.222
7.612 12.921 26.956 7.613 14.748 -2.099 2.258
7.982 12.299 27.823 7.146 14.460 -1.701 2.055
7.685 12.798 26.830 7.601 14.357 -2.225 1.916
7.700 12.633 27.148 7.626 14.436 -1.697 1.970
7.681 13.164 26.873 6.901 14.388 -2.092 1.929
7.318 12.767 26.324 8.338 14.541 -2.371 2.125
7.762 12.458 27.869 7.053 14.070 -1.694 1.827
7.796 12.493 27.272 7.802 14.284 -1.902 2.016
7.469 12.730 26.695 7.631 14.415 -2.360 1.929
7.780 12.037 27.198 6.628 14.420 -1.908 2.039
7.735 12.740 26.513 6.922 14.131 -2.357 1.887
7.745 12.333 27.146 7.051 14.095 -1.906 1.750
7.632 12.319 27.415 6.292 14.430 -2.302 2.154
7.331 12.916 26.833 7.799 14.202 -2.205 1.777
7.680 12.811 27.346 7.049 14.295 -2.205 1.909
7.510 12.390 27.003 7.015 14.272 -1.823 1.725
7.495 12.697 26.683 7.482 14.165 -2.094 1.913
7.287 12.265 26.243 8.458 14.522 -2.471 2.160
7.810 12.809 26.935 7.308 14.460 -1.958 1.969
7.585 12.719 26.304 7.438 14.709 -2.225 2.060
7.398 12.662 27.075 7.825 14.321 -2.283 1.968
7.350 13.312 25.895 7.675 14.343 -2.366 1.903
7.339 12.577 26.998 5.997 14.170 -2.065 1.812
7.790 12.499 27.081 7.518 14.465 -1.674 1.762
7.515 12.498 26.669 6.827 14.476 -1.762 1.929
7.847 13.031 27.507 6.620 14.592 -1.598 1.964
7.745 12.333 27.146 7.051 14.095 -1.906 1.750
7.598 12.725 27.461 7.003 14.393 -1.696 1.891
7.438 13.012 26.913 6.294 14.417 -1.911 1.757
7.748 12.595 26.171 7.029 14.265 -2.344 1.919
7.682 12.322 27.372 7.848 14.637 -2.102 2.311
7.532 12.585 27.102 7.659 14.438 -2.214 2.014
7.857 12.405 27.148 7.449 14.392 -2.064 1.954
7.681 12.772 27.043 7.232 14.615 -1.786 1.971
7.396 13.096 25.678 7.771 14.677 -2.287 2.165
7.685 12.840 26.976 7.535 14.587 -2.026 2.057
7.564 12.786 27.689 6.617 14.210 -2.042 1.884
7.530 12.836 26.738 6.393 14.254 -2.107 1.924
7.763 12.270 26.838 6.212 14.527 -2.032 2.142
7.687 13.096 27.503 7.558 14.385 -1.919 1.741
7.686 12.385 27.004 6.367 14.519 -1.902 2.125
7.454 12.785 27.710 6.634 14.287 -1.915 1.833
7.676 12.786 26.677 7.718 14.542 -2.228 1.921
7.680 12.867 27.311 7.139 14.427 -1.678 1.792
7.636 13.017 26.513 6.918 14.355 -2.200 1.952
7.428 12.288 26.073 7.716 14.555 -2.412 2.131
7.677 12.599 27.320 6.435 14.355 -2.209 2.038
7.699 12.830 26.940 7.961 14.630 -2.144 2.221
7.603 12.137 26.481 7.137 14.572 -2.095 2.046
7.765 12.490 27.471 7.009 14.333 -2.117 1.991
7.674 12.383 27.639 6.619 14.426 -1.755 2.053
7.686 13.257 27.464 6.082 14.309 -1.926 1.829
7.557 12.123 26.406 7.993 14.341 -2.303 2.021
7.266 13.078 26.312 6.929 14.692 -2.468 2.314
7.387 12.580 26.284 6.797 14.288 -2.232 1.642
7.679 12.858 26.322 7.433 14.447 -2.142 2.009
8.041 12.650 27.629 7.094 14.582 -1.521 1.817
7.641 12.615 26.572 6.776 14.745 -2.104 2.102
7.644 12.768 26.165 7.311 14.492 -2.004 1.935
7.329 12.677 26.189 7.892 14.570 -2.174 2.054
7.674 12.936 26.932 8.033 14.616 -1.981 1.913
7.629 12.612 27.147 6.953 14.513 -2.055 2.091
7.386 12.500 26.904 7.449 14.832 -2.129 2.166
7.617 12.307 27.141 7.232 14.594 -2.134 2.206
7.666 12.386 27.454 8.451 14.364 -1.845 1.897
7.989 12.603 27.915 7.239 14.601 -1.617 1.923
7.806 12.436 27.153 6.105 14.241 -2.068 1.975
7.532 13.026 26.352 7.502 14.595 -2.129 1.989
7.368 12.599 26.638 6.358 14.472 -2.158 1.946
7.490 12.950 26.919 7.819 14.409 -2.165 1.958
7.349 13.097 26.080 7.744 14.634 -2.309 1.975
7.790 12.499 27.081 7.518 14.465 -1.674 1.762
7.566 12.366 27.304 7.522 14.365 -1.927 1.961
7.540 12.894 27.284 7.928 14.547 -1.935 1.901
7.579 12.942 26.884 7.572 14.560 -1.793 1.975
7.529 12.694 26.423 6.638 14.386 -2.173 1.864
7.833 12.564 27.171 6.625 14.781 -1.907 2.340
7.486 12.590 26.170 7.263 14.536 -2.059 1.982
7.287 12.265 26.243 8.458 14.522 -2.471 2.160
7.687 12.725 27.950 5.839 14.539 -1.769 2.040
7.585 12.719 26.304 7.438 14.709 -2.225 2.060
7.557 12.705 26.999 7.515 14.365 -1.935 1.967
7.688 12.600 27.150 6.929 14.042 -1.732 1.540
7.560 12.831 27.599 7.775 14.409 -1.927 2.148
7.930 12.692 27.190 6.608 14.811 -1.738 2.186
7.783 12.483 26.956 7.893 14.460 -1.783 2.085
7.994 12.607 27.945 6.282 14.356 -1.847 1.923
7.674 12.657 27.092 7.484 14.322 -2.085 1.930
7.685 12.994 27.142 6.883 14.554 -2.033 2.226
7.595 12.756 27.949 7.682 14.643 -1.730 2.074
7.552 12.888 27.282 6.939 14.645 -2.009 1.944
7.248 12.225 26.370 7.527 14.172 -2.561 1.890
8.058 12.997 27.383 6.453 14.393 -1.539 1.907
7.459 12.737 26.083 7.843 14.666 -2.298 2.165
7.677 13.097 27.557 7.319 14.365 -2.130 1.808
7.591 12.638 27.351 6.123 14.355 -2.083 1.971
7.473 12.704 26.875 7.332 14.403 -2.233 2.123
7.649 12.481 27.379 7.028 14.445 -1.933 2.016
7.386 12.500 26.904 7.449 14.832 -2.129 2.166
7.793 12.786 27.246 6.728 14.600 -2.263 2.222
7.437 12.196 26.773 7.498 14.530 -2.374 2.045
7.601 12.398 27.164 7.001 14.644 -1.913 2.178
7.573 12.933 27.050 6.170 14.604 -1.873 2.121
7.637 12.975 27.139 6.857 14.508 -1.979 1.927
7.626 12.878 26.903 7.549 14.515 -2.266 2.010
7.377 12.342 26.537 6.934 14.636 -2.346 2.282
7.952 12.788 27.510 6.210 14.225 -1.842 1.781
7.687 12.875 27.194 7.297 14.432 -1.963 2.003
7.395 12.722 26.298 7.931 14.689 -2.152 2.141
7.506 12.852 26.332 7.558 14.664 -2.276 2.274
7.294 12.841 27.208 7.767 14.340 -2.204 2.113
7.900 12.524 27.663 7.152 14.388 -1.975 1.999
7.327 12.358 26.879 7.125 14.710 -2.376 2.164
7.597 12.939 27.018 7.768 14.424 -2.124 1.949
7.641 12.278 26.982 6.492 14.043 -1.952 1.755
7.505 12.974 26.409 6.091 14.734 -2.038 2.072
7.445 12.809 26.643 7.353 14.523 -2.089 2.114
7.481 12.823 26.265 7.875 14.655 -2.162 2.048
7.741 12.507 26.337 7.415 14.647 -2.158 2.192
7.600 12.475 27.253 7.106 14.206 -2.114 1.869
7.679 12.714 26.610 7.671 14.509 -2.343 2.119
7.507 12.395 27.441 6.439 14.387 -1.941 2.134
7.390 12.578 26.546 8.087 14.698 -2.203 2.178
7.851 12.972 27.200 6.630 14.643 -1.709 2.192
7.501 12.874 26.859 7.253 14.473 -2.169 2.079
7.170 12.855 26.511 6.863 14.710 -2.469 2.301
7.852 12.877 27.549 7.528 14.521 -1.899 1.969
7.631 12.886 27.040 6.858 14.161 -2.003 1.761
7.671 12.152 26.560 8.491 14.669 -2.271 2.200
7.332 12.641 26.374 7.384 14.495 -2.353 2.134
7.892 12.363 27.917 6.719 14.344 -1.605 1.870
7.637 13.197 27.264 7.149 14.583 -1.793 1.953
7.614 12.093 27.046 7.199 14.415 -2.065 1.952
7.573 12.867 27.064 7.111 14.279 -1.857 1.697
7.515 12.498 26.669 6.827 14.476 -1.762 1.929
7.608 12.569 27.302 8.187 14.330 -2.277 2.045
8.157 12.822 27.044 7.222 14.571 -1.672 2.047
7.837 12.684 27.466 7.479 14.289 -1.870 2.108
7.394 12.895 26.280 6.223 14.444 -2.354 2.149
7.778 12.509 26.506 7.304 14.544 -2.332 2.179
7.593 12.832 26.825 7.130 14.571 -2.050 2.233
7.659 12.881 27.690 7.435 14.159 -1.897 1.730
7.790 13.158 26.718 8.277 14.918 -1.867 2.082
7.547 12.368 27.307 7.315 14.283 -1.992 1.761
7.684 12.838 27.476 7.922 14.457 -2.230 2.084
7.896 12.633 27.579 7.668 14.524 -1.680 1.914
7.600 12.304 26.598 7.178 14.361 -2.249 1.966
7.547 12.368 27.307 7.315 14.283 -1.992 1.761
7.307 13.092 26.699 7.089 14.668 -1.960 2.142
7.419 12.620 26.224 6.906 14.791 -2.096 2.173
7.708 12.341 26.756 8.154 14.375 -2.277 2.011
7.502 12.643 27.349 6.433 14.339 -2.038 1.899
7.608 12.360 27.147 8.378 14.211 -1.966 1.920
7.757 12.367 27.079 7.590 14.475 -2.069 1.975
7.471 12.773 26.472 8.098 14.763 -1.987 2.045
7.765 12.490 27.471 7.009 14.333 -2.117 1.991
7.622 12.729 26.962 8.070 14.646 -1.940 1.875
7.653 12.719 26.704 7.686 14.716 -1.965 2.144
7.737 13.145 26.688 8.602 14.714 -2.050 2.151
7.529 12.445 25.859 8.996 14.610 -2.420 2.108
7.413 12.536 26.464 7.888 14.484 -2.246 2.017
7.479 12.213 27.071 7.138 14.374 -2.172 2.076
7.627 13.048 26.696 6.609 14.446 -2.096 1.918
7.843 12.556 27.365 6.151 14.222 -1.690 1.826
7.530 12.836 26.738 6.393 14.254 -2.107 1.924
7.461 12.468 26.776 7.979 14.278 -2.466 2.114
7.826 12.837 27.288 5.910 14.793 -1.900 2.271
7.486 12.740 26.549 7.325 14.618 -2.289 2.103
7.615 12.849 26.882 7.024 14.704 -2.009 2.008
7.682 12.871 27.460 7.057 14.501 -1.754 1.895
7.332 12.471 26.386 7.945 14.676 -2.268 2.069
7.625 12.591 27.102 7.905 14.488 -2.177 2.156
7.615 12.581 26.709 7.456 14.754 -1.966 2.021
7.749 12.847 27.440 7.469 14.387 -1.894 1.947
7.233 12.899 26.748 6.403 14.704 -2.242 2.095
7.369 12.735 26.800 6.222 14.523 -2.129 2.047
7.343 12.561 26.519 7.139 14.893 -2.343 2.258
7.731 12.819 27.772 7.422 14.286 -1.891 1.777
7.416 13.174 26.391 8.428 14.376 -2.360 1.988
7.594 12.896 26.528 8.362 14.677 -1.911 2.000
7.329 12.677 26.189 7.892 14.570 -2.174 2.054
7.529 12.824 26.532 7.134 14.542 -2.088 2.052
7.628 12.805 26.895 7.400 14.674 -1.690 1.926
7.737 13.145 26.688 8.602 14.714 -2.050 2.151
7.670 12.848 27.654 7.457 14.473 -1.865 2.146
7.623 12.128 27.034 7.272 14.188 -2.102 2.022
7.408 12.791 26.325 7.616 14.820 -2.205 2.180
7.569 12.840 27.409 6.115 14.293 -1.842 1.920
7.688 12.647 27.324 7.977 14.235 -2.128 1.849
7.711 12.762 26.975 7.015 14.724 -2.153 2.230
7.574 12.928 26.923 6.321 14.700 -1.869 1.973
7.599 12.893 26.366 6.993 14.522 -2.065 1.878
7.520 12.541 27.025 7.762 14.683 -2.176 2.305
7.547 12.941 27.479 5.836 14.460 -2.176 2.116
7.792 12.538 27.946 6.287 14.461 -1.723 1.946
7.491 12.733 26.733 7.626 14.521 -2.489 2.141
7.677 12.599 27.320 6.435 14.355 -2.209 2.038
7.784 12.195 27.379 9.053 14.563 -1.704 1.991
7.435 12.731 26.682 8.101 14.558 -2.159 2.053
7.573 12.867 27.064 7.111 14.279 -1.857 1.697
7.435 12.990 27.057 7.948 14.574 -1.812 2.085
7.762 12.769 27.147 8.081 14.407 -2.139 1.986
7.605 13.223 27.500 7.236 14.541 -2.144 2.174
7.408 12.846 26.310 8.312 14.600 -2.318 2.187
7.866 12.871 27.374 7.099 14.308 -2.129 2.041
7.679 12.752 27.065 6.714 14.716 -1.894 1.993
7.619 12.415 27.512 6.377 14.472 -1.813 2.062
7.701 12.572 27.413 7.392 14.477 -1.669 1.880
7.624 12.548 26.904 8.435 14.518 -2.118 1.980
7.808 12.834 27.055 7.117 14.212 -1.938 1.894
7.482 12.222 27.213 6.775 14.142 -1.962 1.852
7.593 12.832 26.510 7.641 14.759 -2.116 2.094
7.671 12.152 26.560 8.491 14.669 -2.271 2.200
7.692 13.019 27.088 6.957 14.699 -2.066 2.453
7.557 13.077 26.861 7.527 14.692 -2.066 2.014
7.395 12.487 26.669 6.693 14.618 -2.310 2.094
7.521 12.145 26.221 7.820 14.303 -2.444 1.988
7.424 12.770 27.644 7.136 14.358 -2.080 1.840
7.500 12.679 26.501 7.848 14.497 -2.291 2.040
7.813 12.512 27.055 7.845 14.538 -2.101 2.124
7.626 12.878 26.903 7.549 14.515 -2.266 2.010
7.697 12.660 26.803 7.507 14.373 -2.221 2.105
7.669 12.351 27.499 7.942 14.228 -1.930 1.935
7.662 12.361 26.200 6.925 14.511 -2.072 2.085
7.689 12.858 27.217 7.559 14.724 -1.925 2.095
7.683 12.560 27.467 8.489 14.294 -2.018 1.891
7.704 12.521 26.651 7.430 14.267 -2.159 1.958
7.607 13.042 27.483 7.357 14.485 -1.880 2.016
7.680 12.867 27.311 7.139 14.427 -1.678 1.792
7.583 12.462 26.958 7.635 14.635 -2.121 2.042
7.617 12.736 26.911 7.016 14.233 -2.275 1.917
7.334 12.495 26.804 7.303 14.509 -2.396 2.194
7.838 12.666 28.196 6.592 14.276 -1.856 2.010
7.395 12.690 26.411 7.929 14.641 -2.209 2.118
7.745 12.333 27.146 7.051 14.095 -1.906 1.750
7.595 13.002 26.327 8.653 14.770 -1.989 2.136
7.404 12.420 27.110 8.444 14.642 -2.069 2.118
7.490 12.229 26.867 7.489 14.469 -2.115 1.964
7.876 12.951 27.629 6.948 14.746 -1.792 2.162
7.244 12.814 26.144 7.554 14.423 -2.253 1.970
7.952 12.788 27.510 6.210 14.225 -1.842 1.781
7.674 12.737 26.715 7.788 14.557 -2.018 1.975
7.412 12.886 26.150 7.731 14.695 -2.360 2.092
7.601 12.198 26.748 8.106 14.637 -2.285 2.272
7.512 12.767 26.810 8.588 14.491 -1.946 2.097
7.763 12.270 26.838 6.212 14.527 -2.032 2.142
7.792 12.538 27.946 6.287 14.461 -1.723 1.946
7.226 12.700 27.049 6.536 14.717 -2.305 2.095
7.391 12.554 26.791 6.760 14.394 -2.303 2.018
7.660 12.574 26.908 6.816 14.442 -1.759 1.828
7.686 13.257 27.464 6.082 14.309 -1.926 1.829
7.649 12.481 27.379 7.028 14.445 -1.933 2.016
7.864 12.730 27.452 7.126 14.237 -1.563 1.782
7.564 12.786 27.689 6.617 14.210 -2.042 1.884
7.422 12.597 26.350 6.511 14.537 -2.289 2.017
8.110 12.263 28.054 6.547 14.515 -1.619 2.086
7.266 13.078 26.312 6.929 14.692 -2.468 2.314
7.686 13.165 26.936 7.357 14.507 -2.038 1.983
7.620 12.928 26.753 6.577 14.573 -2.081 1.978
7.675 13.103 27.604 7.301 14.249 -1.974 1.828
7.615 12.707 27.506 7.219 14.566 -1.752 1.903
7.502 12.643 27.349 6.433 14.339 -2.038 1.899
7.683 12.642 27.266 7.107 14.491 -2.050 2.184
7.477 12.741 26.371 7.579 14.882 -2.399 2.420
7.633 12.744 27.544 6.957 14.454 -1.942 1.863
7.901 12.633 26.500 8.616 14.618 -1.772 2.000
7.763 12.665 26.631 7.672 14.583 -2.155 2.078
7.686 13.165 26.936 7.357 14.507 -2.038 1.983
7.174 12.326 27.209 7.652 14.463 -2.160 1.960
7.294 12.841 27.208 7.767 14.340 -2.204 2.113
7.505 12.758 27.225 6.979 14.794 -1.995 2.280
7.597 13.114 26.345 6.372 14.766 -2.457 2.241
7.332 12.641 26.374 7.384 14.495 -2.353 2.134
7.620 12.928 26.753 6.577 14.573 -2.081 1.978
7.907 12.474 27.042 7.042 14.257 -1.968 1.872
7.379 12.720 26.892 6.781 14.687 -2.238 2.087
7.493 13.006 27.265 6.831 14.417 -1.836 1.719
7.521 12.145 26.221 7.820 14.303 -2.444 1.988
7.411 12.675 26.425 8.470 14.673 -2.288 2.181
7.494 12.801 26.691 7.719 14.556 -2.183 2.036
7.833 12.735 27.450 6.677 14.252 -1.718 1.744
7.646 12.898 27.518 7.697 14.266 -1.992 1.945
7.894 13.093 27.380 6.199 14.583 -1.578 2.014
7.343 12.561 26.519 7.139 14.893 -2.343 2.258
7.967 12.454 27.397 6.936 14.346 -1.594 1.888
7.808 12.834 27.055 7.117 14.212 -1.938 1.894
7.583 12.403 26.509 8.435 14.462 -1.959 2.044
7.075 12.766 25.771 8.329 14.584 -2.287 2.030
7.247 12.855 26.234 6.564 14.620 -2.338 2.151
7.486 12.611 26.391 7.859 14.304 -2.204 1.867
7.682 12.339 27.332 7.123 14.284 -1.945 1.860
7.679 12.720 27.156 7.592 14.819 -1.835 2.188
7.763 12.665 26.631 7.672 14.583 -2.155 2.078
7.631 12.886 27.040 6.858 14.161 -2.003 1.761
7.760 12.854 27.037 7.830 14.535 -2.142 2.121
7.685 12.994 27.142 6.883 14.554 -2.033 2.226
7.558 12.430 26.829 8.038 14.443 -2.206 1.954
7.992 12.737 26.818 7.680 14.760 -1.823 1.982
7.558 12.430 26.829 8.038 14.443 -2.206 1.954
7.593 12.832 26.510 7.641 14.759 -2.116 2.094
7.704 12.521 26.651 7.430 14.267 -2.159 1.958
7.666 12.386 27.454 8.451 14.364 -1.845 1.897
7.682 12.348 27.445 6.678 14.504 -1.863 1.982
7.722 13.119 27.193 7.586 14.752 -1.974 2.042
7.687 12.480 26.597 7.876 14.745 -1.939 2.082
7.794 12.447 28.027 8.063 14.383 -1.835 2.135
7.679 12.720 27.156 7.592 14.819 -1.835 2.188
7.368 12.846 26.335 7.269 14.301 -2.229 2.021
7.894 13.093 27.380 6.199 14.583 -1.578 2.014
7.470 12.401 27.185 8.107 14.517 -2.049 2.042
7.490 12.950 26.919 7.819 14.409 -2.165 1.958
7.653 12.765 27.862 5.553 14.308 -1.819 1.851
7.435 12.990 27.057 7.948 14.574 -1.812 2.085
7.749 12.548 27.156 7.500 14.463 -1.832 1.881
7.486 12.450 27.303 6.798 14.413 -2.053 2.087
7.528 12.904 26.781 7.125 14.832 -1.974 2.148
7.683 12.696 27.357 7.166 14.423 -1.937 2.097
7.491 12.733 26.733 7.626 14.521 -2.489 2.141
7.682 12.339 27.332 7.123 14.284 -1.945 1.860
7.664 12.898 27.430 7.224 14.558 -1.882 1.923
7.877 12.621 27.192 7.860 14.487 -1.566 1.837
7.312 12.910 26.874 6.983 14.745 -2.061 2.264
7.676 12.838 26.894 8.458 14.608 -2.154 2.073
7.432 12.500 26.874 7.381 14.613 -2.069 1.886
7.694 12.602 27.205 6.778 14.344 -2.037 1.874
7.339 12.577 26.998 5.997 14.170 -2.065 1.812
7.498 13.104 26.176 6.950 14.641 -2.307 2.235
7.687 12.480 26.597 7.876 14.745 -1.939 2.082
7.435 12.990 27.057 7.948 14.574 -1.812 2.085
7.526 12.734 26.911 8.487 14.307 -2.087 1.844
7.622 12.913 27.140 6.963 14.713 -2.180 2.302
7.502 12.643 27.349 6.433 14.339 -2.038 1.899
7.344 13.048 26.218 7.412 14.954 -2.206 2.185
7.716 12.635 26.885 7.927 14.588 -1.956 2.064
7.834 12.711 27.256 6.849 14.404 -1.690 1.708
7.569 12.748 26.860 7.745 14.310 -1.877 1.859
7.682 12.322 27.372 7.848 14.637 -2.102 2.311
7.557 13.077 26.861 7.527 14.692 -2.066 2.014
7.674 12.936 26.932 8.033 14.616 -1.981 1.913
7.595 12.529 26.736 7.037 14.630 -1.747 2.052
7.658 12.321 27.162 9.104 14.390 -2.188 2.049
7.682 12.992 27.186 8.316 14.262 -1.988 1.814
7.595 12.275 26.609 7.122 14.241 -2.173 1.974
7.381 13.000 26.347 6.708 14.707 -2.331 2.055
7.407 13.073 27.117 7.954 14.578 -2.084 1.890
7.521 12.479 27.138 7.617 14.425 -2.146 2.125
7.603 12.686 27.639 7.464 14.367 -1.756 1.719
7.560 12.831 27.599 7.775 14.409 -1.927 2.148
7.583 12.462 26.958 7.635 14.635 -2.121 2.042
7.869 12.720 27.260 8.226 14.446 -1.654 1.979
7.693 13.030 27.039 5.990 14.372 -1.920 1.809
7.325 12.509 26.383 8.188 14.522 -2.592 2.240
7.813 12.512 27.055 7.845 14.538 -2.101 2.124
7.346 12.702 27.171 7.646 14.320 -1.822 1.711
7.837 12.684 27.466 7.479 14.289 -1.870 2.108
7.569 12.905 27.120 7.257 14.574 -1.959 2.095
7.918 12.658 28.046 6.817 14.139 -1.598 1.820
7.678 12.468 26.527 7.679 14.686 -1.867 2.046
7.683 12.579 27.652 7.172 14.415 -1.744 1.837
7.365 12.596 26.100 7.987 14.613 -2.324 2.036
7.271 12.539 26.851 8.210 14.612 -2.134 2.161
7.683 12.393 26.581 7.928 14.600 -1.984 2.034
7.075 12.766 25.771 8.329 14.584 -2.287 2.030
7.451 12.496 27.015 6.994 14.322 -2.353 1.965
7.432 12.500 26.874 7.381 14.613 -2.069 1.886
7.649 12.904 26.725 6.358 14.604 -2.266 2.225
7.537 12.878 27.457 6.336 14.461 -2.024 2.003
7.561 12.390 26.600 8.088 14.361 -2.226 1.971
7.688 12.626 27.148 8.176 14.471 -1.975 2.092
7.540 12.799 26.571 7.825 14.417 -2.216 1.928
7.490 13.018 27.312 8.382 14.454 -1.605 1.817
7.672 12.410 27.343 8.033 14.352 -2.101 1.967
7.800 12.747 27.263 6.797 14.459 -1.578 1.921
7.677 12.745 27.215 6.934 14.183 -2.178 1.888
7.686 12.385 27.004 6.367 14.519 -1.902 2.125
7.602 12.804 26.369 7.206 14.372 -1.975 1.845
7.736 12.612 27.185 7.303 14.630 -2.074 2.239
7.629 12.612 27.147 6.953 14.513 -2.055 2.091
7.810 12.552 27.408 7.051 14.381 -2.043 1.940
7.623 12.128 27.034 7.272 14.188 -2.102 2.022
7.344 13.048 26.218 7.412 14.954 -2.206 2.185
7.678 12.600 27.348 5.953 14.674 -1.985 2.287
7.219 12.615 25.864 6.560 14.568 -2.449 2.005
7.628 12.765 26.826 8.588 14.658 -2.043 2.270
7.271 12.539 26.851 8.210 14.612 -2.134 2.161
7.680 12.956 27.602 7.468 14.483 -2.012 2.017
7.649 12.481 27.379 7.028 14.445 -1.933 2.016
7.745 12.100 28.020 7.096 14.406 -1.713 1.981
7.581 12.786 27.308 6.817 14.369 -1.859 1.851
7.643 12.827 26.639 7.236 14.396 -1.891 1.880
7.572 12.695 27.022 7.401 14.584 -1.843 2.074
7.332 12.641 26.374 7.384 14.495 -2.353 2.134
7.512 13.229 26.624 7.216 14.641 -2.225 1.995
7.469 12.576 26.822 7.497 14.504 -1.998 1.853
7.614 12.093 27.046 7.199 14.415 -2.065 1.952
7.761 13.027 26.837 7.253 14.430 -2.059 2.049
7.676 12.472 26.404 7.379 14.700 -2.200 2.294
7.892 12.866 27.371 7.720 14.475 -1.986 1.993
7.466 12.291 26.291 7.385 14.614 -2.503 2.363
7.575 12.060 27.156 5.809 14.419 -1.907 1.886
7.543 12.745 26.458 7.730 14.270 -2.269 2.051
7.632 12.219 27.341 8.678 14.246 -1.942 1.831
7.587 12.568 27.150 7.349 14.463 -2.290 1.990
7.601 12.507 27.155 7.692 14.581 -2.048 2.052
7.762 12.769 27.147 8.081 14.407 -2.139 1.986
7.688 12.409 26.800 7.549 14.284 -1.942 1.751
7.627 12.333 27.575 7.076 14.566 -1.768 2.192
7.685 12.840 26.976 7.535 14.587 -2.026 2.057
7.413 12.536 26.464 7.888 14.484 -2.246 2.017
7.326 12.736 26.492 6.867 14.739 -2.176 2.220
7.687 12.619 26.542 6.406 14.757 -1.793 2.038
7.679 12.677 26.786 6.914 14.651 -2.277 2.386
7.688 12.955 27.246 7.074 14.503 -1.916 1.902
7.401 12.393 27.032 6.889 14.636 -1.821 1.979
7.676 13.060 26.897 7.673 14.458 -1.915 1.926
7.573 12.933 27.050 6.170 14.604 -1.873 2.121
7.674 12.892 27.150 7.445 14.650 -1.833 2.146
7.819 12.725 26.923 8.502 14.755 -1.605 2.015
7.532 12.956 27.175 7.525 14.729 -1.901 1.950
7.628 12.765 26.826 8.588 14.658 -2.043 2.270
7.502 12.643 27.349 6.433 14.339 -2.038 1.899
7.607 13.042 27.483 7.357 14.485 -1.880 2.016
7.334 12.495 26.804 7.303 14.509 -2.396 2.194
7.496 12.620 26.580 7.699 14.658 -2.282 2.279
7.379 12.720 26.892 6.781 14.687 -2.238 2.087
7.684 12.415 27.847 6.734 14.269 -1.756 1.938
7.687 12.505 27.490 6.898 14.437 -1.727 1.816
7.599 12.893 26.366 6.993 14.522 -2.065 1.878
7.616 13.079 26.667 8.431 14.411 -2.223 2.000
7.579 12.942 26.884 7.572 14.560 -1.793 1.975
7.674 12.737 26.715 7.788 14.557 -2.018 1.975
7.591 12.638 27.351 6.123 14.355 -2.083 1.971
7.778 12.614 27.444 6.921 14.338 -1.996 1.920
7.479 12.883 26.761 8.215 14.287 -2.243 1.897
7.749 12.564 27.457 7.087 14.269 -2.105 1.941
7.479 12.213 27.071 7.138 14.374 -2.172 2.076
7.601 12.507 27.155 7.692 14.581 -2.048 2.052
7.465 12.654 27.550 6.594 14.312 -1.608 1.983
7.507 12.395 27.441 6.439 14.387 -1.941 2.134
7.854 12.331 27.360 7.983 14.497 -1.778 2.205
7.676 12.082 27.822 7.835 14.219 -1.999 1.870
7.688 12.600 27.150 6.929 14.042 -1.732 1.540
7.538 12.430 28.007 6.839 14.455 -1.694 1.892
7.875 12.544 27.632 7.405 14.380 -1.645 1.929
7.376 12.105 26.841 6.638 14.315 -2.320 1.978
7.677 13.097 27.557 7.319 14.365 -2.130 1.808
7.674 12.892 27.150 7.445 14.650 -1.833 2.146
7.518 12.883 26.911 7.147 14.664 -2.102 1.909
7.561 12.568 26.675 7.643 14.640 -2.001 2.054
7.260 11.815 26.451 8.331 14.361 -2.615 1.898
7.529 12.445 25.859 8.996 14.610 -2.420 2.108
7.632 12.219 27.341 8.678 14.246 -1.942 1.831
7.344 13.048 26.218 7.412 14.954 -2.206 2.185
8.024 12.325 27.725 8.344 14.400 -1.816 1.834
7.527 13.040 26.735 7.141 14.698 -2.045 2.169
7.692 13.019 27.088 6.957 14.699 -2.066 2.453
7.533 13.137 26.590 7.673 14.242 -2.116 1.814
7.304 12.084 26.483 7.047 14.235 -2.600 2.029
7.528 12.812 26.327 6.077 14.788 -2.276 2.204
7.989 12.603 27.915 7.239 14.601 -1.617 1.923
7.683 12.753 27.373 7.804 14.682 -1.819 2.026
7.481 12.850 26.094 7.179 14.540 -2.235 2.129
7.422 13.009 26.338 6.313 14.546 -2.332 2.101
7.451 12.496 27.015 6.994 14.322 -2.353 1.965
7.437 12.196 26.773 7.498 14.530 -2.374 2.045
7.869 12.720 27.260 8.226 14.446 -1.654 1.979
7.439 13.041 26.920 6.699 14.162 -2.359 1.792
7.343 12.803 26.497 7.143 14.323 -2.527 2.004
7.377 12.830 26.440 8.034 14.448 -1.962 1.816
7.616 12.759 26.973 7.019 14.716 -1.670 2.092
7.686 13.429 26.744 7.862 14.441 -1.853 1.992
7.486 12.811 27.203 6.200 14.457 -2.271 2.027
7.614 12.612 27.082 6.593 14.296 -2.000 1.698
7.356 12.671 27.244 7.124 14.650 -2.213 2.068
7.569 12.748 26.860 7.745 14.310 -1.877 1.859
7.706 12.811 27.029 6.536 14.407 -1.994 2.023
7.579 12.958 27.210 7.736 14.541 -2.008 2.032
7.390 12.202 26.682 6.405 14.413 -2.204 1.824
7.890 12.615 27.373 6.529 14.271 -1.879 1.770
7.607 12.645 27.068 8.048 14.548 -1.889 2.014
7.679 12.714 26.610 7.671 14.509 -2.343 2.119
7.547 12.941 27.479 5.836 14.460 -2.176 2.116
7.558 12.174 26.784 7.722 14.354 -2.141 1.873
7.460 12.552 26.209 7.362 14.366 -2.514 1.911
7.549 12.584 26.761 7.651 14.404 -2.107 1.878
7.850 13.070 27.245 6.219 14.514 -1.913 1.973
7.696 12.340 26.294 8.406 14.496 -2.231 2.043
7.632 12.319 27.415 6.292 14.430 -2.302 2.154
7.729 12.530 27.622 7.146 14.305 -1.798 1.897
7.445 12.809 26.643 7.353 14.523 -2.089 2.114
7.564 12.327 27.010 6.145 14.573 -2.144 2.004
7.412 12.790 26.775 7.604 14.495 -1.979 1.902
7.442 12.983 26.781 7.195 14.759 -1.899 1.922
7.679 12.175 27.406 7.524 14.317 -1.995 1.911
7.481 12.873 26.630 6.815 14.585 -1.998 1.919
7.404 12.420 27.110 8.444 14.642 -2.069 2.118
7.721 12.910 27.597 7.536 14.620 -1.920 2.125
7.776 12.643 26.788 8.169 14.471 -2.161 2.023
7.685 12.994 27.142 6.883 14.554 -2.033 2.226
7.745 13.049 26.857 6.730 14.759 -2.100 2.065
7.556 12.877 27.817 6.862 14.449 -2.005 2.192
7.535 12.611 26.969 7.620 14.492 -2.126 1.950
7.486 12.590 26.170 7.263 14.536 -2.059 1.982
7.561 12.391 27.112 7.264 14.577 -1.930 1.842
7.639 12.585 26.801 7.095 14.809 -2.286 2.187
7.514 12.547 26.767 6.374 14.566 -2.252 1.950
7.790 13.022 27.117 6.740 14.357 -1.891 1.880
7.560 12.831 27.599 7.775 14.409 -1.927 2.148
7.581 12.786 27.308 6.817 14.369 -1.859 1.851
7.381 13.000 26.347 6.708 14.707 -2.331 2.055
7.484 12.786 26.038 8.103 14.339 -2.297 1.717
7.406 12.752 27.032 7.461 14.390 -1.967 1.876
7.607 12.645 27.068 8.048 14.548 -1.889 2.014
7.535 12.585 26.242 7.324 14.703 -2.316 2.165
7.677 12.622 26.688 7.085 14.330 -1.942 1.903
7.851 12.972 27.200 6.630 14.643 -1.709 2.192
7.472 12.504 26.513 8.125 14.412 -2.385 2.159
7.684 12.415 27.847 6.734 14.269 -1.756 1.938
7.682 12.522 26.897 7.172 14.497 -2.034 1.951
7.634 12.626 27.020 7.968 14.531 -1.897 2.015
7.420 12.350 27.187 7.327 14.443 -2.031 2.062
7.829 12.535 26.571 7.549 14.260 -2.114 2.024
7.952 12.788 27.510 6.210 14.225 -1.842 1.781
7.507 12.439 27.272 7.676 14.220 -2.146 1.941
7.616 13.079 26.667 8.431 14.411 -2.223 2.000
7.495 12.697 26.683 7.482 14.165 -2.094 1.913
7.381 12.887 27.239 8.363 14.715 -2.185 2.234
7.833 12.735 27.450 6.677 14.252 -1.718 1.744
7.839 12.409 27.864 6.795 14.011 -2.108 1.839
7.529 12.462 26.843 7.008 14.596 -2.050 2.103
7.745 12.100 28.020 7.096 14.406 -1.713 1.981
7.326 12.386 26.562 7.782 14.424 -2.263 1.963
7.512 12.667 27.056 7.753 14.278 -2.077 1.840
7.387 12.580 26.284 6.797 14.288 -2.232 1.642
7.685 12.994 27.142 6.883 14.554 -2.033 2.226
7.248 12.225 26.370 7.527 14.172 -2.561 1.890
7.776 12.643 26.788 8.169 14.471 -2.161 2.023
7.866 12.871 27.374 7.099 14.308 -2.129 2.041
7.750 12.958 27.042 6.683 14.485 -1.855 1.972
7.549 12.584 26.761 7.651 14.404 -2.107 1.878
7.490 12.229 26.867 7.489 14.469 -2.115 1.964
7.833 12.735 27.450 6.677 14.252 -1.718 1.744
7.595 12.756 27.949 7.682 14.643 -1.730 2.074
7.699 12.509 26.948 7.318 14.253 -2.039 1.869
7.469 13.021 26.492 7.719 14.598 -2.316 2.012
7.679 12.720 27.156 7.592 14.819 -1.835 2.188
7.684 12.700 27.109 8.117 14.554 -1.929 2.049
7.592 12.970 26.453 8.188 14.492 -2.266 2.097
7.727 13.127 27.235 7.313 14.400 -2.047 2.077
7.593 12.832 26.510 7.641 14.759 -2.116 2.094
7.339 12.577 26.998 5.997 14.170 -2.065 1.812
7.630 12.431 26.396 7.092 14.439 -2.325 2.036
7.684 12.109 27.465 7.885 14.545 -1.897 2.038
7.344 13.048 26.218 7.412 14.954 -2.206 2.185
7.679 12.175 27.406 7.524 14.317 -1.995 1.911
7.680 13.033 26.557 7.716 14.584 -2.240 2.053
7.979 12.920 27.862 7.511 14.630 -1.522 2.108
7.636 13.017 26.513 6.918 14.355 -2.200 1.952
7.279 13.167 25.836 7.852 14.810 -2.147 2.148
7.874 12.469 27.002 6.516 14.086 -1.747 1.668
7.651 12.444 27.153 7.134 14.364 -2.069 1.923
7.682 12.992 27.186 8.316 14.262 -1.988 1.814
7.248 12.225 26.370 7.527 14.172 -2.561 1.890
7.882 12.946 26.963 8.454 14.613 -2.112 2.208
7.613 12.906 27.079 8.010 14.765 -2.030 2.148
7.386 12.500 26.904 7.449 14.832 -2.129 2.166
8.110 12.263 28.054 6.547 14.515 -1.619 2.086
7.593 12.832 26.510 7.641 14.759 -2.116 2.094
7.594 12.426 27.346 6.302 14.540 -1.946 2.050
7.696 12.340 26.294 8.406 14.496 -2.231 2.043
7.280 12.590 25.829 8.221 14.606 -2.679 2.164
7.941 12.549 27.612 7.012 14.233 -1.806 1.805
7.304 12.084 26.483 7.047 14.235 -2.600 2.029
7.798 12.526 26.953 7.515 14.311 -2.013 1.882
7.658 12.321 27.162 9.104 14.390 -2.188 2.049
7.376 12.105 26.841 6.638 14.315 -2.320 1.978
7.749 12.548 27.156 7.500 14.463 -1.832 1.881
7.490 12.229 26.867 7.489 14.469 -2.115 1.964
7.616 12.794 27.334 7.497 14.221 -1.833 1.801
7.615 12.770 26.902 6.941 14.395 -1.964 1.975
7.688 12.155 26.753 6.278 14.693 -2.114 2.200
7.505 12.588 26.121 5.963 14.601 -2.391 2.127
7.553 12.368 27.304 7.633 14.536 -2.105 1.855
7.469 13.021 26.492 7.719 14.598 -2.316 2.012
7.680 12.811 27.346 7.049 14.295 -2.205 1.909
7.854 12.331 27.360 7.983 14.497 -1.778 2.205
7.350 13.312 25.895 7.675 14.343 -2.366 1.903
7.962 12.560 27.186 7.604 14.334 -1.898 1.905
7.978 13.018 26.995 7.423 14.770 -1.702 2.270
7.447 12.845 27.098 7.496 14.444 -2.000 1.969
7.422 12.597 26.350 6.511 14.537 -2.289 2.017
7.558 12.174 26.784 7.722 14.354 -2.141 1.873
7.481 12.823 26.265 7.875 14.655 -2.162 2.048
7.705 12.452 26.832 7.307 14.645 -2.088 2.044
7.765 12.485 27.326 7.465 14.397 -1.944 2.002
7.475 12.385 27.367 7.122 14.440 -1.942 2.090
7.326 12.386 26.562 7.782 14.424 -2.263 1.963
7.687 12.619 26.542 6.406 14.757 -1.793 2.038
7.490 12.950 26.919 7.819 14.409 -2.165 1.958
7.548 12.622 26.575 7.992 14.594 -2.472 2.211
7.381 12.887 27.239 8.363 14.715 -2.185 2.234
7.437 12.196 26.773 7.498 14.530 -2.374 2.045
7.440 12.749 26.465 8.378 14.645 -2.108 2.003
7.685 12.994 27.142 6.883 14.554 -2.033 2.226
7.504 12.863 26.782 7.107 14.464 -2.144 2.120
7.813 12.512 27.055 7.845 14.538 -2.101 2.124
7.679 12.720 27.156 7.592 14.819 -1.835 2.188
7.616 12.794 27.334 7.497 14.221 -1.833 1.801
7.687 13.321 26.846 7.614 14.605 -1.871 1.876
7.927 13.565 27.988 7.524 14.666 -1.405 1.948
7.395 12.487 26.669 6.693 14.618 -2.310 2.094
7.692 13.019 27.088 6.957 14.699 -2.066 2.453
7.419 12.620 26.224 6.906 14.791 -2.096 2.173
7.569 12.940 27.280 7.294 14.482 -1.899 1.887
7.758 12.419 27.682 6.564 14.169 -1.728 1.828
7.512 12.767 26.810 8.588 14.491 -1.946 2.097
7.557 12.123 26.406 7.993 14.341 -2.303 2.021
7.731 12.819 27.772 7.422 14.286 -1.891 1.777
7.376 12.105 26.841 6.638 14.315 -2.320 1.978
7.396 13.096 25.678 7.771 14.677 -2.287 2.165
7.733 12.824 26.636 8.441 14.475 -2.287 2.076
7.505 12.185 27.254 6.578 14.575 -1.844 1.968
7.675 12.458 27.351 6.508 14.264 -1.967 1.920
7.526 12.624 26.874 7.490 14.669 -2.030 1.955
7.634 12.626 27.020 7.968 14.531 -1.897 2.015
7.599 12.893 26.366 6.993 14.522 -2.065 1.878
7.819 13.104 26.367 7.889 14.944 -1.890 2.175
7.729 13.248 26.551 7.453 14.597 -2.190 2.047
7.479 12.213 27.071 7.138 14.374 -2.172 2.076
7.834 12.711 27.256 6.849 14.404 -1.690 1.708
7.553 13.056 26.762 6.450 14.592 -1.937 1.995
7.648 12.713 26.586 6.828 14.581 -2.371 2.079
8.057 12.637 27.745 6.852 14.308 -1.837 1.912
7.418 12.954 26.760 6.258 14.517 -2.132 2.003
7.646 12.571 27.070 8.034 14.495 -2.042 1.939
7.424 12.770 27.644 7.136 14.358 -2.080 1.840
7.679 12.752 27.065 6.714 14.716 -1.894 1.993
7.663 12.635 27.964 6.893 14.107 -1.680 1.707
7.830 12.687 27.484 7.804 14.366 -1.655 1.983
7.667 12.315 27.432 5.701 14.355 -1.799 1.850
7.533 13.137 26.590 7.673 14.242 -2.116 1.814
7.629 12.612 27.147 6.953 14.513 -2.055 2.091
7.653 12.490 27.353 7.134 14.015 -2.051 1.728
7.717 12.585 26.577 7.333 14.441 -2.218 2.042
8.041 12.650 27.629 7.094 14.582 -1.521 1.817
7.678 12.830 26.835 6.825 14.525 -1.925 1.891
7.344 13.048 26.218 7.412 14.954 -2.206 2.185
7.927 13.565 27.988 7.524 14.666 -1.405 1.948
7.613 12.906 27.079 8.010 14.765 -2.030 2.148
7.681 12.675 26.768 8.113 14.413 -2.120 1.823
7.612 12.921 26.956 7.613 14.748 -2.099 2.258
7.461 12.468 26.776 7.979 14.278 -2.466 2.114
7.866 12.871 27.374 7.099 14.308 -2.129 2.041
7.808 12.834 27.055 7.117 14.212 -1.938 1.894
7.949 12.954 27.772 7.511 14.382 -1.876 2.024
7.486 12.740 26.549 7.325 14.618 -2.289 2.103
7.377 12.830 26.440 8.034 14.448 -1.962 1.816
7.612 12.921 26.956 7.613 14.748 -2.099 2.258
7.438 12.737 25.992 7.250 14.596 -2.328 2.151
7.744 12.755 26.998 6.832 14.302 -1.962 1.941
7.744 12.755 26.998 6.832 14.302 -1.962 1.941
7.590 12.504 26.934 6.868 14.388 -2.113 2.003
7.505 12.680 27.548 7.571 14.433 -1.919 2.141
7.075 12.766 25.771 8.329 14.584 -2.287 2.030
7.529 12.694 26.423 6.638 14.386 -2.173 1.864
7.757 12.535 27.435 5.549 14.218 -1.929 1.811
7.583 12.403 26.509 8.435 14.462 -1.959 2.044
7.668 12.143 27.610 7.563 14.394 -1.859 2.048
7.751 12.650 27.568 6.789 14.562 -1.757 1.995
7.677 13.105 27.091 7.336 14.399 -1.943 1.852
7.266 12.857 26.389 8.200 14.662 -2.197 2.103
7.672 12.373 26.712 7.345 14.604 -2.109 2.015
7.681 12.851 27.303 7.281 14.569 -1.944 2.053
7.395 12.722 26.298 7.931 14.689 -2.152 2.141
7.421 12.595 26.067 7.753 14.664 -2.463 2.027
7.305 12.787 26.290 6.768 14.643 -2.502 2.240
7.642 12.978 26.812 8.122 14.617 -2.201 2.010
7.381 13.077 25.787 8.468 14.864 -2.241 2.139
7.814 13.082 27.065 7.290 14.325 -2.071 1.836
7.670 12.624 26.974 7.435 14.468 -1.852 1.904
7.810 12.949 27.097 6.910 14.379 -1.903 1.931
7.729 13.248 26.551 7.453 14.597 -2.190 2.047
7.537 12.878 27.457 6.336 14.461 -2.024 2.003
7.669 12.351 27.499 7.942 14.228 -1.930 1.935
7.622 12.736 26.818 6.709 14.488 -1.976 2.132
7.618 12.206 27.760 6.883 14.258 -2.212 2.080
7.684 12.838 27.476 7.922 14.457 -2.230 2.084
7.813 12.668 26.584 7.100 14.911 -1.853 2.235
7.505 12.588 26.121 5.963 14.601 -2.391 2.127
7.614 12.612 27.082 6.593 14.296 -2.000 1.698
7.585 13.102 26.755 8.105 14.335 -1.972 1.791
7.370 13.164 26.509 7.299 14.516 -1.966 1.916
7.677 12.710 26.823 7.623 14.901 -2.073 2.563
7.665 12.944 26.237 6.128 14.711 -2.235 2.194
7.680 12.698 26.817 6.944 14.248 -1.627 1.734
7.651 12.444 27.153 7.134 14.364 -2.069 1.923
7.811 12.402 27.421 6.960 14.549 -1.517 1.959
7.677 12.190 27.086 7.702 14.458 -2.143 1.962
7.833 12.728 26.580 8.533 14.488 -1.922 1.827
7.500 12.422 26.760 7.239 14.593 -2.027 2.039
7.495 12.697 26.683 7.482 14.165 -2.094 1.913
7.619 12.415 27.512 6.377 14.472 -1.813 2.062
8.024 12.325 27.725 8.344 14.400 -1.816 1.834
7.344 12.827 26.713 7.363 14.655 -2.087 1.998
7.677 12.247 27.125 7.686 14.470 -2.089 2.112
7.491 12.733 26.733 7.626 14.521 -2.489 2.141
7.681 12.806 27.281 7.575 14.544 -2.134 2.210
7.364 12.913 25.791 7.621 14.740 -2.779 2.370
7.481 12.823 26.265 7.875 14.655 -2.162 2.048
7.666 12.386 27.454 8.451 14.364 -1.845 1.897
7.887 13.110 27.072 8.592 14.574 -1.802 1.922
7.424 12.770 27.644 7.136 14.358 -2.080 1.840
7.467 12.926 26.990 6.467 14.329 -2.013 2.020
7.774 13.208 27.001 7.938 14.530 -2.153 2.074
7.532 12.585 27.102 7.659 14.438 -2.214 2.014
7.443 12.749 26.143 7.489 14.834 -2.323 2.286
7.839 12.934 27.200 7.119 14.520 -2.004 1.945
7.532 12.585 27.102 7.659 14.438 -2.214 2.014
7.556 12.877 27.817 6.862 14.449 -2.005 2.192
7.749 13.034 26.525 7.504 14.409 -1.938 1.844
7.595 12.275 26.609 7.122 14.241 -2.173 1.974
7.778 12.614 27.444 6.921 14.338 -1.996 1.920
7.651 12.444 27.153 7.134 14.364 -2.069 1.923
7.679 12.677 26.786 6.914 14.651 -2.277 2.386
8.008 12.734 27.815 7.828 14.553 -1.282 1.986
7.649 12.481 27.379 7.028 14.445 -1.933 2.016
7.484 12.786 26.038 8.103 14.339 -2.297 1.717
7.900 12.571 27.559 6.796 14.139 -1.996 1.969
7.377 12.342 26.537 6.934 14.636 -2.346 2.282
7.677 12.190 27.086 7.702 14.458 -2.143 1.962
7.617 12.307 27.141 7.232 14.594 -2.134 2.206
7.472 12.504 26.513 8.125 14.412 -2.385 2.159
7.683 12.753 27.373 7.804 14.682 -1.819 2.026
7.696 12.560 26.860 7.842 14.488 -2.141 2.241
7.558 12.430 26.829 8.038 14.443 -2.206 1.954
7.493 12.981 26.393 7.450 14.582 -2.330 2.009
7.930 12.692 27.190 6.608 14.811 -1.738 2.186
7.445 12.809 26.643 7.353 14.523 -2.089 2.114
7.679 12.677 26.786 6.914 14.651 -2.277 2.386
7.518 12.883 26.911 7.147 14.664 -2.102 1.909
7.983 12.847 28.119 8.236 14.434 -1.711 2.208
7.670 12.311 26.887 7.243 14.500 -1.952 1.989
7.469 13.021 26.492 7.719 14.598 -2.316 2.012
7.535 12.611 26.969 7.620 14.492 -2.126 1.950
7.607 12.645 27.068 8.048 14.548 -1.889 2.014
7.555 12.600 27.168 7.603 14.565 -2.124 2.125
7.847 13.031 27.507 6.620 14.592 -1.598 1.964
7.894 13.093 27.380 6.199 14.583 -1.578 2.014
7.375 12.674 26.946 7.065 14.386 -2.137 1.821
7.757 12.367 27.079 7.590 14.475 -2.069 1.975
7.841 12.761 27.512 7.093 14.439 -1.843 2.225
7.892 12.363 27.917 6.719 14.344 -1.605 1.870
7.771 12.597 28.168 7.950 14.235 -1.628 1.798
7.201 12.386 26.189 7.462 14.635 -2.382 2.123
7.485 12.956 26.916 7.345 14.821 -2.136 2.164
7.382 13.021 26.667 7.129 14.574 -2.275 2.125
7.773 12.795 26.900 7.594 14.339 -2.215 2.059
7.486 12.590 26.170 7.263 14.536 -2.059 1.982
7.748 12.942 27.575 7.058 14.829 -1.902 2.394
7.681 12.806 27.281 7.575 14.544 -2.134 2.210
7.561 12.390 26.600 8.088 14.361 -2.226 1.971
7.294 13.338 26.336 8.179 14.573 -2.357 1.969
7.470 12.401 27.185 8.107 14.517 -2.049 2.042
7.437 12.196 26.773 7.498 14.530 -2.374 2.045
7.244 12.814 26.144 7.554 14.423 -2.253 1.970
7.687 12.559 26.864 7.521 14.536 -2.298 2.258
7.640 12.798 26.718 6.733 14.550 -2.103 1.978
7.661 12.584 26.733 7.731 14.657 -1.989 2.128
7.609 12.516 27.015 7.784 14.643 -2.113 2.202
7.728 12.963 27.282 7.414 14.517 -1.872 2.065
7.560 12.516 26.541 8.059 14.638 -2.136 2.064
7.589 12.791 27.060 7.228 14.584 -2.098 2.125
7.560 12.831 27.599 7.775 14.409 -1.927 2.148
7.819 13.104 26.367 7.889 14.944 -1.890 2.175
7.682 11.786 27.253 7.528 14.341 -2.089 1.945
7.311 12.598 26.726 7.125 14.542 -2.398 2.012
7.686 13.025 26.725 6.169 14.694 -2.081 2.242
7.641 12.150 26.167 9.674 14.538 -2.050 2.138
7.486 12.611 26.391 7.859 14.304 -2.204 1.867
7.528 12.904 26.781 7.125 14.832 -1.974 2.148
7.778 12.656 27.096 6.678 14.552 -1.703 1.921
7.561 12.391 27.112 7.264 14.577 -1.930 1.842
7.646 12.898 27.518 7.697 14.266 -1.992 1.945
7.413 12.536 26.464 7.888 14.484 -2.246 2.017
7.564 12.786 27.689 6.617 14.210 -2.042 1.884
7.419 12.620 26.224 6.906 14.791 -2.096 2.173
7.698 12.671 27.032 7.396 14.312 -2.090 2.093
7.787 12.829 26.837 7.811 14.468 -2.021 1.894
7.532 12.578 26.822 7.124 14.370 -2.140 1.834
7.521 12.484 27.269 7.734 14.102 -1.863 1.703
7.829 12.646 27.601 7.968 14.203 -1.629 1.775
7.312 12.863 26.847 7.242 14.644 -2.332 2.223
7.226 12.700 27.049 6.536 14.717 -2.305 2.095
7.421 12.595 26.067 7.753 14.664 -2.463 2.027
7.699 12.830 26.940 7.961 14.630 -2.144 2.221
7.535 12.585 26.242 7.324 14.703 -2.316 2.165
7.952 12.029 27.097 6.284 14.456 -1.755 1.960
7.481 12.823 26.265 7.875 14.655 -2.162 2.048
7.439 13.041 26.920 6.699 14.162 -2.359 1.792
7.607 12.645 27.068 8.048 14.548 -1.889 2.014
7.433 12.562 26.773 7.858 14.392 -2.295 2.030
7.680 13.033 26.557 7.716 14.584 -2.240 2.053
7.333 12.784 26.870 7.570 14.476 -2.329 2.040
7.653 12.490 27.353 7.134 14.015 -2.051 1.728
7.561 12.391 27.112 7.264 14.577 -1.930 1.842
7.681 12.806 27.281 7.575 14.544 -2.134 2.210
7.642 12.619 26.835 6.369 14.610 -2.305 2.184
7.515 12.498 26.669 6.827 14.476 -1.762 1.929
7.688 12.375 27.158 6.785 14.513 -2.076 2.014
7.581 12.786 27.308 6.817 14.369 -1.859 1.851
7.572 12.665 26.492 8.174 14.728 -2.076 2.027
7.414 12.660 27.423 7.837 14.402 -2.032 2.009
7.668 13.151 27.275 6.680 14.497 -2.096 2.078
7.941 12.992 27.154 7.833 14.749 -1.724 2.207
7.566 12.755 27.104 7.128 14.620 -1.642 1.879
7.679 12.897 27.503 6.019 14.512 -1.860 2.054
7.952 12.029 27.097 6.284 14.456 -1.755 1.960
7.420 12.350 27.187 7.327 14.443 -2.031 2.062
7.585 12.719 26.304 7.438 14.709 -2.225 2.060
7.601 12.398 27.164 7.001 14.644 -1.913 2.178
7.364 12.913 25.791 7.621 14.740 -2.779 2.370
7.771 12.665 27.171 6.047 14.436 -1.891 2.021
7.679 13.331 26.354 6.145 14.475 -2.060 1.927
7.688 12.647 27.324 7.977 14.235 -2.128 1.849
7.501 12.874 26.859 7.253 14.473 -2.169 2.079
7.798 12.434 27.549 7.383 14.073 -1.867 1.842
7.625 12.570 27.986 6.938 14.473 -1.834 2.148
7.469 12.576 26.822 7.497 14.504 -1.998 1.853
7.982 12.299 27.823 7.146 14.460 -1.701 2.055
7.676 12.472 26.404 7.379 14.700 -2.200 2.294
7.813 12.512 27.055 7.845 14.538 -2.101 2.124
7.622 12.736 26.818 6.709 14.488 -1.976 2.132
7.706 12.791 27.820 8.002 14.588 -1.932 2.226
7.468 11.925 26.945 5.658 14.431 -2.171 1.992
7.419 12.620 26.224 6.906 14.791 -2.096 2.173
7.359 12.974 26.659 7.824 14.499 -2.518 2.151
7.735 12.740 26.513 6.922 14.131 -2.357 1.887
7.597 12.939 27.018 7.768 14.424 -2.124 1.949
7.653 12.490 27.353 7.134 14.015 -2.051 1.728
7.729 13.248 26.551 7.453 14.597 -2.190 2.047
7.430 12.804 26.509 7.258 14.569 -2.226 2.003
7.027 12.889 26.213 7.919 14.325 -2.460 1.826
7.305 12.637 26.158 7.697 14.674 -2.408 2.229
7.510 12.390 27.003 7.015 14.272 -1.823 1.725
7.560 12.516 26.541 8.059 14.638 -2.136 2.064
8.110 12.263 28.054 6.547 14.515 -1.619 2.086
7.481 12.873 26.630 6.815 14.585 -1.998 1.919
7.674 12.519 26.549 8.168 14.189 -2.059 1.669
7.650 12.888 26.623 6.660 14.384 -2.128 2.082
7.637 13.197 27.264 7.149 14.583 -1.793 1.953
7.493 13.006 27.265 6.831 14.417 -1.836 1.719
7.863 12.780 26.833 7.190 14.486 -1.828 1.866
7.771 12.665 27.171 6.047 14.436 -1.891 2.021
7.646 12.571 27.070 8.034 14.495 -2.042 1.939
7.682 12.522 26.897 7.172 14.497 -2.034 1.951
7.834 12.470 27.448 7.155 14.105 -2.073 1.825
7.624 12.548 26.904 8.435 14.518 -2.118 1.980
7.511 12.865 26.983 7.193 14.367 -2.248 1.923
7.760 12.854 27.037 7.830 14.535 -2.142 2.121
7.547 12.368 27.307 7.315 14.283 -1.992 1.761
7.327 12.358 26.879 7.125 14.710 -2.376 2.164
7.597 12.939 27.018 7.768 14.424 -2.124 1.949
7.663 12.623 27.062 7.398 14.384 -2.221 2.072
7.504 13.216 27.208 6.924 14.521 -1.713 1.800
7.478 13.025 26.332 7.120 14.560 -2.049 2.063
7.477 12.741 26.371 7.579 14.882 -2.399 2.420
7.681 12.772 27.043 7.232 14.615 -1.786 1.971
7.979 12.920 27.862 7.511 14.630 -1.522 2.108
7.794 12.447 28.027 8.063 14.383 -1.835 2.135
7.395 12.722 26.298 7.931 14.689 -2.152 2.141
7.482 12.222 27.213 6.775 14.142 -1.962 1.852
7.558 12.174 26.784 7.722 14.354 -2.141 1.873
7.732 12.839 26.851 6.705 14.434 -2.052 1.954
7.573 12.933 27.050 6.170 14.604 -1.873 2.121
7.529 12.694 26.423 6.638 14.386 -2.173 1.864
7.679 12.842 27.322 7.922 14.337 -1.899 1.912
7.839 12.409 27.864 6.795 14.011 -2.108 1.839
7.603 12.858 26.688 8.120 14.430 -2.112 1.971
7.502 12.643 27.349 6.433 14.339 -2.038 1.899
7.765 12.490 27.471 7.009 14.333 -2.117 1.991
7.810 12.809 26.935 7.308 14.460 -1.958 1.969
7.777 12.642 26.893 6.589 14.304 -2.066 1.886
7.540 12.587 27.242 7.145 14.612 -2.072 2.328
7.687 12.875 27.194 7.297 14.432 -1.963 2.003
7.534 12.522 26.653 6.843 14.431 -1.871 1.793
7.896 12.633 27.579 7.668 14.524 -1.680 1.914
7.653 12.719 26.704 7.686 14.716 -1.965 2.144
7.243 12.642 26.207 7.207 14.727 -2.501 2.264
7.749 12.847 27.440 7.469 14.387 -1.894 1.947
7.496 12.620 26.580 7.699 14.658 -2.282 2.279
7.305 12.787 26.290 6.768 14.643 -2.502 2.240
7.418 12.954 26.760 6.258 14.517 -2.132 2.003
7.553 12.833 26.983 6.643 14.491 -2.247 2.052
7.810 12.552 27.408 7.051 14.381 -2.043 1.940
7.649 12.904 26.725 6.358 14.604 -2.266 2.225
7.412 12.790 26.775 7.604 14.495 -1.979 1.902
7.646 12.898 27.518 7.697 14.266 -1.992 1.945
7.233 12.899 26.748 6.403 14.704 -2.242 2.095
7.682 12.713 26.932 6.791 14.326 -2.051 1.906
7.676 12.472 26.404 7.379 14.700 -2.200 2.294
7.560 12.516 26.541 8.059 14.638 -2.136 2.064
7.479 12.883 26.761 8.215 14.287 -2.243 1.897
7.831 12.515 26.748 7.279 14.550 -2.024 2.052
7.494 12.801 26.691 7.719 14.556 -2.183 2.036
7.526 12.734 26.911 8.487 14.307 -2.087 1.844
7.482 12.347 27.185 6.926 14.194 -2.251 1.911
7.687 12.875 27.194 7.297 14.432 -1.963 2.003
7.729 12.530 27.622 7.146 14.305 -1.798 1.897
7.174 12.326 27.209 7.652 14.463 -2.160 1.960
7.513 12.656 26.727 8.152 14.425 -2.077 2.038
7.526 12.344 26.105 7.942 14.604 -2.494 2.362
7.619 12.415 27.512 6.377 14.472 -1.813 2.062
7.792 12.538 27.946 6.287 14.461 -1.723 1.946
7.696 12.340 26.294 8.406 14.496 -2.231 2.043
7.853 13.017 27.185 7.431 14.564 -1.653 1.895
7.460 12.673 26.920 6.932 14.663 -2.285 2.139
7.632 12.649 26.498 7.461 14.741 -2.061 2.063
7.660 12.574 26.908 6.816 14.442 -1.759 1.828
7.404 12.420 27.110 8.444 14.642 -2.069 2.118
7.774 13.208 27.001 7.938 14.530 -2.153 2.074
7.518 12.998 26.763 7.027 14.502 -2.354 2.135
7.376 12.026 27.206 7.124 14.516 -2.281 2.015
7.294 12.841 27.208 7.767 14.340 -2.204 2.113
7.831 12.519 27.180 8.000 14.182 -2.199 1.926
7.874 12.593 27.478 7.291 14.333 -1.922 2.049
7.761 13.027 26.837 7.253 14.430 -2.059 2.049
7.671 12.152 26.560 8.491 14.669 -2.271 2.200
7.853 13.017 27.185 7.431 14.564 -1.653 1.895
7.678 12.705 28.025 7.559 14.106 -1.714 1.762
7.390 12.578 26.546 8.087 14.698 -2.203 2.178
7.381 13.000 26.347 6.708 14.707 -2.331 2.055
7.696 12.340 26.294 8.406 14.496 -2.231 2.043
7.791 12.613 26.935 9.025 14.636 -2.024 2.212
7.510 12.521 26.908 7.923 14.501 -2.379 2.195
8.058 12.997 27.383 6.453 14.393 -1.539 1.907
7.377 12.830 26.440 8.034 14.448 -1.962 1.816
7.572 12.665 26.492 8.174 14.728 -2.076 2.027
7.469 13.021 26.492 7.719 14.598 -2.316 2.012
7.531 12.692 26.724 6.301 14.537 -2.250 2.182
7.608 12.430 27.487 8.051 14.371 -1.831 1.856
7.663 12.635 27.964 6.893 14.107 -1.680 1.707
7.422 13.030 26.872 7.612 14.455 -2.010 1.776
7.807 12.299 27.352 7.473 14.228 -1.944 1.823
7.831 12.515 26.748 7.279 14.550 -2.024 2.052
7.640 12.798 26.718 6.733 14.550 -2.103 1.978
7.438 12.737 25.992 7.250 14.596 -2.328 2.151
7.664 12.217 27.144 8.345 14.385 -2.002 2.000
7.874 12.469 27.002 6.516 14.086 -1.747 1.668
7.878 12.375 27.338 6.204 14.358 -1.707 1.718
7.683 12.393 26.581 7.928 14.600 -1.984 2.034
7.642 12.978 26.812 8.122 14.617 -2.201 2.010
7.544 12.695 27.469 7.453 14.390 -2.027 2.029
7.676 12.472 26.404 7.379 14.700 -2.200 2.294
7.962 12.560 27.186 7.604 14.334 -1.898 1.905
7.622 12.913 27.140 6.963 14.713 -2.180 2.302
7.941 12.807 27.680 6.665 14.313 -1.558 1.812
7.448 12.382 26.917 6.575 14.396 -2.112 2.048
7.676 12.591 27.194 7.265 14.367 -1.978 1.946
7.349 13.097 26.080 7.744 14.634 -2.309 1.975
7.025 12.768 25.872 7.886 14.812 -2.719 2.379
