7.560677 108.579580
7.749641 112.412658
7.695694 111.554833
7.632843 110.327015
7.673973 111.706496
7.561523 108.105233
7.641083 110.193717
7.025047 104.057298
7.887131 114.947799
7.334152 106.408661
7.532593 107.275530
7.500366 109.452512
7.873627 112.849910
7.447197 107.567079
7.431587 106.702926
7.770744 112.182160
7.293617 106.292408
7.427650 108.106768
7.877220 114.117414
7.468849 109.026785
7.818993 115.366191
7.075012 103.184546
7.673927 112.423945
7.575600 108.259765
7.551018 108.902021
7.851929 114.018228
7.699493 111.076528
7.605194 109.011155
7.874702 113.234297
7.751083 112.858881
7.201675 103.795608
7.536942 108.994450
7.386520 105.536207
7.678116 111.526592
7.952339 114.957757
7.808144 110.967980
7.597984 109.355455
7.422478 107.288332
7.675301 109.482033
7.792854 113.772033
7.611534 112.253166
7.981567 115.417178
7.685005 110.331957
7.700226 111.156636
7.680885 110.510676
7.318153 106.414052
7.761864 109.206342
7.796219 111.357752
7.469330 107.670510
7.779945 112.185961
7.735497 109.310287
7.745270 109.173373
7.631516 110.122504
7.330513 104.106233
7.679764 109.781995
7.510300 107.187028
7.494896 106.168142
7.287483 105.830466
7.809700 112.930653
7.585030 111.569107
7.397667 105.938578
7.349945 105.418531
7.339371 103.998008
7.790154 112.685588
7.515038 108.787255
7.847191 114.504842
7.745270 109.173373
7.597984 109.355455
7.438271 107.235652
7.748474 110.530869
7.681595 112.436375
7.531540 108.742163
7.856712 113.075628
7.681229 112.259167
7.395584 108.544445
7.684502 112.094052
7.564362 107.493192
7.530190 107.335913
7.763145 112.778013
7.687317 110.579325
7.686172 111.593872
7.453789 106.493480
7.676468 111.631252
7.680199 110.801523
7.635590 109.611308
7.427650 108.106768
7.676514 110.198942
7.698898 112.632951
7.602608 110.783030
7.764542 111.290723
7.673698 110.698063
7.685577 109.973637
7.556969 108.377251
7.265556 106.742486
7.386520 105.536207
7.678619 110.930176
8.041168 117.258623
7.640831 112.666117
7.643784 110.770344
7.328728 106.781188
7.673790 112.156393
7.629433 110.726832
7.386063 109.549200
7.617462 111.170059
7.666122 110.118571
7.988800 116.644452
7.805672 111.162490
7.532433 109.934590
7.368370 106.637816
7.489632 107.920105
7.348595 107.537205
7.790154 112.685588
7.565735 108.683930
7.540169 109.686156
7.579468 110.359732
7.529182 108.312927
7.833092 115.778993
7.485718 108.814012
7.287483 105.830466
7.687042 111.760116
7.585030 111.569107
7.556786 108.550951
7.688301 107.961753
7.559990 108.928574
7.929543 117.448194
7.783333 112.546379
7.994225 114.768197
7.674225 109.910065
7.684799 111.848205
7.594803 111.207426
7.552002 110.599654
7.247772 102.716204
8.058220 115.982739
7.458733 109.388480
7.677200 110.284255
7.590775 108.962613
7.473358 107.641228
7.649391 110.498532
7.386063 109.549200
7.792854 113.772033
7.437149 108.060481
7.601440 111.313684
7.573036 110.599063
7.637100 110.802191
7.626022 110.691384
7.376541 107.961020
7.951996 113.114396
7.687157 110.943994
7.395355 108.629831
7.506477 110.078242
7.294167 104.600172
7.900269 113.666328
7.326828 107.774600
7.597481 109.587514
7.640785 107.299958
7.505219 110.582450
7.445343 108.127564
7.480865 109.633974
7.741425 113.390745
7.599976 107.967330
7.678642 111.408231
7.506569 107.997456
7.389633 108.609671
7.851402 114.965577
7.500687 108.559529
7.169769 105.466290
7.851929 114.018228
7.631035 108.060395
7.671410 112.533250
7.332024 106.276844
7.891548 113.195686
7.637352 111.373241
7.614464 109.758827
7.573082 108.137947
7.515038 108.787255
7.608330 109.030788
8.156548 118.850342
7.837029 111.984745
7.394005 106.796608
7.778229 113.127212
7.592674 110.631749
7.658730 108.443744
7.789970 116.213274
7.546509 107.784571
7.684410 111.096348
7.896469 114.689751
7.600273 109.150102
7.546509 107.784571
7.306618 107.175002
7.419479 109.743848
7.708466 110.807972
7.501991 107.572880
7.607620 108.115334
7.756737 112.282171
7.470543 110.284233
7.764542 111.290723
7.622337 111.633046
7.652847 112.620462
7.737190 113.846067
7.529045 109.998642
7.412888 107.365629
7.479195 107.502635
7.627098 110.184540
7.842705 111.536982
7.530190 107.335913
7.461388 106.537004
7.825722 115.768794
7.485626 109.427275
7.615402 111.973744
7.682465 111.400259
7.331726 107.600874
7.624763 110.468883
7.614693 112.349894
7.748932 111.481787
7.232758 106.347903
7.369446 107.026835
7.343056 109.358257
7.730598 110.436259
7.416183 106.611857
7.594139 111.456588
7.328728 106.781188
7.528839 109.480955
7.628471 111.941177
7.737190 113.846067
7.670059 111.005575
7.622566 108.147307
7.408310 109.787996
7.569054 108.185737
7.688301 109.445952
7.710686 113.529474
7.573677 111.330279
7.599380 110.357837
7.520210 110.422689
7.547012 109.130111
7.792122 112.678482
7.491417 108.784116
7.676514 110.198942
7.784065 113.361795
7.434723 108.233895
7.573082 108.137947
7.435112 108.359973
7.761841 111.824854
7.605446 110.592011
7.408424 108.165572
7.866119 112.549281
7.678642 112.997801
7.619087 110.264838
7.701233 111.488648
7.623756 110.679750
7.808144 110.967980
7.481758 105.807138
7.592972 112.061531
7.671410 112.533250
7.692238 113.066395
7.557175 111.033290
7.394920 108.098299
7.521355 107.574388
7.423759 106.586737
7.499954 108.724974
7.812538 113.578359
7.626022 110.691384
7.696838 110.630328
7.668823 109.113441
7.661522 111.176883
7.688713 113.205784
7.683083 109.825135
7.703957 109.915450
7.607140 110.188724
7.680199 110.801523
7.583107 110.980110
7.616798 108.412755
7.334152 106.408661
7.837898 111.896271
7.394875 108.267331
7.745270 109.173373
7.595146 112.178484
7.404076 108.409461
7.489655 108.366143
7.876396 116.147003
7.244110 104.481534
7.951996 113.114396
7.673973 111.706496
7.411743 108.918282
7.601486 111.259276
7.512222 108.861080
7.763145 112.778013
7.792122 112.678482
7.225571 106.341229
7.391396 106.391509
7.660400 110.630228
7.685577 109.973637
7.649391 110.498532
7.863991 111.958849
7.564362 107.493192
7.421997 107.892856
8.110336 117.722961
7.265556 106.742486
7.685577 111.496240
7.620438 111.050195
7.674911 109.362015
7.615471 110.930601
7.501991 107.572880
7.683197 111.340764
7.476631 111.267568
7.632843 110.327015
7.901161 115.498079
7.763397 113.217264
7.685577 111.496240
7.174461 103.763416
7.294167 104.600172
7.505447 111.038727
7.596909 112.177077
7.332024 106.276844
7.620438 111.050195
7.907021 112.727511
7.378738 108.368430
7.492996 108.026253
7.521355 107.574388
7.411125 108.744864
7.494301 109.083654
7.832932 111.633888
7.645615 109.069069
7.894318 115.125875
7.343056 109.358257
7.966553 114.285512
7.808144 110.967980
7.583359 109.669930
7.075012 103.184546
7.247452 105.959134
7.486084 107.082931
7.682304 109.731112
7.678711 113.794284
7.763397 113.217264
7.631035 108.060395
7.759758 112.789987
7.684799 111.848205
7.557632 109.154654
7.991707 117.959531
7.557632 109.154654
7.592972 112.061531
7.703957 109.915450
7.666122 110.118571
7.681572 111.414833
7.722107 113.917180
7.687134 113.345931
7.794296 112.101493
7.678711 113.794284
7.368118 105.373438
7.894318 115.125875
7.470268 108.442806
7.489632 107.920105
7.653145 109.501765
7.435112 108.359973
7.748749 112.070659
7.486290 107.896229
7.528473 111.665117
7.683357 110.817009
7.491417 108.784116
7.682304 109.731112
7.664108 111.573635
7.877220 114.117414
7.311516 107.805554
7.675964 112.129397
7.431747 108.597973
7.694023 110.365464
7.339371 103.998008
7.498123 109.782157
7.687134 113.345931
7.435112 108.359973
7.525612 107.665552
7.621857 112.143971
7.501991 107.572880
7.343834 109.819627
7.715858 112.558281
7.833572 112.831936
7.568733 108.309453
7.681595 112.436375
7.557175 111.033290
7.673790 112.156393
7.594963 111.117498
7.657585 110.191652
7.681503 109.550163
7.594666 108.153509
7.380821 108.549633
7.406708 107.972043
7.521103 108.492408
7.603180 109.233041
7.559990 108.928574
7.583107 110.980110
7.869003 113.671877
7.693085 110.561299
7.324837 106.372128
7.812538 113.578359
7.345871 105.195268
7.837029 111.984745
7.569305 110.312632
7.917664 111.951376
7.678139 112.757738
7.682671 110.749085
7.365143 107.623706
7.270844 106.242685
7.682510 112.163117
7.075012 103.184546
7.450562 106.707803
7.431747 108.597973
7.648544 111.699765
7.536942 108.994450
7.560677 108.579580
7.687592 111.247242
7.540329 108.708554
7.490112 108.263705
7.671707 110.107858
7.799561 112.777323
7.677040 108.886428
7.686172 111.593872
7.602036 109.252772
7.736366 113.186577
7.629433 110.726832
7.810089 112.315025
7.622566 108.147307
7.343834 109.819627
7.678345 112.670650
7.218910 105.166108
7.628082 111.815994
7.270844 106.242685
7.679924 111.229105
7.649391 110.498532
7.744858 111.569655
7.580956 108.930281
7.643234 110.031877
7.572166 110.433027
7.332024 106.276844
7.512428 109.991396
7.469124 108.333845
7.614464 109.758827
7.761063 111.991329
7.676353 112.843308
7.891685 114.232109
7.465691 109.104081
7.574661 109.219042
7.542984 107.640601
7.631790 108.725485
7.587158 109.730279
7.601440 110.837233
7.761841 111.824854
7.688187 109.819249
7.627098 111.099929
7.684502 112.094052
7.412888 107.365629
7.325706 107.970293
7.686974 113.433268
7.679054 112.505553
7.687958 111.498634
7.401283 108.327159
7.676216 110.978988
7.573036 110.599063
7.673927 112.423945
7.818993 115.366191
7.532478 110.942673
7.628082 111.815994
7.501991 107.572880
7.607140 110.188724
7.334152 106.408661
7.495697 109.872387
7.378738 108.368430
7.683769 109.641585
7.687157 110.980409
7.599380 110.357837
7.615997 109.752209
7.579468 110.359732
7.673973 111.706496
7.590775 108.962613
7.777931 111.516351
7.479149 106.851195
7.749069 110.571138
7.479195 107.502635
7.601440 110.837233
7.465462 106.848165
7.506569 107.997456
7.853577 113.852095
7.676285 109.148415
7.688301 107.961753
7.537926 108.959476
7.874702 113.234297
7.375580 105.583787
7.677200 110.284255
7.673927 112.423945
7.517601 110.239692
7.560562 110.683447
7.260109 104.261815
7.529045 109.998642
7.631790 108.725485
7.343834 109.819627
8.024117 115.544037
7.527260 110.636763
7.692238 113.066395
7.532593 107.275530
7.303894 103.973393
7.527649 111.322184
7.988800 116.644452
7.683266 112.807818
7.480980 108.776712
7.422066 107.962235
7.450562 106.707803
7.437149 108.060481
7.869003 113.671877
7.439186 105.355306
7.343353 105.175584
7.376976 106.584103
7.615746 112.075309
7.685760 110.990632
7.485855 108.225843
7.613823 108.845952
7.355713 107.764826
7.568733 108.309453
7.706429 111.023664
7.578575 110.202073
7.389610 106.509396
7.890106 112.600608
7.607185 110.669135
7.678642 111.408231
7.547012 109.130111
7.558205 108.494054
7.459900 107.165345
7.549393 108.740367
7.849731 113.932300
7.695694 111.554833
7.631516 110.122504
7.729156 110.562718
7.445343 108.127564
7.564499 110.237085
7.411766 107.430432
7.441635 109.829418
7.678986 109.937962
7.481232 109.110943
7.404076 108.409461
7.721420 112.890897
7.775803 112.520401
7.684799 111.848205
7.744926 114.308151
7.556213 109.176807
7.535431 109.202348
7.485718 108.814012
7.561340 110.223096
7.638794 113.123942
7.513985 109.449345
7.790474 111.845426
7.559990 108.928574
7.580956 108.930281
7.380821 108.549633
7.483635 107.305184
7.406227 106.575873
7.607185 110.669135
7.534676 110.781533
7.676903 110.008057
7.851402 114.965577
7.472214 107.687893
7.683769 109.641585
7.682304 111.367713
7.633942 110.931386
7.420120 107.166453
7.828949 111.643757
7.951996 113.114396
7.506958 106.752447
7.615997 109.752209
7.494896 106.168142
7.380959 108.613163
7.832932 111.633888
7.839111 109.833453
7.529434 109.898240
7.744858 111.569655
7.326324 105.676014
7.511879 107.251423
7.386520 105.536207
7.684799 111.848205
7.247772 102.716204
7.775803 112.520401
7.866119 112.549281
7.749825 112.253160
7.549393 108.740367
7.489655 108.366143
7.832932 111.633888
7.594803 111.207426
7.698921 109.732006
7.468849 109.026785
7.678711 113.794284
7.684227 111.836843
7.592171 110.027439
7.726616 111.261546
7.592972 112.061531
7.339371 103.998008
7.630028 110.171001
7.683586 111.756496
7.343834 109.819627
7.678986 109.937962
7.679581 111.999851
7.979027 116.733242
7.635590 109.611308
7.279335 107.808432
7.874084 110.917951
7.650993 109.901840
7.681503 109.550163
7.247772 102.716204
7.882347 115.183468
7.613091 112.406488
7.386063 109.549200
8.110336 117.722961
7.592972 112.061531
7.593796 110.410729
7.695694 111.554833
7.280228 106.337324
7.940987 113.027322
7.303894 103.973393
7.797890 111.592179
7.657585 110.191652
7.375580 105.583787
7.748749 112.070659
7.489655 108.366143
7.616066 108.310342
7.614647 109.614281
7.688393 112.967761
7.505104 109.581860
7.553284 109.793548
7.468849 109.026785
7.679764 109.781995
7.853577 113.852095
7.349945 105.418531
7.961723 114.120758
7.977951 117.836163
7.447197 107.567079
7.421997 107.892856
7.558205 108.494054
7.480865 109.633974
7.705376 112.847845
7.765160 111.798545
7.475052 107.940864
7.326324 105.676014
7.686974 113.433268
7.489632 107.920105
7.547928 110.157635
7.380959 108.613163
7.437149 108.060481
7.440399 108.966201
7.684799 111.848205
7.503983 108.538932
7.812538 113.578359
7.678711 113.794284
7.616066 108.310342
7.686745 112.268286
7.927299 116.262818
7.394920 108.098299
7.692238 113.066395
7.419479 109.743848
7.568756 109.607828
7.757721 109.921894
7.512222 108.861080
7.556969 108.377251
7.730598 110.436259
7.375580 105.583787
7.395584 108.544445
7.732635 111.931915
7.504623 109.383044
7.675301 109.482033
7.525749 110.393984
7.633942 110.931386
7.599380 110.357837
7.819450 116.850169
7.728996 112.820638
7.479195 107.502635
7.833572 112.831936
7.552917 110.214359
7.648270 111.521997
8.057442 115.289812
7.417923 107.687813
7.645821 110.823352
7.423759 106.586737
7.678642 112.997801
7.662872 108.102412
7.830025 112.486169
7.666992 110.057502
7.532593 107.275530
7.629433 110.726832
7.653236 107.257220
7.716568 111.433599
8.041168 117.258623
7.678116 111.526592
7.343834 109.819627
7.927299 116.262818
7.613091 112.406488
7.680656 110.702220
7.611534 112.253166
7.461388 106.537004
7.866119 112.549281
7.808144 110.967980
7.949432 114.332625
7.485626 109.427275
7.376976 106.584103
7.611534 112.253166
7.438248 108.565798
7.743553 110.749627
7.743553 110.749627
7.589951 109.204798
7.504921 108.317227
7.075012 103.184546
7.529182 108.312927
7.756577 110.283299
7.583359 109.669930
7.668137 110.372815
7.751335 112.876602
7.677109 110.541274
7.265968 106.531652
7.672119 112.042921
7.680771 111.897478
7.395355 108.629831
7.421036 108.822422
7.304718 106.964030
7.641975 111.703085
7.381485 109.720532
7.814186 111.941435
7.670357 110.977348
7.809792 112.293671
7.728996 112.820638
7.536942 108.994450
7.668823 109.113441
7.622154 110.426522
7.617508 108.613607
7.684410 111.096348
7.813271 116.501592
7.505104 109.581860
7.613823 108.845952
7.584663 108.727292
7.369835 106.984191
7.676651 114.389512
7.664795 112.759353
7.679741 109.423012
7.650993 109.901840
7.810501 113.636269
7.676582 110.986846
7.832565 113.481763
7.500366 109.452512
7.494896 106.168142
7.619087 110.264838
8.024117 115.544037
7.344498 107.636682
7.677063 111.086359
7.491417 108.784116
7.681320 111.720311
7.364067 108.549387
7.480865 109.633974
7.666122 110.118571
7.887131 114.947799
7.423759 106.586737
7.466881 106.996250
7.774223 112.962364
7.531540 108.742163
7.442848 110.407876
7.838882 113.821254
7.531540 108.742163
7.556213 109.176807
7.748817 111.656237
7.594666 108.153509
7.777931 111.516351
7.650993 109.901840
7.679054 112.505553
8.008026 116.537553
7.649391 110.498532
7.483635 107.305184
7.899673 111.693848
7.376541 107.961020
7.676582 110.986846
7.617462 111.170059
7.472214 107.687893
7.683266 112.807818
7.695877 111.501083
7.557632 109.154654
7.493225 109.269257
7.929543 117.448194
7.445343 108.127564
7.679054 112.505553
7.517601 110.239692
7.983307 115.233444
7.669510 111.206293
7.468849 109.026785
7.535431 109.202348
7.607185 110.669135
7.554543 110.031745
7.847191 114.504842
7.894318 115.125875
7.374619 106.092530
7.756737 112.282171
7.840965 113.217125
7.891548 113.195686
7.771339 110.625284
7.200989 105.385711
7.485191 110.936916
7.382423 107.593250
7.773148 111.461706
7.485718 108.814012
7.747604 114.886708
7.681320 111.720311
7.560677 108.579580
7.293617 106.292408
7.470268 108.442806
7.437149 108.060481
7.244110 104.481534
7.686768 111.738061
7.640465 111.167667
7.661362 112.292198
7.609200 111.420829
7.727943 112.189972
7.559807 110.658982
7.589241 110.678420
7.559990 108.928574
7.819450 116.850169
7.682442 110.175259
7.310852 106.313366
7.685692 112.934115
7.640900 111.081478
7.486084 107.082931
7.528473 111.665117
7.778297 113.188852
7.561340 110.223096
7.645615 109.069069
7.412888 107.365629
7.564362 107.493192
7.419479 109.743848
7.698418 110.180726
7.786537 112.655191
7.531609 108.230299
7.520737 106.057676
7.829224 111.200557
7.312042 107.077478
7.225571 106.341229
7.421036 108.822422
7.698898 112.632951
7.534676 110.781533
7.952339 114.957757
7.480865 109.633974
7.439186 105.355306
7.607185 110.669135
7.433144 106.980546
7.679581 111.999851
7.333260 106.156881
7.653236 107.257220
7.561340 110.223096
7.681320 111.720311
7.641747 111.642483
7.515038 108.787255
7.688255 111.576880
7.580956 108.930281
7.571846 111.514554
7.414284 106.780266
7.667885 111.163270
7.940895 117.121327
7.565643 110.612366
7.678894 111.432628
7.952339 114.957757
7.420120 107.166453
7.585030 111.569107
7.601440 111.313684
7.364067 108.549387
7.770744 112.182160
7.678963 111.152278
7.688301 109.445952
7.500687 108.559529
7.797844 109.738972
7.624901 110.353857
7.469124 108.333845
7.981567 115.417178
7.676353 112.843308
7.812538 113.578359
7.622154 110.426522
7.706268 112.416205
7.468460 107.775021
7.419479 109.743848
7.359261 106.702393
7.735497 109.310287
7.597481 109.587514
7.653236 107.257220
7.728996 112.820638
7.430145 108.250810
7.026558 100.655205
7.304558 107.185131
7.510300 107.187028
7.559807 110.658982
8.110336 117.722961
7.481232 109.110943
7.673950 108.882459
7.649803 110.035289
7.637352 111.373241
7.492996 108.026253
7.862526 113.897298
7.770744 112.182160
7.645821 110.823352
7.682304 111.367713
7.834328 110.501850
7.623756 110.679750
7.510574 107.900869
7.759758 112.789987
7.546509 107.784571
7.326828 107.774600
7.597481 109.587514
7.662872 110.220705
7.503960 108.965429
7.477867 108.879856
7.476631 111.267568
7.681229 112.259167
7.979027 116.733242
7.794296 112.101493
7.395355 108.629831
7.481758 105.807138
7.558205 108.494054
7.731789 111.600863
7.573036 110.599063
7.529182 108.312927
7.678963 110.095948
7.839111 109.833453
7.602997 109.708668
7.501991 107.572880
7.764542 111.290723
7.809700 112.930653
7.777473 111.246957
7.539505 110.164714
7.687157 110.943994
7.533966 108.719145
7.896469 114.689751
7.652847 112.620462
7.242531 106.658043
7.748932 111.481787
7.495697 109.872387
7.304718 106.964030
7.417923 107.687813
7.553078 109.453488
7.810089 112.315025
7.648544 111.699765
7.411766 107.430432
7.645615 109.069069
7.232758 106.347903
7.681915 110.049275
7.676353 112.843308
7.559807 110.658982
7.479149 106.851195
7.831352 113.945432
7.494301 109.083654
7.525612 107.665552
7.482285 106.202403
7.687157 110.943994
7.729156 110.562718
7.174461 103.763416
7.513275 108.380838
7.525681 109.906888
7.619087 110.264838
7.792122 112.678482
7.695694 111.554833
7.853348 114.376616
7.459511 109.376287
7.632339 112.511514
7.660400 110.630228
7.404076 108.409461
7.774223 112.962364
7.518105 109.023815
7.375786 107.065993
7.294167 104.600172
7.830711 111.057476
7.873627 112.849910
7.761063 111.991329
7.671410 112.533250
7.853348 114.376616
7.677979 108.309217
7.389633 108.609671
7.380821 108.549633
7.695694 111.554833
7.791275 114.034234
7.510002 108.904700
8.058220 115.982739
7.376976 106.584103
7.571846 111.514554
7.468849 109.026785
7.531357 109.482864
7.608467 109.342792
7.662872 108.102412
7.422478 107.288332
7.807320 111.082046
7.831352 113.945432
7.640465 111.167667
7.438248 108.565798
7.664268 110.252269
7.874084 110.917951
7.877975 113.115719
7.682510 112.163117
7.641975 111.703085
7.544334 108.563838
7.676353 112.843308
7.961723 114.120758
7.621857 112.143971
7.940781 113.654064
7.447655 107.219621
7.675621 110.273288
7.348595 107.537205
7.025047 104.057298
