2.000000 125.291340 130.356149 120.226532
2.100000 129.329080 134.158321 124.499840
2.200000 133.235713 137.842400 128.629026
2.300000 137.013248 141.410759 132.615736
2.400000 140.663693 144.865800 136.461587
2.500000 144.189059 148.209941 140.168176
2.600000 147.591354 151.445610 143.737098
2.700000 150.872587 154.575218 147.169956
2.800000 154.034768 157.601145 150.468391
2.900000 157.079905 160.525707 153.634103
3.000000 160.010008 163.351130 156.668887
3.100000 162.827086 166.079514 159.574658
3.200000 165.533148 168.712812 162.353484
3.300000 168.130203 171.252801 165.007606
3.400000 170.620261 173.701074 167.539447
3.500000 173.005329 176.059041 169.951618
3.600000 175.287419 178.327942 172.246896
3.700000 177.468537 180.508869 174.428206
3.800000 179.550695 182.602805 176.498585
3.900000 181.535900 184.610661 178.461140
4.000000 183.426163 186.533312 180.319013
4.100000 185.223491 188.371638 182.075345
4.200000 186.929895 190.126546 183.733244
4.300000 188.547383 191.799002 185.295765
4.400000 190.077965 193.390040 186.765890
4.500000 191.523649 194.900773 188.146526
4.600000 192.886445 196.332399 189.440492
4.700000 194.168362 197.686199 190.650525
4.800000 195.371409 198.963535 191.779283
4.900000 196.497595 200.165844 192.829346
5.000000 197.548929 201.294634 193.803224
5.100000 198.527421 202.351476 194.703366
5.200000 199.435079 203.337997 195.532161
5.300000 200.273912 204.255876 196.291949
5.400000 201.045931 205.106834 196.985028
5.500000 201.753143 205.892634 197.613652
5.600000 202.397558 206.615072 198.180045
5.700000 202.981186 207.275971 198.686401
5.800000 203.506034 207.877182 199.134887
5.900000 203.974113 208.420578 199.527649
6.000000 204.387432 208.908049 199.866815
6.100000 204.747999 209.341502 200.154496
6.200000 205.057824 209.722859 200.392789
6.300000 205.318916 210.054052 200.583780
6.400000 205.533283 210.337022 200.729545
6.500000 205.702936 210.573720 200.832152
6.600000 205.829883 210.766104 200.893662
6.700000 205.916134 210.916136 200.916131
6.800000 205.963697 211.025783 200.901610
6.900000 205.974581 211.097018 200.852144
7.000000 205.950796 211.131813 200.769780
7.100000 205.894351 211.132145 200.656558
7.200000 205.807256 211.099993 200.514519
7.300000 205.691518 211.037335 200.345701
7.400000 205.549147 210.946151 200.152143
7.500000 205.382153 210.828423 199.935884
7.600000 205.192544 210.686130 199.698959
7.700000 204.982330 210.521253 199.443408
7.800000 204.753520 210.335773 199.171267
7.900000 204.508123 210.131670 198.884575
8.000000 204.248147 209.910922 198.585372
8.100000 203.975603 209.675510 198.275696
8.200000 203.692499 209.427410 197.957587
8.300000 203.400844 209.168602 197.633086
8.400000 203.102648 208.901062 197.304234
8.500000 202.799919 208.626766 196.973071
8.600000 202.494667 208.347693 196.641641
8.700000 202.188901 208.065817 196.311985
8.800000 201.884630 207.783115 195.986145
8.900000 201.583863 207.501564 195.666162
9.000000 201.288609 207.223139 195.354079
9.100000 201.000878 206.949819 195.051936
9.200000 200.722678 206.683582 194.761774
9.300000 200.456019 206.426407 194.485630
9.400000 200.202909 206.180275 194.225543
9.500000 199.965359 205.947170 193.983547
9.600000 199.745376 205.729077 193.761674
9.700000 199.544970 205.527985 193.561955
9.800000 199.366151 205.345886 193.386416
9.900000 199.210927 205.184776 193.237079
10.000000 199.081308 205.046655 193.115960
10.100000 198.979302 204.933531 193.025072
10.200000 198.906919 204.847417 192.966420
10.300000 198.866167 204.790333 192.942002
10.400000 198.859057 204.764306 192.953808
10.500000 198.887597 204.771375 193.003819
10.600000 198.953796 204.813589 193.094003
10.700000 199.059664 204.893007 193.226320
10.800000 199.207208 205.011704 193.402713
10.900000 199.398440 205.171768 193.625112
11.000000 199.635367 205.375306 193.895429
11.100000 199.919999 205.624442 194.215557
11.200000 200.254346 205.921322 194.587369
11.300000 200.640415 206.268116 195.012714
11.400000 201.080216 206.667020 195.493412
11.500000 201.575759 207.120259 196.031259
11.600000 202.129052 207.630090 196.628015
11.700000 202.742105 208.198806 197.285405
11.800000 203.416927 208.828738 198.005116
11.900000 204.155527 209.522260 198.788793
12.000000 204.959913 210.281792 199.638034
12.100000 205.832096 211.109805 200.554386
12.200000 206.774084 212.008821 201.539346
12.300000 207.787886 212.981420 202.594351
12.400000 208.875512 214.030240 203.720783
12.500000 210.038970 215.157980 204.919960
12.600000 211.280270 216.367399 206.193141
12.700000 212.601421 217.661316 207.541526
12.800000 214.004432 219.042608 208.966255
12.900000 215.491312 220.514204 210.468420
13.000000 217.064070 222.079075 212.049065
13.100000 218.724716 223.740227 213.709204
13.200000 220.475258 225.500687 215.449828
13.300000 222.317705 227.363487 217.271924
13.400000 224.254068 229.331642 219.176493
13.500000 226.286354 231.408141 221.164567
13.600000 228.416573 233.595917 223.237229
13.700000 230.646735 235.897837 225.395633
13.800000 232.978847 238.316679 227.641016
13.900000 235.414920 240.855127 229.974713
14.000000 237.956963 243.515757 232.398169
14.100000 240.606984 246.301033 234.912935
14.200000 243.366993 249.213312 237.520674
14.300000 246.238998 252.254844 240.223153
14.400000 249.225010 255.427784 243.022236
14.500000 252.327037 258.734201 245.919872
14.600000 255.547088 262.176093 248.918083
14.700000 258.887172 265.755395 252.018950
14.800000 262.349299 269.473998 255.224600
14.900000 265.935478 273.333759 258.537196
