8.066101 -409.206279
8.015240 -426.543567
9.312268 -363.814539
10.453635 -2065.592761
12.039061 -625.067978
10.903513 -1311.159889
10.738449 -1171.240638
7.926901 -630.731540
8.352928 -857.820454
9.419964 -1067.347926
11.038431 -511.939693
10.797446 4988.586970
8.982381 -482.045951
7.760618 -258.815610
7.841068 -324.968291
7.866094 -310.551507
7.532950 -258.753786
7.106951 -215.672291
7.281125 -333.705021
7.316463 -273.888699
7.026012 -268.124655
6.985926 -329.242698
6.849698 -242.804899
6.424444 -398.340816
6.330257 -243.792618
6.459277 -300.122895
8.780441 -423.442979
6.329758 -534.295036
6.507593 -276.020660
5.141725 -175.732465
7.466682 -490.536238
6.264334 -237.440587
5.445235 -215.829269
8.591373 -437.185097
7.479497 -273.298283
3.448421 -531.076505
5.469199 -426.200295
5.921926 6766.950000
5.968461 -352.755297
5.873288 -200.055710
2.483885 -123.849190
2.120446 -170.445608
5.396622 -249.584130
7.243452 -247.436790
6.045104 -231.033459
1.090991 558.499905
3.233624 -2110.845311
6.734953 -198.135289
6.295448 -172.941534
6.271392 -254.761801
7.132336 -191.942233
7.343573 -195.358950
7.089135 -168.838944
1.137974 -22038.433389
1.177201 31970.010498
6.562758 -164.427710
6.917760 -182.017710
7.925559 -232.217099
6.892522 -189.710010
8.873128 -297.481570
6.880965 -167.798394
5.647693 -257.451711
3.248301 -89.503506
1.583852 -217.144033
8.704861 -233.777876
8.654559 -245.197373
8.800342 -241.679213
3.464496 297.995107
4.461784 -117.160957
6.027701 -206.480902
6.460507 -134.863552
3.911467 -123.714819
3.756169 -163.540928
4.621125 -129.227340
6.020237 -229.628689
7.478904 -246.761439
10.812331 -486.349602
7.682072 -334.979100
10.103304 -292.304685
8.578894 -309.300973
9.044506 1728.372764
8.722161 -612.421801
8.995045 -1138.901711
7.001693 -227.982180
6.500719 -210.266359
4.963962 -498.772917
8.453015 -324.104262
6.078816 -1554.381380
7.940100 -222.822779
3.413864 -224.758713
7.393915 -183.718916
7.648419 -187.894295
7.667167 -168.338050
4.223286 -86.232758
6.532758 -107.262915
5.860641 -104.016747
3.049524 -69.556812
3.927026 247.537964
6.652515 -112.423936
6.452698 -146.101783
7.528849 -203.086905
