2.000000 35817244.909696
2.100000 35534462.383211
2.200000 35258863.601318
2.300000 34988024.711443
2.400000 34722961.039154
2.500000 34463436.016725
2.600000 34218757.440856
2.700000 33975490.327907
2.800000 33741286.353552
2.900000 33522707.762750
3.000000 33308706.804175
3.100000 33101844.979965
3.200000 32902551.448102
3.300000 32710779.851722
3.400000 32529080.166300
3.500000 32359342.295147
3.600000 32197755.834557
3.700000 32046769.342137
3.800000 31905225.048356
3.900000 31769237.990923
4.000000 31633817.474180
4.100000 31519084.276861
4.200000 31406849.955346
4.300000 31306410.798626
4.400000 31213995.982689
4.500000 31134293.603602
4.600000 31055535.213845
4.700000 30982852.203347
4.800000 30920138.075370
4.900000 30862249.436144
5.000000 30804641.783307
5.100000 30753431.748134
5.200000 30706166.225506
5.300000 30661912.138144
5.400000 30621275.334568
5.500000 30584553.319422
5.600000 30551079.299587
5.700000 30523660.310025
5.800000 30498951.575470
5.900000 30476633.825950
6.000000 30455564.663319
6.100000 30435533.374111
6.200000 30420222.696008
6.300000 30406574.015631
6.400000 30394961.318270
6.500000 30383028.020241
6.600000 30371370.296724
6.700000 30360030.917060
6.800000 30346471.503872
6.900000 30337384.219340
7.000000 30334436.911120
7.100000 30330768.160120
7.200000 30326898.075520
7.300000 30324185.872091
7.400000 30322067.254751
7.500000 30320676.104334
7.600000 30320017.379407
7.700000 30320316.628742
7.800000 30320418.063491
7.900000 30321658.239532
8.000000 30323368.553491
8.100000 30325390.615737
8.200000 30327697.302343
8.300000 30330281.249172
8.400000 30333128.874194
8.500000 30336219.099163
8.600000 30339525.553935
8.700000 30343020.190505
8.800000 30346688.641667
8.900000 30350615.977817
9.000000 30355323.488496
9.100000 30359775.239378
9.200000 30362187.263723
9.300000 30366850.766021
9.400000 30372127.246764
9.500000 30377464.191058
9.600000 30382828.669487
9.700000 30388240.959357
9.800000 30393715.910422
9.900000 30399260.424587
10.000000 30404876.079001
10.100000 30410561.186633
10.200000 30416312.083911
10.300000 30422123.926086
10.400000 30427991.194673
10.500000 30433908.033150
10.600000 30439868.474827
10.700000 30445866.599057
10.800000 30451896.637523
10.900000 30457953.044688
11.000000 30464030.542093
11.100000 30470124.143572
11.200000 30476229.166640
11.300000 30482341.234038
11.400000 30488456.268459
11.500000 30494570.482696
11.600000 30500680.366908
11.700000 30506782.674211
11.800000 30512874.405489
11.900000 30518952.794012
12.000000 30525015.290307
12.100000 30531059.547538
12.200000 30537083.407564
12.300000 30543084.887769
12.400000 30549062.168711
12.500000 30555013.582584
12.600000 30560937.602487
12.700000 30566832.832463
12.800000 30572697.998255
12.900000 30578531.938753
13.000000 30584333.598074
13.100000 30590102.018224
13.200000 30595836.332308
13.300000 30601535.758232
13.400000 30607199.592873
13.500000 30612827.206660
13.600000 30618418.038554
13.700000 30623971.591375
13.800000 30629487.427461
13.900000 30634965.164629
14.000000 30640404.472410
14.100000 30645805.068546
14.200000 30651166.715717
14.300000 30656489.218491
14.400000 30661772.420472
14.500000 30667016.201639
14.600000 30672220.475856
14.700000 30677385.188543
14.800000 30682510.314499
14.900000 30687595.855860
15.000000 30692641.840186
