7.848 13.105 27.880 7.300 15.622 -0.815 4.146 -1.170 -0.755 0.600 -0.128
7.476 12.816 26.650 8.288 16.366 -0.714 5.705 -2.356 -1.339 1.365 -0.289
7.879 12.451 28.175 7.062 15.201 -1.200 4.128 -0.861 -0.991 0.379 0.089
7.958 12.440 27.816 6.764 15.547 -0.513 3.756 -1.390 -0.383 0.720 -0.316
8.280 12.982 28.309 7.049 15.548 -0.957 4.201 -1.113 -0.840 0.711 -0.182
7.687 12.765 26.935 6.797 15.976 -0.960 4.686 -0.998 -1.223 0.222 0.303
7.611 12.655 27.224 7.419 15.686 -0.814 4.598 -1.332 -1.131 0.603 -0.011
7.845 12.935 28.536 7.016 15.493 0.669 3.711 -2.610 0.036 1.081 -0.483
7.793 12.885 27.643 7.059 16.106 -0.303 4.647 -1.713 -1.090 0.720 0.001
7.883 12.912 27.831 7.146 15.805 -0.609 4.362 -1.435 -0.750 0.654 -0.134
7.660 12.751 27.694 6.665 15.520 -0.719 3.972 -1.581 -0.674 0.686 -0.109
7.981 12.622 28.095 8.510 16.030 -0.249 4.645 -1.740 -0.928 0.698 -0.092
7.801 12.627 27.475 7.672 15.384 -0.736 4.227 -1.577 -0.773 0.659 -0.047
7.758 12.673 27.046 7.452 15.249 -1.654 3.610 -0.570 -0.622 0.264 -0.037
8.144 13.000 28.126 6.900 15.406 -0.801 3.467 -1.008 -0.258 0.394 -0.153
7.912 12.432 27.917 8.973 15.511 -0.175 4.202 -1.756 -0.991 0.850 -0.020
7.634 12.607 28.193 7.746 15.833 0.440 4.278 -2.548 -0.466 1.081 -0.367
7.711 12.925 27.392 8.559 15.861 -0.959 4.915 -1.216 -1.177 0.517 0.016
7.687 12.765 26.935 6.797 15.976 -0.960 4.686 -0.998 -1.223 0.222 0.303
7.688 12.690 26.377 7.745 15.781 -2.308 4.271 0.506 -1.233 -0.347 0.361
7.880 13.164 27.676 7.180 15.353 -0.539 3.748 -1.426 -0.624 0.707 -0.186
8.193 12.952 28.096 7.285 15.356 -0.176 3.772 -2.027 -0.202 1.143 -0.618
7.824 12.747 27.613 6.968 15.596 -0.472 4.035 -1.674 -0.585 0.740 -0.241
7.867 12.839 28.028 6.813 15.458 -0.705 4.347 -1.498 -1.082 0.777 -0.089
8.065 12.373 28.301 7.989 15.295 -0.297 4.081 -1.675 -0.811 0.841 -0.230
7.559 12.896 27.366 7.637 15.703 -0.466 3.872 -2.094 -0.190 0.933 -0.352
8.054 12.286 28.689 7.548 15.474 -0.295 3.737 -1.776 -0.104 0.887 -0.536
8.029 13.071 28.640 7.648 15.540 -0.361 4.133 -1.563 -0.873 0.690 -0.031
7.710 13.180 27.050 8.315 15.479 -0.829 3.562 -0.914 -0.663 0.463 -0.063
7.493 12.878 26.420 8.250 16.167 -1.297 4.671 -1.623 -0.776 0.880 -0.251
7.883 12.912 27.831 7.146 15.805 -0.609 4.362 -1.435 -0.750 0.654 -0.134
7.688 12.871 27.261 7.994 15.778 -0.459 4.302 -1.812 -0.666 0.762 -0.133
7.757 12.590 27.979 8.230 15.740 0.316 4.327 -2.252 -0.634 0.898 -0.219
8.018 12.929 27.888 7.245 15.365 -0.717 4.335 -1.427 -1.004 0.585 0.015
7.580 12.832 27.250 7.342 15.411 -0.287 3.949 -2.230 -0.372 1.074 -0.402
7.729 13.386 27.034 6.606 15.551 -1.470 4.075 -0.548 -1.028 0.257 0.051
7.830 12.894 28.373 6.753 15.722 -0.977 4.777 -1.118 -1.355 0.581 0.111
7.751 13.117 28.151 7.420 15.793 -0.297 4.236 -1.810 -0.494 0.834 -0.313
8.003 12.391 27.473 7.274 15.399 -1.091 4.151 -1.179 -0.725 0.493 -0.097
7.641 12.677 27.389 6.112 15.660 -1.500 4.452 -1.047 -0.900 0.693 -0.150
7.774 12.651 27.813 6.838 15.390 -1.286 3.904 -0.699 -0.841 0.342 -0.006
7.629 12.785 27.548 6.713 15.105 -0.557 3.577 -1.982 -0.379 0.942 -0.330
7.724 13.057 28.012 5.908 15.303 -0.094 3.750 -2.006 -0.546 0.857 -0.180
7.727 12.921 26.983 7.786 15.574 -1.608 4.566 -0.707 -1.358 0.278 0.229
7.762 12.736 27.336 7.862 15.387 -1.644 4.340 -0.607 -1.100 0.298 0.080
7.758 12.673 27.046 7.452 15.249 -1.654 3.610 -0.570 -0.622 0.264 -0.037
7.676 12.822 27.314 7.695 15.567 -0.762 3.589 -1.459 -0.319 0.552 -0.225
7.770 12.833 28.366 6.248 15.733 0.905 3.899 -3.309 0.369 1.497 -0.844
7.940 12.681 28.018 7.375 16.221 -0.410 5.098 -1.763 -0.991 0.827 -0.229
7.965 12.822 27.005 8.276 16.014 -1.430 4.679 -0.591 -1.216 0.172 0.176
7.509 12.985 26.374 8.612 15.906 -0.704 4.280 -1.843 -0.782 0.822 -0.148
7.799 12.455 26.845 8.482 15.394 -1.379 3.894 -0.681 -0.948 0.138 0.248
7.914 12.719 27.718 6.677 15.447 -1.116 4.222 -0.868 -0.983 0.449 -0.025
8.023 12.557 28.271 7.705 15.607 -0.295 3.996 -1.256 -0.924 0.494 0.035
7.853 13.187 28.159 7.020 15.312 -0.490 3.417 -1.487 -0.030 0.735 -0.492
7.836 12.880 26.962 7.356 15.689 -1.044 4.269 -1.256 -0.890 0.615 -0.089
8.006 12.729 28.290 6.807 15.276 0.684 3.036 -2.790 0.605 1.351 -0.911
7.469 12.791 27.006 7.653 15.717 -0.152 3.976 -2.251 -0.271 1.197 -0.549
7.883 12.912 27.831 7.146 15.805 -0.609 4.362 -1.435 -0.750 0.654 -0.134
7.923 12.849 28.296 7.065 15.378 -0.302 3.720 -1.606 -0.335 0.769 -0.316
7.861 12.585 27.705 7.754 15.498 -0.078 3.830 -1.960 -0.483 0.868 -0.230
7.983 12.940 27.336 7.742 15.386 -0.522 3.753 -1.535 -0.588 0.737 -0.171
7.999 12.848 28.187 7.384 15.578 -0.087 4.294 -1.738 -0.872 0.789 -0.095
8.309 12.847 28.800 6.571 15.513 1.022 4.030 -2.660 -0.410 1.382 -0.538
7.704 12.729 27.582 6.540 15.613 -1.147 4.624 -1.008 -1.226 0.445 0.107
8.496 12.920 28.788 8.435 15.719 0.645 4.295 -2.345 -0.524 1.238 -0.494
7.767 12.876 27.611 7.717 15.665 -0.910 4.127 -1.118 -0.764 0.514 -0.119
7.736 13.113 27.961 7.357 15.367 0.012 3.161 -2.456 0.510 1.163 -0.753
7.795 12.655 26.784 7.520 15.797 -1.044 4.495 -1.092 -1.166 0.545 0.056
7.688 12.690 26.377 7.745 15.781 -2.308 4.271 0.506 -1.233 -0.347 0.361
8.087 12.957 27.848 7.702 15.539 -0.186 3.880 -1.611 -0.602 0.747 -0.216
7.742 12.633 27.419 7.168 15.609 -0.771 3.992 -1.512 -0.648 0.701 -0.149
7.583 12.771 28.302 7.551 15.487 -0.274 4.110 -1.842 -0.467 0.789 -0.261
8.194 13.488 28.090 6.057 15.653 0.885 3.855 -2.809 -0.025 1.238 -0.598
7.930 12.840 27.743 7.741 15.427 -0.942 3.908 -1.090 -0.643 0.493 -0.122
7.826 12.752 27.649 7.387 15.973 -0.005 4.658 -2.285 -0.795 0.916 -0.167
7.944 12.620 28.007 6.580 15.280 -0.673 4.028 -1.885 -0.583 0.985 -0.316
7.510 12.572 27.569 7.191 15.618 -1.804 4.347 -0.126 -1.329 0.102 0.267
7.883 12.912 27.831 7.146 15.805 -0.609 4.362 -1.435 -0.750 0.654 -0.134
7.830 12.736 27.189 8.175 15.643 -0.502 3.749 -1.882 -0.104 0.914 -0.526
7.971 12.586 28.089 6.735 15.696 -0.453 4.599 -1.254 -1.138 0.426 0.095
7.896 12.860 28.088 8.106 15.732 -0.116 3.949 -1.783 -0.481 0.721 -0.211
7.814 12.764 27.296 7.306 16.329 -1.087 5.096 -1.005 -1.274 0.480 0.084
7.547 12.750 27.529 7.236 15.516 -0.970 4.151 -1.130 -0.781 0.435 -0.027
7.904 12.780 27.828 7.265 15.539 -0.472 4.147 -1.678 -0.788 0.725 -0.130
8.018 12.929 27.888 7.245 15.365 -0.717 4.335 -1.427 -1.004 0.585 0.015
7.740 12.371 27.248 7.368 15.343 -1.291 4.182 -0.888 -0.982 0.438 -0.024
7.691 12.924 27.408 7.525 15.375 -0.610 3.686 -1.532 -0.333 0.617 -0.198
7.783 13.414 28.075 6.331 15.529 -0.114 3.930 -2.205 -0.348 0.985 -0.376
7.644 12.900 27.657 6.723 16.054 -1.435 5.121 -1.026 -1.411 0.538 0.103
7.894 12.821 28.307 7.325 15.510 -0.734 4.155 -1.152 -0.782 0.532 -0.047
8.227 13.123 29.036 7.270 15.509 0.588 3.880 -2.606 -0.089 1.269 -0.646
7.823 13.073 28.217 8.135 15.791 -0.238 4.677 -1.662 -1.151 0.660 0.064
7.555 12.951 27.789 7.133 15.933 -0.049 4.766 -2.051 -1.010 0.767 -0.037
8.005 13.022 27.966 7.805 15.640 -0.671 4.178 -1.144 -1.113 0.428 0.175
7.614 13.079 27.307 6.993 15.356 -1.333 3.840 -0.568 -0.861 0.317 0.003
8.261 13.068 28.282 6.786 15.683 -0.140 4.466 -1.708 -0.922 0.832 -0.131
7.786 12.556 27.803 8.598 15.382 -0.459 4.056 -1.521 -0.768 0.671 -0.106
7.770 12.833 28.366 6.248 15.733 0.905 3.899 -3.309 0.369 1.497 -0.844
7.751 13.117 28.151 7.420 15.793 -0.297 4.236 -1.810 -0.494 0.834 -0.313
7.754 12.961 27.248 7.695 15.540 -1.396 4.696 -1.083 -1.356 0.533 0.126
7.776 12.912 27.816 7.665 15.803 -0.400 4.334 -1.761 -0.613 0.804 -0.228
7.629 12.822 27.086 8.942 15.845 -0.833 4.346 -1.604 -0.484 0.818 -0.375
7.695 12.804 27.452 7.775 15.649 -0.545 4.198 -1.671 -0.599 0.725 -0.186
7.450 12.955 27.179 8.745 16.197 -1.513 5.072 -0.828 -1.512 0.486 0.116
7.607 12.632 27.042 7.632 15.847 -1.288 5.028 -1.254 -1.429 0.706 0.055
7.762 12.736 27.336 7.862 15.387 -1.644 4.340 -0.607 -1.100 0.298 0.080
8.188 13.247 28.437 7.783 15.543 0.594 4.375 -2.569 -0.793 1.401 -0.462
7.791 12.689 27.177 7.702 15.613 -1.463 4.100 -0.635 -0.882 0.169 0.110
7.805 12.581 27.652 7.771 15.232 -1.062 3.351 -0.998 -0.317 0.464 -0.178
7.734 12.747 27.768 7.848 15.698 -0.245 3.959 -1.860 -0.362 0.958 -0.417
8.005 12.341 28.514 7.949 15.498 -0.016 4.015 -2.027 -0.559 1.095 -0.437
8.115 12.988 28.179 7.867 16.150 0.361 5.200 -2.352 -1.305 1.074 -0.131
7.740 12.258 28.336 7.825 15.463 -0.115 3.507 -2.007 0.069 0.895 -0.501
7.571 13.018 27.961 5.868 15.395 -0.977 3.856 -1.677 -0.256 0.943 -0.483
7.822 13.179 27.135 7.894 15.785 -1.002 4.222 -1.082 -0.883 0.479 -0.058
8.084 12.710 27.951 7.916 15.579 -0.577 4.088 -1.649 -0.507 0.801 -0.315
7.610 12.506 27.409 7.934 15.631 -0.431 4.543 -2.060 -0.941 0.941 -0.156
7.908 12.551 28.158 6.861 15.480 -0.762 4.037 -0.969 -0.690 0.406 -0.086
7.794 13.060 27.717 7.408 15.390 -1.040 3.905 -1.022 -0.855 0.423 0.012
7.775 12.888 27.003 7.964 15.930 -0.752 4.048 -1.365 -0.720 0.633 -0.125
8.070 13.211 28.678 7.447 15.601 0.478 3.831 -2.917 0.084 1.501 -0.833
7.399 12.732 26.674 8.061 15.947 -0.638 4.368 -2.181 -0.742 1.113 -0.302
7.917 12.771 27.675 6.830 15.345 -1.012 3.590 -0.963 -0.386 0.385 -0.168
7.610 12.506 27.409 7.934 15.631 -0.431 4.543 -2.060 -0.941 0.941 -0.156
7.913 13.075 27.758 6.983 15.390 -0.660 3.837 -1.349 -0.528 0.492 -0.126
7.914 12.719 27.718 6.677 15.447 -1.116 4.222 -0.868 -0.983 0.449 -0.025
7.683 12.101 27.946 6.543 15.562 -0.798 4.314 -0.933 -1.008 0.195 0.187
7.805 12.581 27.652 7.771 15.232 -1.062 3.351 -0.998 -0.317 0.464 -0.178
7.845 12.935 28.536 7.016 15.493 0.669 3.711 -2.610 0.036 1.081 -0.483
8.025 12.708 28.222 7.378 15.936 -0.012 5.027 -1.805 -1.241 0.642 0.065
8.231 13.003 27.721 7.724 15.105 -0.732 2.797 -1.065 0.023 0.588 -0.399
7.630 12.565 27.229 7.745 16.113 -0.290 4.744 -1.847 -0.857 0.887 -0.229
7.602 12.939 27.263 7.119 15.620 -0.531 4.076 -1.700 -0.633 0.839 -0.239
7.994 12.855 28.235 7.982 15.328 -1.148 4.137 -0.917 -0.863 0.508 -0.094
7.735 12.595 27.586 5.865 15.294 -1.282 3.901 -1.004 -0.728 0.414 -0.047
7.751 12.984 27.780 7.806 15.754 -0.063 4.282 -2.047 -0.602 0.893 -0.262
7.686 13.095 27.688 7.289 15.750 -0.494 4.015 -1.631 -0.335 0.672 -0.275
7.898 13.135 27.846 7.747 15.415 -0.190 3.609 -1.967 -0.131 0.966 -0.478
7.927 12.481 27.201 7.677 15.259 -0.931 3.489 -1.288 -0.320 0.700 -0.339
7.860 12.659 27.362 7.721 15.518 -1.417 4.121 -0.402 -1.100 0.145 0.152
7.762 13.019 28.159 6.307 16.026 0.434 4.451 -2.089 -0.723 0.913 -0.268
7.758 12.570 27.559 7.822 15.679 0.121 3.819 -2.322 -0.187 0.931 -0.400
7.909 12.859 27.953 7.711 15.533 -0.038 4.163 -1.999 -0.740 0.937 -0.195
7.776 13.060 27.814 7.043 15.922 0.054 4.389 -1.854 -0.671 0.731 -0.185
7.945 12.666 28.565 6.862 15.196 -0.279 4.160 -1.805 -0.951 0.960 -0.149
7.814 12.764 27.296 7.306 16.329 -1.087 5.096 -1.005 -1.274 0.480 0.084
7.886 12.540 28.659 7.552 15.784 0.914 3.679 -2.894 0.051 1.291 -0.629
7.644 12.900 27.657 6.723 16.054 -1.435 5.121 -1.026 -1.411 0.538 0.103
7.886 12.814 27.736 7.483 15.510 -0.524 3.845 -1.667 -0.491 0.766 -0.215
7.766 12.693 27.694 8.019 15.593 -0.438 4.120 -1.483 -0.661 0.673 -0.194
7.791 12.948 27.857 7.861 16.003 -0.500 4.835 -1.545 -1.136 0.585 0.093
7.768 12.678 28.127 7.155 16.346 0.514 4.906 -2.773 -0.560 1.245 -0.443
7.578 12.712 27.854 6.660 16.087 -0.227 4.456 -1.925 -0.693 0.857 -0.243
7.927 12.918 27.951 6.510 15.513 -0.364 3.957 -1.814 -0.495 0.775 -0.262
7.951 12.942 28.048 6.675 15.703 -0.534 4.417 -1.438 -0.807 0.582 -0.057
7.717 12.164 27.494 6.935 15.525 -1.283 3.966 -0.959 -0.730 0.444 -0.062
7.791 12.948 27.857 7.861 16.003 -0.500 4.835 -1.545 -1.136 0.585 0.093
7.847 11.984 28.506 8.078 15.395 0.119 4.044 -2.118 -0.583 0.830 -0.181
7.727 13.091 27.338 8.609 15.886 -1.009 4.706 -1.195 -1.264 0.543 0.123
7.700 12.450 27.794 7.457 15.811 -0.131 4.400 -1.977 -0.703 0.824 -0.169
7.451 12.949 27.066 8.057 15.900 -0.678 4.867 -1.952 -1.155 1.246 -0.349
8.421 12.520 28.421 8.150 15.082 0.393 3.524 -2.382 -0.260 1.202 -0.524
7.575 12.842 28.519 7.068 16.006 0.061 4.899 -2.338 -1.018 1.112 -0.185
7.444 12.396 27.372 6.085 15.792 -1.345 4.735 -1.401 -1.147 0.818 -0.101
7.844 12.635 28.473 7.556 15.503 -0.162 3.698 -1.745 -0.498 0.735 -0.175
7.702 12.963 28.866 7.505 15.475 -0.294 4.004 -1.616 -0.798 0.661 -0.086
8.083 13.362 28.118 8.721 15.599 0.522 3.374 -2.339 0.023 1.143 -0.567
7.746 13.304 27.662 7.385 15.635 -0.417 3.340 -1.892 0.110 0.917 -0.545
7.676 12.998 27.383 7.255 15.287 -1.404 3.883 -0.945 -0.611 0.295 -0.028
7.824 12.679 27.861 7.716 14.937 -0.740 2.566 -1.264 0.293 0.540 -0.393
7.766 12.866 27.814 7.479 15.749 -0.616 4.456 -1.573 -0.836 0.677 -0.105
7.541 12.917 27.567 7.713 15.815 -0.619 4.225 -1.795 -0.811 0.853 -0.172
7.741 13.053 27.774 7.574 15.470 0.417 3.283 -2.300 0.402 1.012 -0.680
7.648 13.060 26.796 7.784 15.971 -1.234 4.657 -1.224 -1.015 0.683 -0.146
7.396 12.556 27.568 7.961 15.953 0.129 4.769 -2.877 -0.528 1.391 -0.492
7.798 12.904 27.192 7.416 15.754 -1.312 4.551 -1.014 -1.098 0.589 -0.069
7.833 13.263 27.884 8.504 15.647 0.060 4.043 -2.070 -0.468 0.803 -0.225
7.818 13.111 27.515 7.896 15.790 -1.296 4.658 -1.115 -1.160 0.523 0.070
7.844 12.570 27.428 7.976 15.478 -1.099 3.952 -1.358 -0.552 0.640 -0.177
7.766 12.693 27.694 8.019 15.593 -0.438 4.120 -1.483 -0.661 0.673 -0.194
7.643 12.586 28.119 6.944 15.684 -0.679 4.933 -1.912 -1.079 0.878 -0.165
7.989 13.235 27.721 7.206 15.473 -0.561 3.738 -1.266 -0.636 0.588 -0.134
8.050 12.644 27.814 7.476 15.634 -0.610 4.626 -1.800 -1.083 0.930 -0.154
8.028 12.805 28.517 7.767 15.709 0.485 4.010 -2.378 -0.315 1.060 -0.394
7.913 13.075 27.758 6.983 15.390 -0.660 3.837 -1.349 -0.528 0.492 -0.126
8.011 12.626 28.039 7.012 15.849 -0.007 4.174 -1.734 -0.617 0.765 -0.143
7.803 12.628 27.681 7.739 15.684 -0.111 4.052 -2.077 -0.460 0.922 -0.283
8.180 12.905 27.608 7.217 15.654 -0.230 4.150 -1.688 -0.677 0.808 -0.205
7.864 13.037 27.203 8.369 16.549 -1.177 6.123 -1.179 -2.078 0.596 0.298
7.872 12.803 27.428 8.595 15.744 -0.970 4.179 -1.072 -0.792 0.460 -0.033
8.029 13.071 28.640 7.648 15.540 -0.361 4.133 -1.563 -0.873 0.690 -0.031
7.557 12.724 28.062 6.894 15.892 -0.695 4.650 -2.011 -0.882 1.301 -0.461
7.698 12.855 27.731 7.839 15.384 0.229 3.230 -2.650 0.040 1.231 -0.527
7.553 12.916 27.590 6.316 15.588 -0.717 4.241 -1.570 -0.791 0.883 -0.237
7.636 12.771 27.514 7.605 16.051 -0.898 4.967 -1.269 -1.483 0.693 0.095
7.553 12.600 27.954 7.174 15.702 -0.506 4.016 -1.715 -0.503 0.876 -0.339
7.527 12.667 26.911 7.996 16.017 -1.148 4.703 -1.137 -1.110 0.476 0.024
7.876 12.889 28.575 5.873 15.527 -0.341 4.035 -1.570 -0.638 0.622 -0.120
7.607 12.780 26.885 7.606 15.589 -0.753 3.867 -1.796 -0.317 0.965 -0.422
7.889 12.526 27.634 6.971 15.735 -0.869 4.567 -1.330 -0.976 0.605 -0.020
7.948 12.894 27.345 6.618 16.241 -0.928 5.200 -1.304 -1.278 0.626 0.003
8.289 12.374 27.215 6.901 15.458 -0.693 4.063 -1.246 -0.627 0.602 -0.216
8.040 12.504 28.066 8.694 15.669 -0.485 4.148 -1.726 -0.691 0.859 -0.248
7.915 12.660 27.268 7.587 14.946 -0.722 2.925 -1.359 0.096 0.654 -0.407
8.273 13.053 27.826 6.598 15.990 -0.497 5.008 -1.723 -1.087 1.026 -0.258
7.958 12.927 27.950 6.247 15.674 -0.134 4.040 -1.947 -0.426 0.973 -0.421
7.695 13.129 27.708 8.155 15.919 -0.333 4.446 -1.844 -0.944 0.787 -0.046
7.925 13.223 27.935 8.093 15.676 -1.051 4.426 -0.902 -1.133 0.288 0.123
7.745 12.606 26.836 6.929 14.961 -2.284 3.576 -0.011 -0.747 0.069 0.052
7.792 12.887 27.858 7.329 15.724 -0.693 4.230 -1.385 -0.891 0.539 0.018
8.008 12.450 27.995 7.796 15.813 0.171 4.114 -2.304 -0.454 1.001 -0.300
7.867 12.690 27.324 7.430 15.658 -0.541 3.943 -1.681 -0.574 0.751 -0.150
7.642 12.800 27.220 7.620 15.559 -0.949 4.059 -1.232 -0.739 0.560 -0.075
7.790 13.344 27.391 7.374 15.469 -0.902 3.804 -1.057 -0.878 0.474 0.016
7.708 12.885 27.157 7.482 15.545 -1.203 4.336 -0.764 -1.205 0.267 0.173
7.840 12.690 28.363 7.675 15.446 -0.444 3.966 -1.109 -0.974 0.449 0.069
7.708 12.838 27.279 8.045 15.586 -0.845 3.714 -1.517 -0.234 0.680 -0.319
7.774 12.651 27.813 6.838 15.390 -1.286 3.904 -0.699 -0.841 0.342 -0.006
7.767 12.917 27.370 7.892 15.425 -0.481 3.696 -1.671 -0.284 0.671 -0.273
8.126 12.722 27.929 8.205 15.672 -0.200 4.052 -1.290 -0.724 0.386 -0.010
7.776 12.912 27.816 7.665 15.803 -0.400 4.334 -1.761 -0.613 0.804 -0.228
7.742 12.633 27.419 7.168 15.609 -0.771 3.992 -1.512 -0.648 0.701 -0.149
7.702 12.963 28.866 7.505 15.475 -0.294 4.004 -1.616 -0.798 0.661 -0.086
7.782 12.950 28.191 7.498 15.677 -0.919 4.770 -1.231 -1.507 0.631 0.120
7.954 12.388 28.017 6.803 15.452 -0.469 3.905 -1.647 -0.437 0.720 -0.277
7.935 12.527 27.610 7.021 15.727 -0.679 4.110 -0.858 -0.812 0.208 0.035
7.774 12.651 27.813 6.838 15.390 -1.286 3.904 -0.699 -0.841 0.342 -0.006
8.323 12.498 28.602 7.003 15.294 0.687 3.893 -2.692 -0.382 1.393 -0.544
8.016 12.500 28.132 6.494 15.237 -0.052 3.802 -1.987 -0.500 0.944 -0.333
7.954 12.388 28.017 6.803 15.452 -0.469 3.905 -1.647 -0.437 0.720 -0.277
8.052 12.445 28.258 5.719 15.624 -0.127 4.556 -2.047 -0.990 0.983 -0.141
7.734 12.747 27.768 7.848 15.698 -0.245 3.959 -1.860 -0.362 0.958 -0.417
7.734 12.561 27.914 7.493 15.664 -0.712 4.235 -1.295 -0.903 0.542 -0.041
7.961 12.680 27.270 7.222 15.706 -0.630 4.406 -1.650 -1.017 0.814 -0.059
8.016 12.509 27.584 7.140 15.697 0.528 4.020 -2.658 -0.117 1.258 -0.604
7.788 12.179 27.334 6.455 15.929 -0.379 4.621 -1.872 -0.702 0.763 -0.204
7.798 13.245 28.544 7.077 15.380 0.193 3.486 -2.565 0.380 1.145 -0.748
7.902 12.856 28.923 7.358 15.498 -0.273 4.061 -1.707 -0.701 0.786 -0.191
7.930 13.046 27.747 7.111 15.583 -0.033 3.863 -1.878 -0.575 0.769 -0.146
7.886 12.812 28.330 6.990 15.273 -1.075 4.111 -0.613 -1.140 0.268 0.115
7.942 12.990 27.474 7.375 15.759 -0.790 4.039 -0.949 -0.843 0.480 -0.070
8.309 12.847 28.800 6.571 15.513 1.022 4.030 -2.660 -0.410 1.382 -0.538
7.816 12.808 27.765 7.325 15.543 0.056 4.268 -2.452 -0.611 1.124 -0.312
7.747 12.228 27.746 7.767 15.273 -1.065 3.694 -1.145 -0.749 0.520 -0.011
7.890 12.896 29.025 6.845 15.362 0.219 3.786 -2.001 -0.435 0.795 -0.250
7.660 12.751 27.694 6.665 15.520 -0.719 3.972 -1.581 -0.674 0.686 -0.109
7.582 12.864 27.863 8.531 15.607 -0.884 4.586 -1.565 -1.147 0.841 -0.090
8.021 12.535 27.605 7.931 15.351 -0.794 3.680 -1.074 -0.609 0.369 -0.053
7.710 12.769 26.631 7.231 15.533 -1.182 3.858 -0.926 -0.688 0.476 -0.115
7.735 12.595 27.586 5.865 15.294 -1.282 3.901 -1.004 -0.728 0.414 -0.047
7.683 12.828 27.362 8.146 15.576 0.107 4.018 -2.462 -0.184 1.009 -0.412
7.762 12.385 28.671 6.701 15.727 -0.365 4.243 -1.892 -0.710 0.876 -0.243
7.740 12.777 27.810 7.621 15.545 -1.030 4.028 -1.051 -0.785 0.429 -0.006
7.855 12.857 28.038 7.134 15.664 -0.789 4.281 -1.479 -0.911 0.776 -0.102
7.727 13.161 27.574 6.901 15.528 -0.176 3.724 -1.821 -0.360 0.861 -0.323
7.761 12.670 28.042 7.223 15.557 -0.414 4.047 -2.006 -0.572 0.939 -0.250
7.751 12.771 27.657 7.392 15.066 -0.415 2.982 -1.762 0.259 0.798 -0.523
7.708 12.399 27.486 6.634 15.507 -0.699 4.044 -1.636 -0.426 0.801 -0.277
7.703 13.112 27.137 7.561 15.963 -0.896 4.700 -1.312 -0.961 0.570 -0.051
7.862 12.637 28.597 6.685 15.520 -0.853 4.283 -0.852 -1.122 0.339 0.126
7.736 12.680 27.290 7.688 15.690 -0.925 4.289 -1.152 -0.943 0.473 0.009
7.509 13.096 26.556 7.789 15.777 -1.290 3.988 -0.873 -0.578 0.378 -0.131
7.690 12.914 27.072 7.919 16.007 -1.140 4.764 -1.149 -1.028 0.496 -0.035
7.905 12.876 27.647 7.403 15.535 -0.037 3.869 -1.837 -0.610 0.886 -0.277
7.822 12.718 28.318 7.266 15.750 0.024 4.724 -1.780 -1.277 0.724 0.116
8.177 13.216 28.981 7.576 15.370 -0.259 4.128 -1.325 -0.941 0.621 -0.130
8.421 12.520 28.421 8.150 15.082 0.393 3.524 -2.382 -0.260 1.202 -0.524
7.825 12.565 27.996 7.127 15.778 -0.186 4.021 -1.798 -0.574 0.728 -0.146
8.193 12.952 28.096 7.285 15.356 -0.176 3.772 -2.027 -0.202 1.143 -0.618
7.881 12.543 28.275 6.610 15.280 -0.362 3.561 -1.655 -0.126 0.810 -0.417
7.845 12.935 28.536 7.016 15.493 0.669 3.711 -2.610 0.036 1.081 -0.483
7.787 12.778 28.273 7.479 15.806 0.192 4.153 -2.506 -0.102 1.051 -0.506
7.761 12.670 28.042 7.223 15.557 -0.414 4.047 -2.006 -0.572 0.939 -0.250
7.841 12.868 27.762 6.374 15.262 -1.441 3.992 -0.464 -0.907 -0.003 0.193
8.033 13.075 28.579 7.069 15.423 0.206 3.742 -2.006 -0.635 1.039 -0.298
7.830 12.736 27.189 8.175 15.643 -0.502 3.749 -1.882 -0.104 0.914 -0.526
8.036 12.947 28.781 7.430 15.115 0.766 2.865 -2.546 0.208 1.239 -0.638
7.792 12.905 27.084 7.748 14.971 -1.937 3.610 -0.093 -1.023 0.097 0.165
8.025 12.708 28.222 7.378 15.936 -0.012 5.027 -1.805 -1.241 0.642 0.065
8.231 13.003 27.721 7.724 15.105 -0.732 2.797 -1.065 0.023 0.588 -0.399
7.525 13.098 27.402 8.121 15.902 -0.307 3.936 -2.064 -0.321 0.894 -0.351
7.647 12.874 27.105 7.196 15.673 -1.233 4.274 -1.133 -0.831 0.643 -0.127
7.710 13.180 27.050 8.315 15.479 -0.829 3.562 -0.914 -0.663 0.463 -0.063
8.050 12.644 27.814 7.476 15.634 -0.610 4.626 -1.800 -1.083 0.930 -0.154
7.407 13.095 26.866 7.735 15.866 -1.072 4.374 -1.702 -0.601 0.931 -0.374
7.898 12.917 28.345 8.029 15.798 -0.301 4.273 -1.835 -0.629 0.776 -0.208
7.766 12.866 27.814 7.479 15.749 -0.616 4.456 -1.573 -0.836 0.677 -0.105
8.003 13.251 28.399 8.727 15.611 0.428 3.980 -2.257 -0.466 0.937 -0.288
7.597 12.583 28.222 6.825 15.495 -0.287 4.076 -1.622 -0.670 0.795 -0.226
7.513 13.222 27.845 6.880 16.151 0.192 4.824 -3.079 -0.488 1.644 -0.719
7.921 12.879 27.730 7.948 15.497 -0.501 4.170 -1.675 -0.647 0.739 -0.198
7.695 12.804 27.452 7.775 15.649 -0.545 4.198 -1.671 -0.599 0.725 -0.186
7.607 12.644 27.232 8.329 15.742 -0.417 4.042 -1.856 -0.418 0.886 -0.324
8.036 12.947 28.781 7.430 15.115 0.766 2.865 -2.546 0.208 1.239 -0.638
7.608 12.764 27.390 7.885 15.822 -0.227 4.067 -2.070 -0.408 1.088 -0.460
7.687 12.765 26.935 6.797 15.976 -0.960 4.686 -0.998 -1.223 0.222 0.303
7.699 12.559 27.749 6.639 15.753 -1.206 4.391 -0.943 -0.960 0.479 -0.026
7.670 12.823 27.529 7.200 15.743 0.143 4.088 -2.150 -0.464 0.900 -0.286
7.782 12.950 28.191 7.498 15.677 -0.919 4.770 -1.231 -1.507 0.631 0.120
7.885 12.446 28.710 7.420 15.626 0.388 3.900 -2.052 -0.435 0.874 -0.288
7.629 12.822 27.086 8.942 15.845 -0.833 4.346 -1.604 -0.484 0.818 -0.375
7.642 12.800 27.220 7.620 15.559 -0.949 4.059 -1.232 -0.739 0.560 -0.075
7.508 13.000 27.642 7.859 15.899 -0.133 4.295 -2.432 -0.491 1.283 -0.497
7.744 12.369 27.651 6.920 15.097 -1.124 3.708 -0.943 -0.711 0.409 -0.017
7.945 12.666 28.565 6.862 15.196 -0.279 4.160 -1.805 -0.951 0.960 -0.149
7.929 13.128 27.656 7.182 15.629 -1.041 4.327 -1.256 -0.601 0.777 -0.315
7.743 13.014 26.961 7.597 15.973 -0.857 4.741 -1.565 -0.957 0.666 -0.019
7.856 12.629 27.975 8.192 16.005 -1.004 5.319 -0.884 -1.581 0.388 0.200
8.087 12.942 29.415 6.986 15.228 0.025 3.600 -1.660 -0.424 0.776 -0.268
8.087 12.957 27.848 7.702 15.539 -0.186 3.880 -1.611 -0.602 0.747 -0.216
8.023 12.557 28.271 7.705 15.607 -0.295 3.996 -1.256 -0.924 0.494 0.035
7.706 13.199 27.105 8.686 15.520 -1.197 3.744 -0.889 -0.692 0.334 0.020
7.582 12.864 27.863 8.531 15.607 -0.884 4.586 -1.565 -1.147 0.841 -0.090
7.600 12.831 27.848 7.624 15.711 -1.247 4.193 -0.863 -1.010 0.283 0.184
7.716 12.421 27.280 7.811 15.997 -1.060 5.090 -1.156 -1.403 0.525 0.113
7.684 12.658 27.783 6.426 15.816 -0.325 3.974 -1.667 -0.393 0.646 -0.257
8.025 12.708 28.222 7.378 15.936 -0.012 5.027 -1.805 -1.241 0.642 0.065
7.344 13.043 27.772 7.320 15.645 -1.035 4.042 -1.350 -0.541 0.764 -0.293
7.631 12.608 27.352 6.835 16.220 -0.747 4.916 -1.782 -0.964 0.941 -0.258
7.666 12.977 27.783 7.527 15.485 -1.241 4.211 -0.981 -0.709 0.436 -0.107
7.910 13.242 27.681 7.004 15.636 -0.783 4.007 -1.279 -0.503 0.505 -0.167
8.058 12.329 28.336 8.252 15.215 0.038 3.856 -2.037 -0.502 0.845 -0.274
7.936 13.005 28.085 7.529 15.586 -0.407 4.316 -1.845 -1.057 1.003 -0.132
7.814 13.351 27.525 8.107 15.524 -1.241 3.956 -0.666 -0.968 0.216 0.130
7.604 12.958 27.109 8.478 15.601 -0.920 4.615 -1.559 -1.021 0.874 -0.164
7.574 12.716 27.035 7.348 15.340 -1.574 3.825 -1.132 -0.598 0.679 -0.243
8.013 12.827 27.752 7.050 15.383 -0.945 4.238 -1.155 -0.811 0.616 -0.165
7.813 12.286 28.090 7.067 15.470 0.402 3.918 -2.735 -0.171 1.222 -0.521
7.792 13.504 27.970 7.988 15.644 -0.202 3.889 -1.568 -0.641 0.678 -0.151
7.823 13.050 27.532 7.807 15.129 -1.181 2.971 -1.102 0.242 0.514 -0.481
7.851 12.875 28.160 6.932 15.517 -0.118 4.136 -1.878 -0.814 0.968 -0.224
7.535 12.892 26.831 7.539 15.942 -1.519 5.105 -1.118 -1.467 0.706 0.096
7.925 13.223 27.935 8.093 15.676 -1.051 4.426 -0.902 -1.133 0.288 0.123
7.946 12.557 28.738 6.511 15.448 -0.359 3.812 -1.538 -0.545 0.671 -0.129
7.758 12.570 27.559 7.822 15.679 0.121 3.819 -2.322 -0.187 0.931 -0.400
8.084 12.704 28.556 8.026 15.149 0.059 3.629 -1.696 -0.565 0.801 -0.247
8.170 13.293 28.761 8.202 15.118 0.067 3.313 -1.652 -0.288 0.689 -0.281
7.777 12.733 27.828 7.308 15.517 -0.898 4.389 -1.323 -0.989 0.563 0.024
7.814 13.120 27.729 7.202 15.815 -0.323 4.417 -1.994 -0.496 0.935 -0.324
7.782 12.478 28.005 7.555 15.558 -0.174 3.784 -2.214 -0.040 1.038 -0.524
7.742 12.633 27.419 7.168 15.609 -0.771 3.992 -1.512 -0.648 0.701 -0.149
8.119 12.977 28.512 6.542 15.284 -0.350 3.675 -1.453 -0.403 0.623 -0.233
7.655 13.077 27.581 7.619 15.775 -0.438 4.245 -1.793 -0.640 0.762 -0.219
7.611 12.662 27.663 6.050 15.505 -0.828 4.474 -1.657 -1.198 0.791 0.058
7.691 12.707 27.030 7.656 15.830 -0.767 4.177 -1.536 -0.702 0.619 -0.080
7.743 12.454 28.766 7.550 15.460 -0.183 3.810 -1.531 -0.567 0.659 -0.203
7.740 12.906 27.374 8.211 15.900 -1.028 4.729 -1.406 -1.105 0.672 0.032
7.710 13.032 26.915 5.944 15.724 -0.635 3.918 -1.864 -0.151 0.801 -0.398
7.587 12.982 28.074 7.365 15.853 0.314 4.080 -2.594 -0.194 1.347 -0.659
7.809 12.734 28.396 7.428 15.492 -0.837 4.393 -1.237 -1.182 0.523 0.112
7.762 12.736 27.336 7.862 15.387 -1.644 4.340 -0.607 -1.100 0.298 0.080
7.644 12.900 27.657 6.723 16.054 -1.435 5.121 -1.026 -1.411 0.538 0.103
7.824 12.998 27.928 7.257 15.446 -1.225 3.598 -0.831 -0.314 0.411 -0.194
7.612 12.672 26.960 6.640 15.950 -0.133 4.202 -2.318 -0.438 1.109 -0.378
7.814 12.643 27.004 7.481 15.707 -1.516 4.415 -0.641 -0.885 0.357 -0.087
7.598 13.079 27.957 7.209 15.806 -0.302 4.228 -1.654 -0.799 0.633 -0.055
7.797 12.860 28.172 8.878 16.083 0.066 4.981 -1.993 -1.108 0.757 -0.045
7.790 13.377 27.808 8.401 15.571 -0.130 4.263 -1.824 -0.953 0.784 -0.063
7.697 12.331 27.814 6.702 15.761 -0.663 4.171 -1.392 -0.620 0.586 -0.167
7.490 12.478 26.424 7.940 16.154 -1.977 5.343 -0.747 -1.428 0.546 -0.012
7.685 12.954 27.010 7.837 15.584 -0.642 4.088 -1.623 -0.773 0.637 -0.008
7.717 12.320 27.548 8.075 15.396 -0.306 3.458 -1.940 -0.163 0.874 -0.377
7.921 12.254 29.210 7.193 15.327 0.267 3.585 -2.102 -0.203 1.094 -0.536
7.721 12.573 28.795 7.358 15.505 0.547 3.969 -2.887 -0.033 1.374 -0.655
7.778 12.689 27.141 7.253 15.610 -1.038 4.237 -1.097 -0.877 0.498 -0.040
7.942 12.842 28.604 6.408 15.358 -0.391 3.813 -1.675 -0.490 0.698 -0.197
7.788 12.875 27.961 6.612 16.065 -0.647 5.081 -1.730 -1.199 0.877 -0.098
7.836 12.613 28.236 7.142 15.565 -0.606 4.527 -1.499 -1.187 0.597 0.094
7.848 13.041 27.315 7.830 15.460 -1.125 3.840 -0.945 -0.683 0.406 -0.061
8.003 13.273 27.810 8.271 15.717 -0.670 4.227 -1.287 -0.556 0.744 -0.349
7.674 12.847 27.281 7.615 15.494 -1.437 4.359 -0.538 -1.122 0.204 0.154
7.830 12.736 27.189 8.175 15.643 -0.502 3.749 -1.882 -0.104 0.914 -0.526
8.115 12.922 27.790 7.531 15.689 -0.697 4.557 -1.471 -0.983 0.660 -0.074
7.439 12.379 27.400 6.803 15.822 0.153 4.139 -2.953 -0.272 1.493 -0.636
7.548 12.739 27.848 7.595 15.498 -0.511 4.285 -2.165 -0.467 1.264 -0.530
7.711 12.925 27.392 8.559 15.861 -0.959 4.915 -1.216 -1.177 0.517 0.016
7.784 13.038 27.352 7.508 15.476 -0.706 4.070 -1.591 -0.561 0.833 -0.324
7.593 13.276 27.536 6.788 15.853 -0.482 4.312 -1.918 -0.724 0.940 -0.246
7.788 12.867 28.026 6.539 15.378 -0.374 4.126 -1.769 -0.733 0.691 -0.091
7.751 13.117 28.151 7.420 15.793 -0.297 4.236 -1.810 -0.494 0.834 -0.313
7.933 12.804 28.497 7.130 15.199 0.250 3.419 -2.372 0.146 1.189 -0.686
7.915 12.379 28.281 7.037 15.577 -0.921 4.126 -1.187 -0.647 0.460 -0.087
7.896 12.860 28.088 8.106 15.732 -0.116 3.949 -1.783 -0.481 0.721 -0.211
7.941 13.194 27.300 7.799 15.449 -0.704 3.038 -1.562 0.325 0.719 -0.526
7.605 12.935 27.879 7.948 15.739 0.529 3.666 -2.662 0.042 1.137 -0.536
7.767 12.917 27.370 7.892 15.425 -0.481 3.696 -1.671 -0.284 0.671 -0.273
7.880 13.164 27.676 7.180 15.353 -0.539 3.748 -1.426 -0.624 0.707 -0.186
7.687 13.583 27.978 7.775 15.729 -0.567 3.713 -1.409 -0.281 0.592 -0.244
8.437 12.881 28.463 6.981 15.595 -0.280 4.834 -1.533 -1.278 0.903 -0.132
7.610 12.506 27.409 7.934 15.631 -0.431 4.543 -2.060 -0.941 0.941 -0.156
7.750 13.266 27.499 6.664 15.928 -0.506 4.296 -1.448 -0.808 0.631 -0.164
7.710 12.647 27.234 7.071 15.149 -0.916 3.402 -1.511 -0.359 0.644 -0.221
7.862 13.078 27.699 6.804 14.955 -1.047 3.313 -0.940 -0.420 0.390 -0.161
7.915 12.968 27.947 7.180 15.485 0.261 4.046 -2.207 -0.646 0.855 -0.155
7.689 12.931 28.114 7.655 15.610 -0.216 4.082 -2.073 -0.430 0.898 -0.289
7.776 12.791 28.054 6.360 15.697 -0.093 4.482 -2.107 -0.706 0.866 -0.196
7.844 12.635 28.473 7.556 15.503 -0.162 3.698 -1.745 -0.498 0.735 -0.175
7.606 13.118 27.309 7.306 15.859 -1.001 4.894 -1.054 -1.569 0.432 0.306
7.751 12.984 27.780 7.806 15.754 -0.063 4.282 -2.047 -0.602 0.893 -0.262
7.861 12.929 27.600 7.343 16.083 -0.494 4.902 -1.433 -1.230 0.686 -0.035
7.790 13.344 27.391 7.374 15.469 -0.902 3.804 -1.057 -0.878 0.474 0.016
7.954 12.388 28.017 6.803 15.452 -0.469 3.905 -1.647 -0.437 0.720 -0.277
7.603 12.526 27.510 7.915 15.611 0.081 3.962 -2.822 -0.001 1.504 -0.797
7.800 12.639 27.676 6.947 15.428 -0.521 3.270 -1.564 0.199 0.756 -0.546
7.787 12.532 28.103 6.470 15.466 -1.032 4.185 -0.689 -1.003 0.295 0.064
7.563 13.048 26.992 6.934 15.680 -0.390 3.812 -1.877 -0.385 0.852 -0.345
7.685 13.025 27.135 8.079 15.758 -0.793 4.314 -1.206 -0.917 0.456 0.048
7.567 13.035 27.578 7.355 15.487 -0.214 3.190 -2.113 0.182 0.925 -0.496
7.928 12.548 28.192 7.648 15.534 -0.640 4.231 -1.180 -0.895 0.457 0.011
7.889 12.526 27.634 6.971 15.735 -0.869 4.567 -1.330 -0.976 0.605 -0.020
7.844 12.635 28.473 7.556 15.503 -0.162 3.698 -1.745 -0.498 0.735 -0.175
7.853 12.594 28.029 7.908 15.845 0.518 3.852 -2.706 -0.046 1.283 -0.628
7.745 12.443 27.961 7.838 15.435 -0.429 3.784 -1.931 -0.196 0.803 -0.370
7.945 12.615 28.500 6.941 15.397 -0.217 3.584 -1.805 -0.171 0.795 -0.345
7.748 13.059 28.361 6.916 15.479 -0.157 3.808 -1.431 -0.401 0.570 -0.235
7.740 12.872 27.734 7.180 15.733 0.341 3.873 -2.671 -0.197 1.233 -0.520
7.828 12.691 27.973 7.532 15.188 0.066 3.416 -2.231 0.121 0.951 -0.490
7.685 12.977 27.509 8.033 15.686 -0.802 4.101 -1.041 -0.924 0.221 0.148
7.719 13.108 27.965 7.332 15.996 -0.170 4.144 -1.885 -0.419 0.852 -0.348
7.706 12.842 27.841 7.287 15.301 -0.127 3.613 -1.755 -0.447 0.764 -0.227
7.709 12.801 27.644 7.579 15.590 -0.727 3.955 -1.290 -0.610 0.600 -0.186
7.787 12.532 28.103 6.470 15.466 -1.032 4.185 -0.689 -1.003 0.295 0.064
8.141 12.599 27.997 7.783 15.070 -0.407 3.597 -1.333 -0.649 0.593 -0.085
7.734 12.983 27.865 7.931 15.823 -0.252 4.258 -2.012 -0.560 1.007 -0.397
7.699 13.070 27.543 8.042 15.892 -1.207 4.576 -0.819 -1.116 0.328 0.093
7.871 13.124 28.449 7.354 15.390 -0.096 3.412 -1.590 -0.294 0.618 -0.239
7.723 12.898 27.639 7.438 15.631 -1.017 4.370 -1.675 -0.723 0.741 -0.155
8.141 12.599 27.997 7.783 15.070 -0.407 3.597 -1.333 -0.649 0.593 -0.085
7.745 12.780 27.452 7.645 15.799 -1.001 4.383 -1.364 -0.689 0.635 -0.164
7.581 12.726 27.136 7.042 15.825 -0.867 4.381 -1.416 -0.735 0.608 -0.167
7.639 12.678 27.302 7.594 15.858 -0.630 4.159 -1.885 -0.229 0.916 -0.434
7.843 12.705 28.115 6.889 15.457 -0.797 4.241 -1.207 -0.937 0.480 0.013
8.003 13.273 27.810 8.271 15.717 -0.670 4.227 -1.287 -0.556 0.744 -0.349
7.509 12.985 26.374 8.612 15.906 -0.704 4.280 -1.843 -0.782 0.822 -0.148
7.721 13.400 27.720 6.536 15.561 -0.486 3.751 -1.842 -0.212 0.852 -0.389
7.790 13.377 27.808 8.401 15.571 -0.130 4.263 -1.824 -0.953 0.784 -0.063
7.916 12.676 28.551 6.186 15.070 -0.266 3.186 -1.487 -0.191 0.541 -0.217
7.736 12.841 28.421 7.401 15.716 -0.370 4.403 -1.725 -0.874 0.781 -0.080
7.873 12.663 27.742 6.801 15.679 -1.192 4.390 -0.647 -1.235 0.290 0.191
7.716 13.059 28.064 8.606 15.980 -0.340 4.713 -1.178 -1.477 0.423 0.266
7.740 12.258 28.336 7.825 15.463 -0.115 3.507 -2.007 0.069 0.895 -0.501
7.943 12.500 28.112 7.659 15.406 -0.273 3.847 -1.738 -0.533 0.856 -0.308
7.948 12.894 27.345 6.618 16.241 -0.928 5.200 -1.304 -1.278 0.626 0.003
7.703 12.687 28.683 8.040 15.797 0.106 4.705 -2.139 -1.061 0.908 -0.087
7.845 12.935 28.536 7.016 15.493 0.669 3.711 -2.610 0.036 1.081 -0.483
8.040 12.504 28.066 8.694 15.669 -0.485 4.148 -1.726 -0.691 0.859 -0.248
8.029 12.586 28.288 6.063 15.467 0.031 4.262 -1.970 -0.847 0.853 -0.107
7.829 13.018 27.985 7.087 15.564 0.037 3.865 -2.242 -0.059 1.120 -0.565
7.687 12.950 27.194 7.814 15.400 -1.353 4.143 -1.065 -0.831 0.413 -0.043
7.867 12.839 28.028 6.813 15.458 -0.705 4.347 -1.498 -1.082 0.777 -0.089
7.724 13.057 28.012 5.908 15.303 -0.094 3.750 -2.006 -0.546 0.857 -0.180
7.738 13.222 26.748 8.541 16.616 -0.655 5.072 -1.522 -1.018 0.727 -0.147
7.932 12.369 27.782 6.448 15.397 -1.343 4.170 -0.600 -0.959 0.263 0.031
7.475 12.889 28.337 6.768 15.495 0.736 3.528 -3.371 0.148 1.701 -0.800
7.915 12.743 28.535 8.063 15.581 0.126 4.166 -1.751 -0.808 0.672 -0.069
7.802 12.925 27.927 6.859 15.423 -0.982 3.818 -1.242 -0.420 0.561 -0.191
7.407 13.095 26.866 7.735 15.866 -1.072 4.374 -1.702 -0.601 0.931 -0.374
7.740 12.258 28.336 7.825 15.463 -0.115 3.507 -2.007 0.069 0.895 -0.501
7.829 12.617 27.658 8.353 15.832 -1.261 5.061 -0.645 -1.644 0.291 0.257
7.541 12.917 27.567 7.713 15.815 -0.619 4.225 -1.795 -0.811 0.853 -0.172
7.772 12.505 27.736 7.737 15.370 -1.704 4.381 -0.683 -1.026 0.366 0.021
7.788 11.896 27.983 7.806 15.477 -0.566 3.809 -1.739 -0.164 0.743 -0.400
7.921 12.879 27.730 7.948 15.497 -0.501 4.170 -1.675 -0.647 0.739 -0.198
7.710 13.093 28.506 7.857 15.830 0.267 4.084 -2.186 -0.368 0.855 -0.282
7.840 12.447 28.196 7.768 15.718 -0.092 3.940 -2.189 -0.350 1.018 -0.369
7.928 12.985 28.154 8.317 16.336 -0.211 5.342 -2.026 -1.291 0.878 -0.031
7.927 12.918 27.951 6.510 15.513 -0.364 3.957 -1.814 -0.495 0.775 -0.262
7.883 12.912 27.831 7.146 15.805 -0.609 4.362 -1.435 -0.750 0.654 -0.134
8.020 12.743 28.749 7.012 15.714 -0.168 4.404 -1.650 -0.708 0.705 -0.231
8.016 13.117 28.398 7.863 16.018 0.356 4.786 -2.358 -0.826 1.099 -0.307
7.740 12.906 27.374 8.211 15.900 -1.028 4.729 -1.406 -1.105 0.672 0.032
7.918 12.340 27.985 7.831 15.187 -0.705 3.452 -1.049 -0.485 0.439 -0.110
7.812 13.133 27.169 7.537 15.689 -0.822 4.054 -1.512 -0.627 0.689 -0.143
7.772 12.505 27.736 7.737 15.370 -1.704 4.381 -0.683 -1.026 0.366 0.021
8.120 12.711 28.145 6.415 15.104 1.052 2.747 -2.810 0.592 1.201 -0.764
7.936 12.608 26.612 8.100 15.742 -1.157 4.448 -0.946 -1.072 0.391 0.025
7.734 11.985 28.183 7.967 15.252 -0.417 3.481 -1.572 -0.416 0.633 -0.218
7.717 12.164 27.494 6.935 15.525 -1.283 3.966 -0.959 -0.730 0.444 -0.062
7.813 12.944 27.582 6.762 15.459 -0.473 3.870 -1.641 -0.509 0.795 -0.235
8.118 12.810 28.537 7.378 15.391 -0.068 3.411 -1.660 -0.156 0.713 -0.353
7.791 13.382 27.837 7.709 16.101 -0.827 5.023 -1.427 -1.295 0.687 0.030
7.979 12.747 27.635 7.696 15.442 -1.133 3.961 -1.101 -0.724 0.598 -0.155
7.942 12.652 28.255 6.291 14.886 0.577 2.731 -2.481 0.370 1.202 -0.696
8.029 12.586 28.288 6.063 15.467 0.031 4.262 -1.970 -0.847 0.853 -0.107
7.845 12.606 27.802 7.518 15.609 -0.239 3.612 -1.495 -0.358 0.553 -0.172
7.898 12.917 28.345 8.029 15.798 -0.301 4.273 -1.835 -0.629 0.776 -0.208
7.783 13.414 28.075 6.331 15.529 -0.114 3.930 -2.205 -0.348 0.985 -0.376
7.726 12.531 27.184 8.046 15.528 -1.164 4.030 -1.338 -0.578 0.624 -0.156
7.604 12.624 26.766 7.081 15.638 -1.662 4.560 -0.771 -1.399 0.420 0.184
8.188 13.247 28.437 7.783 15.543 0.594 4.375 -2.569 -0.793 1.401 -0.462
8.188 13.247 28.437 7.783 15.543 0.594 4.375 -2.569 -0.793 1.401 -0.462
7.782 12.478 28.005 7.555 15.558 -0.174 3.784 -2.214 -0.040 1.038 -0.524
7.977 12.911 27.316 7.294 15.437 -1.131 3.608 -0.840 -0.423 0.442 -0.247
7.629 12.822 27.086 8.942 15.845 -0.833 4.346 -1.604 -0.484 0.818 -0.375
7.575 12.842 28.519 7.068 16.006 0.061 4.899 -2.338 -1.018 1.112 -0.185
7.777 12.733 27.828 7.308 15.517 -0.898 4.389 -1.323 -0.989 0.563 0.024
7.797 12.767 27.663 7.151 15.648 -0.285 3.861 -1.961 -0.205 0.892 -0.375
7.958 12.440 27.816 6.764 15.547 -0.513 3.756 -1.390 -0.383 0.720 -0.316
7.639 12.386 27.813 7.724 15.616 0.035 4.288 -2.229 -0.781 0.848 -0.056
7.820 12.941 27.878 7.583 15.661 -0.767 4.265 -1.281 -0.784 0.592 -0.110
7.840 12.447 28.196 7.768 15.718 -0.092 3.940 -2.189 -0.350 1.018 -0.369
7.843 12.705 28.115 6.889 15.457 -0.797 4.241 -1.207 -0.937 0.480 0.013
8.126 12.722 27.929 8.205 15.672 -0.200 4.052 -1.290 -0.724 0.386 -0.010
8.018 12.529 28.370 6.346 15.714 0.077 3.816 -2.053 -0.095 0.927 -0.452
7.912 12.432 27.917 8.973 15.511 -0.175 4.202 -1.756 -0.991 0.850 -0.020
8.069 13.084 28.083 7.579 15.962 -0.337 4.955 -1.119 -1.372 0.368 0.216
7.406 12.660 27.664 7.524 16.028 0.352 4.573 -3.101 -0.408 1.521 -0.630
7.942 12.842 28.604 6.408 15.358 -0.391 3.813 -1.675 -0.490 0.698 -0.197
8.047 12.986 28.269 7.860 15.927 -0.774 4.838 -1.247 -1.140 0.545 0.012
7.859 12.859 27.448 7.732 15.523 -0.572 3.682 -1.674 -0.218 0.810 -0.394
7.794 13.060 27.717 7.408 15.390 -1.040 3.905 -1.022 -0.855 0.423 0.012
7.676 12.428 26.572 7.783 15.398 -1.662 3.926 -0.445 -0.983 0.036 0.208
7.555 13.284 27.798 7.176 16.093 -0.283 4.205 -1.983 -0.451 1.085 -0.466
7.765 12.346 27.722 6.487 15.610 -0.564 3.997 -1.494 -0.627 0.485 -0.060
7.739 12.866 27.967 5.940 15.179 -0.369 3.379 -1.819 -0.136 0.761 -0.344
7.823 13.073 28.217 8.135 15.791 -0.238 4.677 -1.662 -1.151 0.660 0.064
7.830 12.894 28.373 6.753 15.722 -0.977 4.777 -1.118 -1.355 0.581 0.111
7.510 12.798 27.333 8.779 15.796 -1.301 4.486 -1.075 -0.964 0.600 -0.101
7.487 13.033 27.405 6.136 16.088 -1.531 5.162 -0.735 -1.687 0.263 0.389
7.621 12.993 27.930 7.029 15.984 0.118 4.498 -2.832 -0.162 1.398 -0.632
7.593 12.693 27.698 6.570 15.771 -0.240 4.306 -1.675 -0.821 0.626 -0.033
7.689 12.956 27.521 7.186 15.785 -1.265 4.916 -0.954 -1.427 0.404 0.217
8.076 12.576 27.715 8.157 15.540 -0.175 3.786 -1.804 -0.122 0.846 -0.467
7.721 12.573 28.795 7.358 15.505 0.547 3.969 -2.887 -0.033 1.374 -0.655
8.177 13.216 28.981 7.576 15.370 -0.259 4.128 -1.325 -0.941 0.621 -0.130
7.806 12.613 28.326 7.070 15.662 -0.248 4.133 -1.601 -0.572 0.639 -0.195
7.920 13.177 27.111 7.735 15.940 -1.473 4.588 -0.536 -1.119 0.228 0.079
8.088 12.908 28.379 7.280 15.356 -0.276 3.764 -1.680 -0.446 0.759 -0.281
7.710 13.093 28.506 7.857 15.830 0.267 4.084 -2.186 -0.368 0.855 -0.282
7.915 12.743 28.535 8.063 15.581 0.126 4.166 -1.751 -0.808 0.672 -0.069
7.798 12.904 27.192 7.416 15.754 -1.312 4.551 -1.014 -1.098 0.589 -0.069
7.914 12.986 28.312 7.617 15.856 -0.221 4.397 -1.594 -0.976 0.676 0.008
7.706 13.319 27.218 7.625 15.928 -0.973 4.227 -1.397 -0.616 0.642 -0.220
8.110 12.649 28.831 7.235 15.347 0.555 3.528 -2.369 -0.055 0.912 -0.424
7.736 12.680 27.290 7.688 15.690 -0.925 4.289 -1.152 -0.943 0.473 0.009
8.040 12.504 28.066 8.694 15.669 -0.485 4.148 -1.726 -0.691 0.859 -0.248
7.723 12.898 27.639 7.438 15.631 -1.017 4.370 -1.675 -0.723 0.741 -0.155
7.913 13.075 27.758 6.983 15.390 -0.660 3.837 -1.349 -0.528 0.492 -0.126
7.716 13.256 27.607 6.611 15.840 -0.600 4.250 -1.318 -0.926 0.564 0.030
8.023 12.557 28.271 7.705 15.607 -0.295 3.996 -1.256 -0.924 0.494 0.035
7.725 12.888 27.677 7.083 15.664 -0.741 4.308 -1.401 -1.023 0.650 0.040
7.645 12.860 27.001 8.329 15.888 -1.055 4.256 -1.078 -0.829 0.412 0.013
7.803 12.645 27.911 7.187 15.980 -1.043 4.669 -0.773 -1.230 0.321 0.105
7.930 13.046 27.747 7.111 15.583 -0.033 3.863 -1.878 -0.575 0.769 -0.146
7.481 12.478 27.624 6.081 15.361 -0.965 3.511 -1.806 -0.048 0.946 -0.471
7.736 13.113 27.961 7.357 15.367 0.012 3.161 -2.456 0.510 1.163 -0.753
7.824 12.679 27.861 7.716 14.937 -0.740 2.566 -1.264 0.293 0.540 -0.393
7.855 12.789 27.574 8.596 15.495 -0.964 3.922 -1.209 -0.576 0.567 -0.226
7.768 13.039 27.557 6.044 15.763 -0.689 4.323 -1.469 -0.880 0.676 -0.073
7.740 12.777 27.810 7.621 15.545 -1.030 4.028 -1.051 -0.785 0.429 -0.006
7.713 12.835 27.102 7.343 15.816 -0.950 4.773 -1.326 -1.305 0.564 0.167
7.783 12.769 28.150 6.935 15.571 0.402 3.598 -2.637 0.217 1.173 -0.685
7.708 12.885 27.157 7.482 15.545 -1.203 4.336 -0.764 -1.205 0.267 0.173
8.072 12.813 27.585 8.521 15.822 -0.375 4.561 -1.645 -1.068 0.697 0.007
7.819 12.118 27.743 8.726 15.566 -0.448 3.880 -1.822 -0.374 0.789 -0.254
7.904 12.639 28.551 7.356 15.735 -0.194 4.791 -1.649 -1.034 0.845 -0.135
7.762 13.019 28.159 6.307 16.026 0.434 4.451 -2.089 -0.723 0.913 -0.268
7.750 13.266 27.499 6.664 15.928 -0.506 4.296 -1.448 -0.808 0.631 -0.164
7.751 13.117 28.151 7.420 15.793 -0.297 4.236 -1.810 -0.494 0.834 -0.313
7.629 12.785 27.548 6.713 15.105 -0.557 3.577 -1.982 -0.379 0.942 -0.330
7.800 12.639 27.676 6.947 15.428 -0.521 3.270 -1.564 0.199 0.756 -0.546
7.946 12.557 28.738 6.511 15.448 -0.359 3.812 -1.538 -0.545 0.671 -0.129
7.777 12.733 27.828 7.308 15.517 -0.898 4.389 -1.323 -0.989 0.563 0.024
7.344 13.043 27.772 7.320 15.645 -1.035 4.042 -1.350 -0.541 0.764 -0.293
7.877 13.116 27.244 7.939 16.051 -0.988 4.622 -0.981 -1.120 0.380 0.095
7.844 12.635 28.473 7.556 15.503 -0.162 3.698 -1.745 -0.498 0.735 -0.175
7.751 12.771 27.657 7.392 15.066 -0.415 2.982 -1.762 0.259 0.798 -0.523
7.780 12.525 27.035 7.493 15.948 -1.286 4.768 -1.055 -0.996 0.601 -0.112
7.580 12.832 27.250 7.342 15.411 -0.287 3.949 -2.230 -0.372 1.074 -0.402
7.951 12.942 28.048 6.675 15.703 -0.534 4.417 -1.438 -0.807 0.582 -0.057
7.945 12.615 28.500 6.941 15.397 -0.217 3.584 -1.805 -0.171 0.795 -0.345
7.553 12.786 27.877 7.675 15.641 -0.300 4.390 -2.330 -0.507 1.268 -0.545
8.133 12.988 27.655 7.519 15.692 -0.917 4.509 -1.053 -1.148 0.705 -0.023
8.016 13.117 28.398 7.863 16.018 0.356 4.786 -2.358 -0.826 1.099 -0.307
7.343 13.010 27.865 7.649 15.246 -0.492 3.374 -1.898 0.118 0.960 -0.582
7.487 13.033 27.405 6.136 16.088 -1.531 5.162 -0.735 -1.687 0.263 0.389
7.706 13.319 27.218 7.625 15.928 -0.973 4.227 -1.397 -0.616 0.642 -0.220
7.919 12.483 28.710 7.244 15.517 0.218 4.015 -1.973 -0.559 0.899 -0.244
8.206 12.434 28.158 8.091 15.342 -1.205 4.046 -0.669 -0.904 0.339 -0.010
7.882 13.282 28.272 6.239 15.752 -0.355 4.618 -1.446 -0.894 0.692 -0.136
7.746 13.309 27.991 7.611 15.733 -0.190 3.891 -1.974 -0.432 0.883 -0.289
7.741 13.319 27.647 7.538 15.366 -1.022 4.123 -0.943 -1.138 0.453 0.113
7.344 13.043 27.772 7.320 15.645 -1.035 4.042 -1.350 -0.541 0.764 -0.293
7.837 13.043 27.794 6.309 15.690 -0.709 4.252 -1.172 -0.944 0.562 -0.092
7.546 13.079 27.326 8.363 16.146 0.443 4.262 -2.813 -0.217 1.496 -0.735
8.188 13.247 28.437 7.783 15.543 0.594 4.375 -2.569 -0.793 1.401 -0.462
7.735 12.595 27.586 5.865 15.294 -1.282 3.901 -1.004 -0.728 0.414 -0.047
7.857 13.095 28.407 7.526 15.744 -0.419 4.636 -1.490 -0.997 0.505 0.079
7.822 13.179 27.135 7.894 15.785 -1.002 4.222 -1.082 -0.883 0.479 -0.058
7.717 12.993 27.646 7.349 15.436 -0.603 3.834 -1.518 -0.554 0.759 -0.264
7.915 12.968 27.947 7.180 15.485 0.261 4.046 -2.207 -0.646 0.855 -0.155
7.893 12.613 28.275 8.096 15.771 -0.602 4.547 -1.273 -0.892 0.538 -0.086
8.005 13.022 27.966 7.805 15.640 -0.671 4.178 -1.144 -1.113 0.428 0.175
7.863 12.806 28.449 7.098 15.399 0.139 3.820 -2.096 -0.345 0.973 -0.361
7.490 12.478 26.424 7.940 16.154 -1.977 5.343 -0.747 -1.428 0.546 -0.012
7.693 12.904 27.359 7.817 15.653 -0.356 3.800 -1.777 -0.296 0.685 -0.232
7.695 12.742 28.223 7.168 15.766 -0.245 3.869 -2.024 -0.253 0.851 -0.331
8.025 12.708 28.222 7.378 15.936 -0.012 5.027 -1.805 -1.241 0.642 0.065
7.727 13.091 27.338 8.609 15.886 -1.009 4.706 -1.195 -1.264 0.543 0.123
7.912 12.432 27.917 8.973 15.511 -0.175 4.202 -1.756 -0.991 0.850 -0.020
7.690 12.914 27.072 7.919 16.007 -1.140 4.764 -1.149 -1.028 0.496 -0.035
7.715 12.935 27.220 7.824 15.761 -0.525 4.404 -2.014 -0.634 1.047 -0.325
7.791 12.871 28.172 6.870 15.445 -0.367 4.047 -1.892 -0.688 0.963 -0.237
8.280 12.982 28.309 7.049 15.548 -0.957 4.201 -1.113 -0.840 0.711 -0.182
7.736 12.841 28.421 7.401 15.716 -0.370 4.403 -1.725 -0.874 0.781 -0.080
7.775 13.273 27.508 7.142 15.615 -0.476 4.237 -1.902 -0.762 0.729 -0.036
7.850 12.407 28.011 8.601 15.244 -0.267 3.371 -1.896 0.063 0.771 -0.435
8.299 12.692 28.647 7.339 15.244 0.185 3.506 -2.130 -0.039 1.115 -0.595
7.930 13.046 27.747 7.111 15.583 -0.033 3.863 -1.878 -0.575 0.769 -0.146
7.850 12.407 28.011 8.601 15.244 -0.267 3.371 -1.896 0.063 0.771 -0.435
7.854 12.276 27.817 7.896 15.591 -0.543 4.494 -1.591 -0.874 0.781 -0.170
7.824 13.006 27.570 7.517 15.487 -1.059 3.842 -1.251 -0.537 0.651 -0.206
7.525 13.098 27.402 8.121 15.902 -0.307 3.936 -2.064 -0.321 0.894 -0.351
7.797 12.767 27.663 7.151 15.648 -0.285 3.861 -1.961 -0.205 0.892 -0.375
7.916 12.953 27.666 8.165 15.268 -0.368 3.867 -2.052 -0.511 1.144 -0.435
7.451 12.949 27.066 8.057 15.900 -0.678 4.867 -1.952 -1.155 1.246 -0.349
8.039 12.874 27.714 7.870 15.566 -0.868 4.557 -1.075 -1.197 0.537 0.038
7.840 12.690 28.363 7.675 15.446 -0.444 3.966 -1.109 -0.974 0.449 0.069
7.676 12.998 27.383 7.255 15.287 -1.404 3.883 -0.945 -0.611 0.295 -0.028
7.580 12.948 27.130 6.866 15.828 -0.941 4.158 -1.291 -0.766 0.612 -0.124
7.560 12.396 27.309 7.994 15.903 -1.168 4.880 -1.361 -1.181 0.791 -0.079
7.810 12.457 27.524 6.256 15.767 -0.496 4.581 -1.668 -0.993 0.849 -0.144
7.595 13.137 27.083 7.185 15.849 -0.703 4.300 -1.800 -0.678 0.832 -0.222
7.690 12.914 27.072 7.919 16.007 -1.140 4.764 -1.149 -1.028 0.496 -0.035
7.711 12.925 27.392 8.559 15.861 -0.959 4.915 -1.216 -1.177 0.517 0.016
7.975 12.759 28.424 7.219 15.223 -0.187 3.508 -1.687 -0.403 0.717 -0.211
7.572 12.660 27.344 7.632 15.458 -1.036 3.862 -0.993 -0.538 0.451 -0.160
7.700 12.476 26.827 7.732 16.333 -1.545 5.400 -1.106 -1.328 0.602 -0.035
7.687 12.765 26.935 6.797 15.976 -0.960 4.686 -0.998 -1.223 0.222 0.303
7.935 12.527 27.610 7.021 15.727 -0.679 4.110 -0.858 -0.812 0.208 0.035
7.765 12.786 28.003 7.463 15.629 0.174 3.759 -2.801 0.233 1.357 -0.779
7.754 12.961 27.248 7.695 15.540 -1.396 4.696 -1.083 -1.356 0.533 0.126
8.087 12.957 27.848 7.702 15.539 -0.186 3.880 -1.611 -0.602 0.747 -0.216
7.777 12.661 27.371 6.992 15.500 -1.350 4.080 -1.263 -0.593 0.598 -0.174
7.715 12.935 27.220 7.824 15.761 -0.525 4.404 -2.014 -0.634 1.047 -0.325
7.950 12.597 28.175 7.749 14.968 -0.254 3.516 -1.838 -0.367 0.876 -0.337
7.757 13.231 26.800 7.839 15.501 -1.404 3.904 -0.984 -0.780 0.538 -0.082
7.814 12.764 27.296 7.306 16.329 -1.087 5.096 -1.005 -1.274 0.480 0.084
7.694 12.406 27.352 8.796 15.783 -0.033 4.525 -2.320 -0.671 0.998 -0.224
7.509 13.096 26.556 7.789 15.777 -1.290 3.988 -0.873 -0.578 0.378 -0.131
8.050 12.644 27.814 7.476 15.634 -0.610 4.626 -1.800 -1.083 0.930 -0.154
7.915 12.968 27.947 7.180 15.485 0.261 4.046 -2.207 -0.646 0.855 -0.155
7.758 12.712 28.158 7.035 15.953 0.381 4.443 -2.497 -0.624 1.173 -0.380
7.817 12.731 27.576 7.115 15.582 -0.837 3.772 -1.224 -0.475 0.501 -0.135
7.792 13.504 27.970 7.988 15.644 -0.202 3.889 -1.568 -0.641 0.678 -0.151
7.688 12.837 27.102 6.374 15.863 -1.120 4.220 -1.164 -0.592 0.495 -0.155
8.191 13.096 27.481 6.961 15.336 -1.595 4.030 -0.274 -1.071 0.194 0.133
8.083 12.702 28.369 7.968 15.980 0.182 4.135 -2.261 -0.283 1.073 -0.482
7.647 13.322 27.161 7.866 15.160 -0.512 3.492 -1.795 -0.487 0.875 -0.232
7.897 12.371 28.400 9.212 15.626 0.160 4.201 -2.545 -0.301 1.123 -0.436
7.923 12.849 28.296 7.065 15.378 -0.302 3.720 -1.606 -0.335 0.769 -0.316
7.799 12.262 27.490 7.863 15.094 -0.568 3.213 -1.458 -0.210 0.616 -0.234
7.614 12.261 28.054 9.066 16.106 0.631 4.714 -3.055 -0.432 1.501 -0.604
8.014 12.843 28.059 7.032 15.553 -0.278 3.843 -1.507 -0.525 0.660 -0.197
7.541 12.917 27.567 7.713 15.815 -0.619 4.225 -1.795 -0.811 0.853 -0.172
7.810 12.336 27.055 7.724 15.582 -1.005 4.434 -1.388 -0.904 0.622 -0.097
7.752 13.254 27.437 7.726 15.664 -1.522 4.556 -0.561 -1.214 0.163 0.214
7.743 12.454 28.766 7.550 15.460 -0.183 3.810 -1.531 -0.567 0.659 -0.203
8.005 12.341 28.514 7.949 15.498 -0.016 4.015 -2.027 -0.559 1.095 -0.437
7.531 12.740 27.587 6.385 15.415 -0.115 3.546 -2.171 -0.117 1.005 -0.483
7.916 12.953 27.666 8.165 15.268 -0.368 3.867 -2.052 -0.511 1.144 -0.435
7.763 13.433 27.539 7.577 15.997 -0.111 4.193 -2.418 -0.082 1.207 -0.654
8.074 12.711 28.125 7.008 15.807 -1.336 5.003 -0.665 -1.731 0.475 0.204
7.732 12.889 28.215 7.429 15.693 -0.153 4.220 -2.170 -0.470 1.075 -0.376
7.965 12.822 27.005 8.276 16.014 -1.430 4.679 -0.591 -1.216 0.172 0.176
7.575 12.842 28.519 7.068 16.006 0.061 4.899 -2.338 -1.018 1.112 -0.185
7.758 12.673 27.046 7.452 15.249 -1.654 3.610 -0.570 -0.622 0.264 -0.037
7.846 12.757 27.826 7.608 15.724 -0.523 4.353 -1.480 -0.764 0.717 -0.123
7.624 12.822 26.812 7.909 15.630 -1.310 4.309 -1.011 -0.919 0.614 -0.124
7.601 12.996 27.734 6.848 15.630 -0.744 4.352 -1.239 -1.054 0.544 -0.003
7.731 13.058 28.032 6.021 15.417 -0.173 3.910 -1.815 -0.485 0.757 -0.230
8.021 12.535 27.605 7.931 15.351 -0.794 3.680 -1.074 -0.609 0.369 -0.053
7.546 13.079 27.326 8.363 16.146 0.443 4.262 -2.813 -0.217 1.496 -0.735
7.772 12.737 27.727 7.896 15.929 -0.919 4.931 -0.792 -1.784 0.331 0.388
7.777 12.661 27.371 6.992 15.500 -1.350 4.080 -1.263 -0.593 0.598 -0.174
7.745 12.442 27.467 8.862 15.655 -0.859 4.089 -1.121 -0.769 0.536 -0.091
7.783 12.769 28.150 6.935 15.571 0.402 3.598 -2.637 0.217 1.173 -0.685
7.727 13.091 27.338 8.609 15.886 -1.009 4.706 -1.195 -1.264 0.543 0.123
8.231 13.003 27.721 7.724 15.105 -0.732 2.797 -1.065 0.023 0.588 -0.399
8.006 12.729 28.290 6.807 15.276 0.684 3.036 -2.790 0.605 1.351 -0.911
7.697 12.700 27.207 7.635 15.630 -0.699 4.080 -1.385 -0.658 0.484 -0.059
7.852 13.019 27.604 7.603 15.589 -1.327 4.281 -0.936 -0.915 0.451 -0.021
7.693 12.766 28.004 6.507 15.610 -0.701 4.153 -1.493 -0.556 0.661 -0.261
8.188 13.247 28.437 7.783 15.543 0.594 4.375 -2.569 -0.793 1.401 -0.462
7.776 13.060 27.814 7.043 15.922 0.054 4.389 -1.854 -0.671 0.731 -0.185
7.793 12.885 27.643 7.059 16.106 -0.303 4.647 -1.713 -1.090 0.720 0.001
7.626 12.629 27.231 7.887 15.712 -0.026 4.207 -2.355 -0.608 1.025 -0.289
7.748 13.059 28.361 6.916 15.479 -0.157 3.808 -1.431 -0.401 0.570 -0.235
7.710 13.032 26.915 5.944 15.724 -0.635 3.918 -1.864 -0.151 0.801 -0.398
8.104 13.295 28.077 6.838 15.858 -0.449 3.951 -1.566 -0.406 0.755 -0.315
7.578 12.712 27.854 6.660 16.087 -0.227 4.456 -1.925 -0.693 0.857 -0.243
7.805 12.581 27.652 7.771 15.232 -1.062 3.351 -0.998 -0.317 0.464 -0.178
7.881 13.226 27.286 7.492 15.152 -0.806 3.372 -1.128 -0.442 0.466 -0.146
7.746 13.309 27.991 7.611 15.733 -0.190 3.891 -1.974 -0.432 0.883 -0.289
7.687 13.583 27.978 7.775 15.729 -0.567 3.713 -1.409 -0.281 0.592 -0.244
7.772 12.780 26.855 7.260 15.841 -1.345 4.430 -1.034 -0.869 0.538 -0.107
7.960 12.419 27.243 7.901 15.703 -1.434 4.636 -0.742 -1.427 0.489 0.143
7.556 12.960 28.320 8.144 15.849 -0.364 4.365 -2.004 -0.570 1.141 -0.480
8.170 13.293 28.761 8.202 15.118 0.067 3.313 -1.652 -0.288 0.689 -0.281
7.764 12.883 27.084 7.837 15.384 -1.103 4.042 -1.133 -0.774 0.482 -0.030
8.117 12.962 28.271 8.131 15.524 -0.220 4.086 -1.788 -0.608 0.894 -0.275
7.783 12.769 28.150 6.935 15.571 0.402 3.598 -2.637 0.217 1.173 -0.685
7.854 12.276 27.817 7.896 15.591 -0.543 4.494 -1.591 -0.874 0.781 -0.170
7.731 12.189 28.078 6.814 15.277 -1.066 4.070 -0.674 -1.182 0.195 0.229
7.802 12.925 27.927 6.859 15.423 -0.982 3.818 -1.242 -0.420 0.561 -0.191
7.727 13.161 27.574 6.901 15.528 -0.176 3.724 -1.821 -0.360 0.861 -0.323
7.329 12.338 26.511 7.791 16.087 -0.881 5.201 -1.896 -1.307 0.972 -0.060
7.898 13.135 27.846 7.747 15.415 -0.190 3.609 -1.967 -0.131 0.966 -0.478
7.897 12.371 28.400 9.212 15.626 0.160 4.201 -2.545 -0.301 1.123 -0.436
7.646 12.661 27.416 7.157 15.425 -0.249 3.619 -1.947 -0.259 0.800 -0.287
7.791 12.948 27.857 7.861 16.003 -0.500 4.835 -1.545 -1.136 0.585 0.093
8.088 12.908 28.379 7.280 15.356 -0.276 3.764 -1.680 -0.446 0.759 -0.281
7.686 13.095 27.688 7.289 15.750 -0.494 4.015 -1.631 -0.335 0.672 -0.275
7.818 13.111 27.515 7.896 15.790 -1.296 4.658 -1.115 -1.160 0.523 0.070
7.600 12.831 27.848 7.624 15.711 -1.247 4.193 -0.863 -1.010 0.283 0.184
7.928 12.985 28.154 8.317 16.336 -0.211 5.342 -2.026 -1.291 0.878 -0.031
7.762 13.050 27.849 7.241 15.426 -0.187 3.057 -1.889 0.211 0.766 -0.482
8.006 12.729 28.290 6.807 15.276 0.684 3.036 -2.790 0.605 1.351 -0.911
7.676 12.822 27.314 7.695 15.567 -0.762 3.589 -1.459 -0.319 0.552 -0.225
7.844 12.570 27.428 7.976 15.478 -1.099 3.952 -1.358 -0.552 0.640 -0.177
7.668 12.642 28.348 7.153 15.486 -0.885 3.808 -1.097 -0.322 0.417 -0.220
7.767 12.917 27.370 7.892 15.425 -0.481 3.696 -1.671 -0.284 0.671 -0.273
7.814 13.351 27.525 8.107 15.524 -1.241 3.956 -0.666 -0.968 0.216 0.130
7.527 12.667 26.911 7.996 16.017 -1.148 4.703 -1.137 -1.110 0.476 0.024
7.845 12.606 27.802 7.518 15.609 -0.239 3.612 -1.495 -0.358 0.553 -0.172
7.800 12.618 27.862 7.157 15.152 -1.050 3.903 -1.066 -0.917 0.455 0.031
7.885 12.446 28.710 7.420 15.626 0.388 3.900 -2.052 -0.435 0.874 -0.288
7.711 12.403 27.453 8.021 15.501 -0.354 3.884 -1.963 -0.208 0.891 -0.398
7.788 11.896 27.983 7.806 15.477 -0.566 3.809 -1.739 -0.164 0.743 -0.400
7.580 12.832 27.250 7.342 15.411 -0.287 3.949 -2.230 -0.372 1.074 -0.402
7.743 13.014 26.961 7.597 15.973 -0.857 4.741 -1.565 -0.957 0.666 -0.019
7.761 13.012 28.344 7.418 15.677 -0.130 4.083 -2.105 -0.392 0.976 -0.343
7.883 12.912 27.831 7.146 15.805 -0.609 4.362 -1.435 -0.750 0.654 -0.134
7.632 12.906 27.230 8.735 16.044 -0.904 4.515 -1.583 -0.974 0.800 -0.112
7.834 12.943 28.560 7.134 15.475 0.301 4.148 -2.342 -0.436 0.960 -0.312
7.722 12.942 27.767 6.124 15.463 -0.352 3.693 -1.616 -0.421 0.616 -0.213
8.022 12.680 28.247 6.052 14.887 -0.677 2.917 -1.097 -0.073 0.568 -0.322
7.553 12.916 27.590 6.316 15.588 -0.717 4.241 -1.570 -0.791 0.883 -0.237
7.865 12.649 27.821 7.431 15.631 -0.765 3.700 -1.347 -0.517 0.618 -0.157
7.487 13.033 27.405 6.136 16.088 -1.531 5.162 -0.735 -1.687 0.263 0.389
7.595 12.762 27.151 7.339 15.620 -0.908 4.152 -1.481 -0.687 0.713 -0.213
7.780 12.525 27.035 7.493 15.948 -1.286 4.768 -1.055 -0.996 0.601 -0.112
7.612 12.803 27.144 7.482 15.562 -1.040 3.763 -1.478 -0.284 0.840 -0.447
7.543 13.084 27.433 8.062 15.571 -0.403 3.684 -2.154 0.022 1.085 -0.610
7.854 12.807 28.269 7.300 14.790 0.453 2.737 -2.272 0.330 1.058 -0.624
7.798 13.092 27.527 8.223 15.741 -0.198 4.104 -2.144 -0.330 1.039 -0.458
7.904 12.639 28.551 7.356 15.735 -0.194 4.791 -1.649 -1.034 0.845 -0.135
8.106 12.642 28.535 8.418 15.430 0.286 3.767 -1.940 -0.584 0.835 -0.190
8.156 12.857 27.644 6.895 15.635 -1.773 4.804 -0.110 -1.536 0.032 0.299
7.776 13.060 27.814 7.043 15.922 0.054 4.389 -1.854 -0.671 0.731 -0.185
7.952 12.808 27.851 7.587 15.764 -0.115 4.395 -1.782 -0.882 0.654 0.012
7.548 12.739 27.848 7.595 15.498 -0.511 4.285 -2.165 -0.467 1.264 -0.530
7.828 13.127 28.298 6.966 15.274 -0.420 3.695 -1.526 -0.572 0.593 -0.143
7.951 12.828 28.287 8.097 15.636 -0.647 4.443 -1.206 -1.103 0.445 0.086
7.772 12.780 26.855 7.260 15.841 -1.345 4.430 -1.034 -0.869 0.538 -0.107
7.867 12.412 28.283 8.149 15.582 0.356 4.162 -2.247 -0.432 0.948 -0.327
7.848 12.894 27.142 7.670 16.024 -0.980 4.430 -1.089 -0.882 0.501 -0.073
7.933 12.804 28.497 7.130 15.199 0.250 3.419 -2.372 0.146 1.189 -0.686
7.790 13.377 27.808 8.401 15.571 -0.130 4.263 -1.824 -0.953 0.784 -0.063
7.588 12.868 27.257 7.687 15.915 -1.369 4.902 -1.106 -1.371 0.644 0.018
7.848 13.041 27.315 7.830 15.460 -1.125 3.840 -0.945 -0.683 0.406 -0.061
7.898 12.471 28.612 6.989 15.704 -0.095 4.401 -2.244 -0.579 1.183 -0.440
7.854 12.807 28.269 7.300 14.790 0.453 2.737 -2.272 0.330 1.058 -0.624
7.641 12.677 27.389 6.112 15.660 -1.500 4.452 -1.047 -0.900 0.693 -0.150
8.030 12.075 28.507 5.500 15.546 0.282 3.962 -2.243 -0.325 0.955 -0.375
7.876 12.821 27.677 7.316 15.626 -0.574 4.147 -1.635 -0.659 0.753 -0.203
7.882 13.282 28.272 6.239 15.752 -0.355 4.618 -1.446 -0.894 0.692 -0.136
7.915 13.133 27.924 7.164 15.852 -0.022 4.428 -1.969 -0.677 0.852 -0.269
7.783 13.414 28.075 6.331 15.529 -0.114 3.930 -2.205 -0.348 0.985 -0.376
7.920 13.177 27.111 7.735 15.940 -1.473 4.588 -0.536 -1.119 0.228 0.079
7.801 12.650 27.943 6.956 15.610 -0.360 3.940 -1.846 -0.456 0.821 -0.309
7.736 12.458 27.524 7.698 15.435 -0.840 3.639 -1.160 -0.412 0.482 -0.188
7.836 13.028 27.498 7.344 16.058 -0.522 4.397 -1.646 -0.672 0.649 -0.140
8.034 13.109 28.167 7.719 15.762 -0.240 4.562 -1.981 -0.840 0.932 -0.181
7.541 12.917 27.567 7.713 15.815 -0.619 4.225 -1.795 -0.811 0.853 -0.172
7.396 12.556 27.568 7.961 15.953 0.129 4.769 -2.877 -0.528 1.391 -0.492
7.529 13.015 27.292 7.051 16.011 0.291 4.458 -3.013 -0.368 1.440 -0.553
7.848 13.105 27.880 7.300 15.622 -0.815 4.146 -1.170 -0.755 0.600 -0.128
7.476 12.816 26.650 8.288 16.366 -0.714 5.705 -2.356 -1.339 1.365 -0.289
7.770 12.833 28.366 6.248 15.733 0.905 3.899 -3.309 0.369 1.497 -0.844
7.594 12.328 28.006 7.569 16.076 -0.503 5.095 -1.736 -1.321 0.889 -0.032
7.727 13.091 27.338 8.609 15.886 -1.009 4.706 -1.195 -1.264 0.543 0.123
7.862 12.637 28.597 6.685 15.520 -0.853 4.283 -0.852 -1.122 0.339 0.126
8.289 12.374 27.215 6.901 15.458 -0.693 4.063 -1.246 -0.627 0.602 -0.216
8.323 12.498 28.602 7.003 15.294 0.687 3.893 -2.692 -0.382 1.393 -0.544
7.788 12.875 27.961 6.612 16.065 -0.647 5.081 -1.730 -1.199 0.877 -0.098
7.711 12.403 27.453 8.021 15.501 -0.354 3.884 -1.963 -0.208 0.891 -0.398
7.711 12.403 27.453 8.021 15.501 -0.354 3.884 -1.963 -0.208 0.891 -0.398
7.751 12.984 27.780 7.806 15.754 -0.063 4.282 -2.047 -0.602 0.893 -0.262
7.697 12.459 28.049 7.044 15.859 -0.140 4.247 -2.072 -0.181 0.932 -0.487
7.774 12.651 27.813 6.838 15.390 -1.286 3.904 -0.699 -0.841 0.342 -0.006
8.273 13.053 27.826 6.598 15.990 -0.497 5.008 -1.723 -1.087 1.026 -0.258
7.855 12.422 27.941 8.415 15.801 -0.499 4.695 -1.391 -1.284 0.720 -0.014
7.978 12.675 27.992 8.648 15.597 -0.236 4.141 -1.589 -0.681 0.737 -0.265
7.830 12.894 28.373 6.753 15.722 -0.977 4.777 -1.118 -1.355 0.581 0.111
7.700 13.022 26.717 7.591 16.072 -1.548 5.016 -0.439 -1.708 0.104 0.445
8.227 13.123 29.036 7.270 15.509 0.588 3.880 -2.606 -0.089 1.269 -0.646
7.963 12.505 28.132 6.634 15.553 -0.216 3.955 -1.982 -0.480 0.970 -0.332
7.788 11.896 27.983 7.806 15.477 -0.566 3.809 -1.739 -0.164 0.743 -0.400
7.967 12.674 27.820 7.477 15.481 -1.466 4.487 -0.613 -1.173 0.298 0.129
8.056 12.639 27.295 6.805 15.573 -1.702 4.553 -0.359 -1.464 0.218 0.224
7.810 12.534 27.752 8.028 15.883 -0.797 4.570 -1.162 -1.047 0.596 -0.038
7.757 13.231 26.800 7.839 15.501 -1.404 3.904 -0.984 -0.780 0.538 -0.082
7.776 13.060 27.814 7.043 15.922 0.054 4.389 -1.854 -0.671 0.731 -0.185
7.509 12.985 26.374 8.612 15.906 -0.704 4.280 -1.843 -0.782 0.822 -0.148
8.065 12.373 28.301 7.989 15.295 -0.297 4.081 -1.675 -0.811 0.841 -0.230
7.601 12.996 27.734 6.848 15.630 -0.744 4.352 -1.239 -1.054 0.544 -0.003
7.739 12.619 27.437 7.571 15.471 -0.902 4.139 -1.514 -0.546 0.634 -0.209
7.754 12.961 27.248 7.695 15.540 -1.396 4.696 -1.083 -1.356 0.533 0.126
7.996 12.861 27.599 6.708 15.516 -1.099 3.663 -0.868 -0.570 0.331 -0.014
7.706 13.319 27.218 7.625 15.928 -0.973 4.227 -1.397 -0.616 0.642 -0.220
7.962 12.784 27.260 7.957 15.518 -0.743 4.080 -1.630 -0.596 0.820 -0.272
7.763 12.725 27.816 7.316 15.538 -0.566 4.096 -1.651 -0.685 0.766 -0.227
7.843 13.217 27.361 7.649 15.885 -0.510 4.520 -1.505 -0.956 0.657 -0.113
7.676 12.713 27.824 7.834 15.458 -1.071 3.898 -1.262 -0.527 0.540 -0.154
7.951 12.942 28.048 6.675 15.703 -0.534 4.417 -1.438 -0.807 0.582 -0.057
7.725 12.888 27.677 7.083 15.664 -0.741 4.308 -1.401 -1.023 0.650 0.040
7.553 12.916 27.590 6.316 15.588 -0.717 4.241 -1.570 -0.791 0.883 -0.237
7.823 13.050 27.532 7.807 15.129 -1.181 2.971 -1.102 0.242 0.514 -0.481
7.958 12.440 27.816 6.764 15.547 -0.513 3.756 -1.390 -0.383 0.720 -0.316
7.710 13.032 26.915 5.944 15.724 -0.635 3.918 -1.864 -0.151 0.801 -0.398
8.115 12.922 27.790 7.531 15.689 -0.697 4.557 -1.471 -0.983 0.660 -0.074
7.940 12.681 28.018 7.375 16.221 -0.410 5.098 -1.763 -0.991 0.827 -0.229
7.937 12.543 27.455 8.443 15.557 -0.261 3.958 -1.739 -0.614 0.736 -0.170
7.555 13.047 28.127 8.312 15.715 -0.413 4.055 -1.597 -0.415 0.725 -0.356
7.655 12.484 27.135 7.596 15.740 -1.768 4.970 -0.482 -1.623 0.230 0.307
7.941 13.194 27.300 7.799 15.449 -0.704 3.038 -1.562 0.325 0.719 -0.526
8.003 13.273 27.810 8.271 15.717 -0.670 4.227 -1.287 -0.556 0.744 -0.349
7.822 13.179 27.135 7.894 15.785 -1.002 4.222 -1.082 -0.883 0.479 -0.058
7.943 12.496 28.556 6.751 15.384 0.041 3.855 -1.997 -0.350 0.839 -0.302
7.801 12.650 27.943 6.956 15.610 -0.360 3.940 -1.846 -0.456 0.821 -0.309
8.021 12.535 27.605 7.931 15.351 -0.794 3.680 -1.074 -0.609 0.369 -0.053
7.706 13.199 27.105 8.686 15.520 -1.197 3.744 -0.889 -0.692 0.334 0.020
7.546 12.666 27.539 8.141 15.857 -0.923 4.262 -1.271 -0.606 0.562 -0.177
7.594 12.931 28.726 7.785 15.378 0.713 3.039 -3.029 0.689 1.479 -0.896
7.840 12.947 28.093 7.663 15.377 0.230 3.378 -2.168 0.015 0.823 -0.404
7.903 12.752 27.961 7.255 15.741 -0.851 4.514 -1.332 -1.158 0.607 0.024
7.964 12.547 27.851 6.852 15.462 -1.090 4.035 -0.983 -0.890 0.466 -0.017
7.734 12.773 27.409 7.092 15.540 -0.475 3.863 -1.794 -0.421 0.766 -0.280
7.699 13.070 27.543 8.042 15.892 -1.207 4.576 -0.819 -1.116 0.328 0.093
7.995 12.523 28.322 6.568 15.132 -0.617 3.751 -1.521 -0.500 0.725 -0.265
7.450 12.955 27.179 8.745 16.197 -1.513 5.072 -0.828 -1.512 0.486 0.116
7.778 12.471 28.519 7.608 15.931 -0.646 4.813 -1.220 -1.366 0.539 0.157
7.903 12.752 27.961 7.255 15.741 -0.851 4.514 -1.332 -1.158 0.607 0.024
7.681 12.300 27.718 6.594 15.522 0.170 3.293 -2.256 0.151 0.904 -0.419
7.837 12.601 27.493 6.854 15.124 -0.755 3.063 -1.679 0.216 0.919 -0.613
7.406 12.660 27.664 7.524 16.028 0.352 4.573 -3.101 -0.408 1.521 -0.630
7.882 13.143 28.164 7.796 15.485 0.173 3.834 -2.220 -0.114 1.028 -0.462
7.933 12.804 28.497 7.130 15.199 0.250 3.419 -2.372 0.146 1.189 -0.686
7.997 12.351 28.078 6.301 15.676 -0.801 4.548 -1.370 -1.161 0.659 0.015
7.535 12.892 26.831 7.539 15.942 -1.519 5.105 -1.118 -1.467 0.706 0.096
7.750 13.266 27.499 6.664 15.928 -0.506 4.296 -1.448 -0.808 0.631 -0.164
7.867 12.690 27.324 7.430 15.658 -0.541 3.943 -1.681 -0.574 0.751 -0.150
7.716 13.256 27.607 6.611 15.840 -0.600 4.250 -1.318 -0.926 0.564 0.030
7.915 12.968 27.947 7.180 15.485 0.261 4.046 -2.207 -0.646 0.855 -0.155
7.530 12.708 27.156 6.646 15.684 -1.122 4.252 -1.406 -1.051 0.842 -0.139
7.970 12.613 28.504 6.325 14.999 -0.279 3.119 -1.670 0.070 0.753 -0.463
7.581 12.726 27.136 7.042 15.825 -0.867 4.381 -1.416 -0.735 0.608 -0.167
7.881 13.226 27.286 7.492 15.152 -0.806 3.372 -1.128 -0.442 0.466 -0.146
7.715 12.935 27.220 7.824 15.761 -0.525 4.404 -2.014 -0.634 1.047 -0.325
7.819 12.118 27.743 8.726 15.566 -0.448 3.880 -1.822 -0.374 0.789 -0.254
7.793 12.965 27.307 8.480 15.773 -1.469 4.524 -0.712 -1.181 0.292 0.104
7.746 13.304 27.662 7.385 15.635 -0.417 3.340 -1.892 0.110 0.917 -0.545
8.043 12.682 27.840 7.628 15.684 -0.771 4.260 -1.094 -0.970 0.547 -0.036
7.987 12.394 28.399 6.069 15.118 -0.495 3.794 -1.346 -0.692 0.716 -0.174
7.685 12.610 28.286 6.213 15.473 -0.505 4.538 -1.565 -1.435 0.575 0.256
7.994 13.232 28.198 6.489 15.489 0.557 2.945 -2.682 0.575 1.317 -0.826
7.948 12.894 27.345 6.618 16.241 -0.928 5.200 -1.304 -1.278 0.626 0.003
7.724 12.567 28.285 8.227 15.380 0.244 3.792 -2.225 -0.350 1.034 -0.397
7.734 12.747 27.768 7.848 15.698 -0.245 3.959 -1.860 -0.362 0.958 -0.417
7.793 12.965 27.307 8.480 15.773 -1.469 4.524 -0.712 -1.181 0.292 0.104
8.193 12.952 28.096 7.285 15.356 -0.176 3.772 -2.027 -0.202 1.143 -0.618
7.742 12.736 27.495 7.857 15.664 -0.547 4.058 -1.737 -0.431 0.847 -0.324
7.884 12.930 27.678 7.997 15.753 -0.416 4.163 -1.783 -0.591 0.791 -0.243
8.421 12.520 28.421 8.150 15.082 0.393 3.524 -2.382 -0.260 1.202 -0.524
7.855 12.857 28.038 7.134 15.664 -0.789 4.281 -1.479 -0.911 0.776 -0.102
7.688 12.721 27.696 7.711 15.471 0.239 3.781 -2.898 0.169 1.277 -0.616
7.550 12.624 27.404 7.970 15.625 -1.357 4.551 -1.047 -1.091 0.498 -0.009
7.742 12.633 27.419 7.168 15.609 -0.771 3.992 -1.512 -0.648 0.701 -0.149
8.034 13.109 28.167 7.719 15.762 -0.240 4.562 -1.981 -0.840 0.932 -0.181
7.727 12.921 26.983 7.786 15.574 -1.608 4.566 -0.707 -1.358 0.278 0.229
7.961 12.680 27.270 7.222 15.706 -0.630 4.406 -1.650 -1.017 0.814 -0.059
7.691 12.927 28.473 7.041 15.230 -0.039 3.693 -1.789 -0.475 0.738 -0.227
7.654 12.974 27.418 7.568 15.893 -0.798 4.639 -1.299 -1.049 0.547 0.011
7.765 12.346 27.722 6.487 15.610 -0.564 3.997 -1.494 -0.627 0.485 -0.060
7.693 12.904 27.359 7.817 15.653 -0.356 3.800 -1.777 -0.296 0.685 -0.232
7.631 13.132 27.455 7.247 15.902 -0.914 4.414 -1.317 -0.843 0.506 -0.061
7.517 13.143 27.015 7.363 15.943 -0.997 4.866 -1.518 -1.145 0.770 -0.055
7.996 12.861 27.599 6.708 15.516 -1.099 3.663 -0.868 -0.570 0.331 -0.014
8.011 12.626 28.039 7.012 15.849 -0.007 4.174 -1.734 -0.617 0.765 -0.143
7.469 12.791 27.006 7.653 15.717 -0.152 3.976 -2.251 -0.271 1.197 -0.549
7.837 12.859 26.906 7.132 15.642 -1.143 4.200 -1.229 -0.720 0.603 -0.165
7.632 12.906 27.230 8.735 16.044 -0.904 4.515 -1.583 -0.974 0.800 -0.112
7.632 12.906 27.230 8.735 16.044 -0.904 4.515 -1.583 -0.974 0.800 -0.112
8.003 13.273 27.810 8.271 15.717 -0.670 4.227 -1.287 -0.556 0.744 -0.349
7.833 13.263 27.884 8.504 15.647 0.060 4.043 -2.070 -0.468 0.803 -0.225
8.248 12.736 28.284 7.725 15.422 -0.959 3.926 -0.746 -0.803 0.391 -0.054
8.170 13.293 28.761 8.202 15.118 0.067 3.313 -1.652 -0.288 0.689 -0.281
7.863 12.700 28.862 7.440 15.711 0.545 3.943 -2.268 -0.224 0.922 -0.370
7.840 12.447 28.196 7.768 15.718 -0.092 3.940 -2.189 -0.350 1.018 -0.369
7.830 12.894 28.373 6.753 15.722 -0.977 4.777 -1.118 -1.355 0.581 0.111
7.719 13.011 27.904 7.723 15.441 -0.288 4.225 -1.907 -0.845 0.795 -0.094
8.026 12.457 27.601 6.802 15.028 -0.619 3.411 -1.736 -0.237 0.811 -0.313
7.918 12.340 27.985 7.831 15.187 -0.705 3.452 -1.049 -0.485 0.439 -0.110
7.688 12.946 28.337 7.911 15.608 -0.881 4.152 -1.105 -0.827 0.437 -0.003
7.777 12.661 27.371 6.992 15.500 -1.350 4.080 -1.263 -0.593 0.598 -0.174
7.644 12.650 27.446 7.701 15.726 -0.541 4.619 -1.811 -0.974 0.827 -0.059
7.808 12.670 27.057 8.842 15.866 -0.249 4.466 -2.054 -0.722 0.985 -0.266
8.141 12.599 27.997 7.783 15.070 -0.407 3.597 -1.333 -0.649 0.593 -0.085
7.960 12.419 27.243 7.901 15.703 -1.434 4.636 -0.742 -1.427 0.489 0.143
7.944 12.726 27.550 7.907 16.111 -0.441 4.604 -1.616 -0.828 0.725 -0.131
7.813 12.944 27.582 6.762 15.459 -0.473 3.870 -1.641 -0.509 0.795 -0.235
7.676 12.713 27.824 7.834 15.458 -1.071 3.898 -1.262 -0.527 0.540 -0.154
7.636 12.900 27.560 8.136 15.715 -0.454 4.217 -2.156 -0.593 1.114 -0.336
8.180 12.905 27.608 7.217 15.654 -0.230 4.150 -1.688 -0.677 0.808 -0.205
7.787 12.746 27.586 7.782 15.750 -1.122 4.348 -1.253 -0.756 0.624 -0.139
7.634 12.937 27.188 6.535 15.370 -0.785 3.800 -1.776 -0.383 0.926 -0.355
7.721 13.400 27.720 6.536 15.561 -0.486 3.751 -1.842 -0.212 0.852 -0.389
7.830 12.894 28.373 6.753 15.722 -0.977 4.777 -1.118 -1.355 0.581 0.111
7.690 12.914 27.072 7.919 16.007 -1.140 4.764 -1.149 -1.028 0.496 -0.035
7.710 12.348 26.984 7.067 15.588 -0.746 3.611 -1.391 -0.170 0.495 -0.264
7.548 12.739 27.848 7.595 15.498 -0.511 4.285 -2.165 -0.467 1.264 -0.530
7.828 13.127 28.298 6.966 15.274 -0.420 3.695 -1.526 -0.572 0.593 -0.143
7.910 13.242 27.681 7.004 15.636 -0.783 4.007 -1.279 -0.503 0.505 -0.167
7.788 11.896 27.983 7.806 15.477 -0.566 3.809 -1.739 -0.164 0.743 -0.400
7.553 12.786 27.877 7.675 15.641 -0.300 4.390 -2.330 -0.507 1.268 -0.545
7.748 12.601 27.798 7.916 15.003 -0.974 2.944 -1.158 -0.011 0.608 -0.413
7.774 13.056 28.458 7.871 15.678 0.144 4.497 -2.319 -0.895 1.146 -0.231
7.927 12.481 27.201 7.677 15.259 -0.931 3.489 -1.288 -0.320 0.700 -0.339
7.676 12.713 27.824 7.834 15.458 -1.071 3.898 -1.262 -0.527 0.540 -0.154
7.698 12.623 27.998 8.005 15.790 -0.046 4.178 -2.235 -0.347 0.978 -0.362
8.020 12.902 28.523 7.508 15.383 -0.395 4.137 -1.491 -0.933 0.762 -0.115
7.602 12.939 27.263 7.119 15.620 -0.531 4.076 -1.700 -0.633 0.839 -0.239
7.745 12.780 27.452 7.645 15.799 -1.001 4.383 -1.364 -0.689 0.635 -0.164
7.647 13.322 27.161 7.866 15.160 -0.512 3.492 -1.795 -0.487 0.875 -0.232
7.635 12.895 27.617 6.748 15.153 -0.746 3.424 -1.622 -0.090 0.878 -0.482
7.745 12.443 27.961 7.838 15.435 -0.429 3.784 -1.931 -0.196 0.803 -0.370
7.714 12.673 27.670 7.193 15.515 -0.051 3.869 -2.286 -0.321 1.000 -0.372
7.639 12.386 27.813 7.724 15.616 0.035 4.288 -2.229 -0.781 0.848 -0.056
7.807 12.315 27.937 6.868 15.479 -0.181 3.987 -1.935 -0.614 0.787 -0.200
7.930 12.499 28.518 8.609 15.440 0.345 3.543 -2.514 0.139 1.124 -0.578
7.586 12.623 27.384 6.945 15.706 -0.169 4.121 -2.056 -0.501 1.120 -0.432
7.604 12.546 27.802 6.923 15.612 -0.212 3.891 -1.935 -0.209 0.892 -0.445
7.893 12.613 28.275 8.096 15.771 -0.602 4.547 -1.273 -0.892 0.538 -0.086
7.941 13.194 27.300 7.799 15.449 -0.704 3.038 -1.562 0.325 0.719 -0.526
7.739 12.986 27.558 7.756 15.701 -0.183 3.775 -2.185 -0.182 0.982 -0.370
7.881 12.543 28.275 6.610 15.280 -0.362 3.561 -1.655 -0.126 0.810 -0.417
7.528 12.597 26.823 7.184 15.589 -1.950 3.713 -0.538 -0.729 0.255 0.009
7.695 13.129 27.708 8.155 15.919 -0.333 4.446 -1.844 -0.944 0.787 -0.046
7.642 12.586 27.079 6.847 15.652 -0.311 4.360 -2.389 -0.492 1.375 -0.587
7.982 12.900 28.207 7.490 15.587 -0.867 4.283 -0.995 -1.012 0.470 0.052
7.711 12.925 27.392 8.559 15.861 -0.959 4.915 -1.216 -1.177 0.517 0.016
7.735 12.956 27.615 7.524 15.598 -0.988 4.235 -0.963 -0.821 0.572 -0.161
7.788 12.867 28.026 6.539 15.378 -0.374 4.126 -1.769 -0.733 0.691 -0.091
8.141 12.599 27.997 7.783 15.070 -0.407 3.597 -1.333 -0.649 0.593 -0.085
7.861 13.065 27.833 7.919 15.646 -0.028 3.985 -1.855 -0.738 0.862 -0.153
7.976 13.503 27.382 7.660 15.300 -0.862 3.765 -1.267 -0.381 0.662 -0.326
7.745 12.442 27.467 8.862 15.655 -0.859 4.089 -1.121 -0.769 0.536 -0.091
7.916 12.953 27.666 8.165 15.268 -0.368 3.867 -2.052 -0.511 1.144 -0.435
8.020 12.902 28.523 7.508 15.383 -0.395 4.137 -1.491 -0.933 0.762 -0.115
7.538 13.018 27.040 6.710 15.673 -1.003 4.073 -1.176 -1.055 0.647 0.004
7.407 13.095 26.866 7.735 15.866 -1.072 4.374 -1.702 -0.601 0.931 -0.374
7.740 12.872 27.734 7.180 15.733 0.341 3.873 -2.671 -0.197 1.233 -0.520
7.576 13.201 26.692 7.921 16.361 -0.900 4.742 -1.170 -1.178 0.447 0.096
7.460 13.075 27.917 8.053 15.885 -0.593 4.510 -1.514 -1.195 0.764 -0.022
7.473 13.159 26.984 7.505 15.992 -0.848 4.695 -1.846 -0.843 0.719 -0.103
8.016 12.509 27.584 7.140 15.697 0.528 4.020 -2.658 -0.117 1.258 -0.604
7.574 12.439 27.718 7.739 15.789 0.261 3.999 -2.379 -0.276 1.162 -0.542
7.790 12.954 27.373 6.727 15.708 -0.444 4.189 -1.979 -0.483 1.026 -0.391
7.645 12.860 27.001 8.329 15.888 -1.055 4.256 -1.078 -0.829 0.412 0.013
7.444 12.396 27.372 6.085 15.792 -1.345 4.735 -1.401 -1.147 0.818 -0.101
7.772 12.915 27.551 7.794 15.595 -0.651 4.483 -1.355 -0.967 0.573 -0.054
7.674 12.847 27.281 7.615 15.494 -1.437 4.359 -0.538 -1.122 0.204 0.154
7.958 12.927 27.950 6.247 15.674 -0.134 4.040 -1.947 -0.426 0.973 -0.421
7.853 13.187 28.159 7.020 15.312 -0.490 3.417 -1.487 -0.030 0.735 -0.492
7.748 13.059 28.361 6.916 15.479 -0.157 3.808 -1.431 -0.401 0.570 -0.235
7.849 12.687 28.152 7.002 15.706 0.248 4.325 -2.422 -0.580 1.005 -0.225
7.745 12.442 27.467 8.862 15.655 -0.859 4.089 -1.121 -0.769 0.536 -0.091
8.115 12.988 28.179 7.867 16.150 0.361 5.200 -2.352 -1.305 1.074 -0.131
8.004 12.943 27.787 8.846 15.664 -0.302 3.956 -1.881 -0.454 1.011 -0.415
7.966 13.290 27.305 7.136 15.490 -0.650 3.738 -1.047 -0.543 0.371 -0.151
7.898 13.135 27.846 7.747 15.415 -0.190 3.609 -1.967 -0.131 0.966 -0.478
7.782 12.950 28.191 7.498 15.677 -0.919 4.770 -1.231 -1.507 0.631 0.120
7.905 12.876 27.647 7.403 15.535 -0.037 3.869 -1.837 -0.610 0.886 -0.277
7.842 12.615 27.560 7.909 15.276 -0.947 4.017 -1.179 -0.703 0.526 -0.061
7.860 12.659 27.362 7.721 15.518 -1.417 4.121 -0.402 -1.100 0.145 0.152
7.768 12.927 28.605 6.889 15.416 -0.277 4.042 -1.640 -0.797 0.741 -0.129
7.873 12.663 27.742 6.801 15.679 -1.192 4.390 -0.647 -1.235 0.290 0.191
7.835 12.319 28.318 7.729 15.287 -0.796 3.481 -1.268 -0.162 0.589 -0.381
7.886 12.814 27.736 7.483 15.510 -0.524 3.845 -1.667 -0.491 0.766 -0.215
7.683 13.006 27.575 7.707 15.667 -1.597 5.150 -0.736 -1.987 0.320 0.465
7.787 12.746 27.586 7.782 15.750 -1.122 4.348 -1.253 -0.756 0.624 -0.139
8.261 13.068 28.282 6.786 15.683 -0.140 4.466 -1.708 -0.922 0.832 -0.131
7.639 12.386 27.813 7.724 15.616 0.035 4.288 -2.229 -0.781 0.848 -0.056
7.766 12.693 27.694 8.019 15.593 -0.438 4.120 -1.483 -0.661 0.673 -0.194
7.711 12.925 27.392 8.559 15.861 -0.959 4.915 -1.216 -1.177 0.517 0.016
7.809 12.734 28.396 7.428 15.492 -0.837 4.393 -1.237 -1.182 0.523 0.112
7.556 13.329 27.356 7.352 15.878 -0.038 4.393 -2.863 -0.021 1.537 -0.792
8.062 12.858 28.149 6.722 15.873 0.193 3.865 -1.861 -0.297 0.853 -0.364
