7.848198 122.608433
7.475990 122.350396
7.878777 119.767613
7.957718 123.721898
8.280098 128.740389
7.687477 122.814592
7.611237 119.389243
7.845360 121.549963
7.793243 125.519694
7.883125 124.590633
7.659828 118.883917
7.980652 127.932343
7.800751 120.006595
7.758064 118.306037
8.143890 125.466374
7.911667 122.717666
7.633713 120.862587
7.710869 122.305154
7.687477 122.814592
7.687614 121.319622
7.880219 120.985795
8.193077 125.809520
7.823730 122.019111
7.867104 121.608224
8.065361 123.361209
7.559303 118.706676
8.053940 124.623440
8.028580 124.766268
7.709541 119.339523
7.492676 121.132039
7.883125 124.590633
7.687660 121.297971
7.756531 122.087133
8.018166 123.202343
7.580063 116.815772
7.729019 120.191333
7.829979 123.104595
7.751152 122.414071
8.002670 123.229411
7.640739 119.654486
7.774132 119.646295
7.629478 115.240220
7.723572 118.196917
7.726707 120.334844
7.762413 119.442676
7.758064 118.306037
7.676056 119.490485
7.769989 122.244244
7.940346 128.799577
7.965271 127.557486
7.509270 119.441420
7.799423 120.063488
7.913841 122.247963
8.022560 125.211179
7.852592 120.236977
7.836456 122.943391
8.006035 122.297675
7.468781 117.388424
7.883125 124.590633
7.923111 121.842091
7.860855 121.823875
7.982826 122.824037
7.999031 124.606984
8.308525 128.889222
7.703751 120.281424
8.496025 133.544787
7.767357 121.678023
7.735565 118.874057
7.794640 123.131888
7.687614 121.319622
8.086922 125.664923
7.741951 120.842481
7.582626 117.431292
8.194130 128.264650
7.929886 122.332789
7.825607 124.994602
7.943985 121.384886
7.510483 117.295693
7.883125 124.590633
7.830345 122.486686
7.971176 125.112173
7.895966 124.215930
7.814301 127.597401
7.546600 117.091428
7.903725 122.812689
8.018166 123.202343
7.740326 118.756818
7.690956 118.246724
7.783241 120.862505
7.643761 122.711062
7.894455 122.446351
8.227432 127.602221
7.823296 123.541064
7.554817 120.371183
8.004570 125.193521
7.613617 116.916178
8.261467 129.561127
7.785759 119.763808
7.769989 122.244244
7.751152 122.414071
7.754265 120.498080
7.775986 122.885960
7.628975 120.880852
7.694572 120.415116
7.450035 120.669602
7.606705 120.542796
7.762413 119.442676
8.188133 127.264264
7.790771 121.640453
7.804802 118.880876
7.733986 121.405738
8.004890 124.062419
8.114960 131.053724
7.739799 119.681346
7.571159 116.558026
7.821671 123.466822
8.083649 125.933355
7.610161 118.952568
7.908211 122.420282
7.794342 119.957383
7.774704 123.849668
8.069710 125.896469
7.398857 117.989439
7.917000 121.486260
7.610161 118.952568
7.913383 121.785272
7.913841 122.247963
7.683105 119.566790
7.804802 118.880876
7.845360 121.549963
8.025398 127.890505
8.230888 124.331461
7.629890 122.939753
7.602493 118.750502
7.993698 122.531199
7.735268 118.299901
7.750809 122.106324
7.685646 121.051652
7.897682 121.740144
7.926544 120.951687
7.860008 121.969052
7.762001 124.396991
7.758064 121.637244
7.909195 122.854793
7.775871 123.804104
7.945427 120.738674
7.814301 127.597401
7.886215 124.478389
7.643761 122.711062
7.885529 122.307062
7.766396 121.100974
7.791023 124.676626
7.767998 126.973977
7.578117 121.909820
7.926842 122.972214
7.951332 124.856271
7.716866 119.801178
7.791023 124.676626
7.846756 120.802660
7.726936 122.752169
7.700340 121.750553
7.450813 118.471013
8.421455 127.016176
7.574982 121.245596
7.444405 117.559424
7.843575 121.596412
7.702217 119.189364
8.083099 126.088704
7.745659 121.099810
7.676010 117.346244
7.823524 116.860465
7.765594 122.299510
7.541130 119.260470
7.741310 119.758452
7.647812 122.145049
7.395996 117.989856
7.798187 122.855424
7.832680 122.558781
7.817711 123.440114
7.844238 121.411577
7.766396 121.100974
7.643166 119.876561
7.988686 123.606899
8.049889 125.853821
8.028053 126.109998
7.913383 121.785272
8.010681 126.962830
7.802742 122.380153
8.180099 128.053531
7.863693 130.137074
7.871681 123.930413
8.028580 124.766268
7.556625 120.089877
7.697525 118.418381
7.553123 117.741540
7.635727 122.561464
7.552643 118.592833
7.527008 120.557456
7.875870 122.289645
7.607346 118.589353
7.888802 124.128339
7.947624 129.073541
8.288704 128.129095
8.040115 125.981014
7.915054 118.301841
8.273460 132.289801
7.958496 124.739241
7.695488 122.503341
7.924644 124.223775
7.745247 115.874288
7.791527 122.511512
8.007614 126.624312
7.866760 123.180891
7.641930 118.904326
7.789970 120.500714
7.708305 119.827242
7.840096 121.101753
7.707733 120.133848
7.774132 119.646295
7.767494 119.812832
8.125603 127.343555
7.775986 122.885960
7.741951 120.842481
7.702217 119.189364
7.782074 121.997327
7.954102 122.910408
7.934578 124.787890
7.774132 119.646295
8.323357 127.298398
8.016243 122.143530
7.954102 122.910408
8.052223 125.810977
7.733986 121.405738
7.733849 121.139467
7.960945 125.033228
8.015854 125.824325
7.787750 124.050522
7.798302 119.938359
7.901871 122.464527
7.929794 123.569620
7.886169 120.444414
7.941559 125.149019
8.308525 128.889222
7.816177 121.483760
7.747375 118.324582
7.889626 121.201539
7.659828 118.883917
7.582352 118.338735
8.021187 123.130055
7.709679 119.758107
7.735268 118.299901
7.682648 119.666251
7.761726 122.070463
7.739548 120.309458
7.855453 123.047010
7.727257 119.992205
7.760834 120.733887
7.750511 116.765607
7.707962 119.528214
7.703499 122.973752
7.861610 122.008596
7.736435 121.387018
7.508514 118.459502
7.689835 123.092667
7.905327 122.808487
7.822151 123.196492
8.177124 125.678584
8.421455 127.016176
7.824646 123.457366
8.193077 125.809520
7.881203 120.424834
7.845360 121.549963
7.786995 123.083607
7.760834 120.733887
7.841103 119.669751
8.033432 123.897102
7.830345 122.486686
8.036293 121.472125
7.792488 116.660742
8.025398 127.890505
8.230888 124.331461
7.524994 119.661700
7.646782 119.848034
7.709541 119.339523
8.049889 125.853821
7.407211 117.520069
7.897636 124.763949
7.765594 122.299510
8.003220 124.936825
7.597069 117.715926
7.513115 121.342035
7.921005 122.751356
7.694572 120.415116
7.607391 119.758102
8.036293 121.472125
7.607941 120.375482
7.687477 122.814592
7.698509 121.273185
7.670425 120.757040
7.782074 121.997327
7.884567 123.200509
7.628975 120.880852
7.641930 118.904326
7.507919 119.369496
7.744400 116.918692
7.945427 120.738674
7.929199 123.924220
7.742706 123.672876
7.856094 125.733241
8.086807 123.143081
8.086922 125.664923
8.022560 125.211179
7.706268 119.604632
7.582352 118.338735
7.600113 119.404851
7.716133 123.435105
7.684273 121.533963
8.025398 127.890505
7.343834 114.895511
7.630829 123.775383
7.666168 118.710364
7.910477 123.689642
8.058220 122.606275
7.935860 123.685939
7.814346 121.310151
7.604164 118.633233
7.573906 116.180076
8.012901 123.263125
7.813316 120.872353
7.791870 121.898913
7.822609 118.348656
7.851082 121.823063
7.535088 120.122153
7.924644 124.223775
7.946274 122.757135
7.758064 121.637244
8.083946 122.462675
8.169662 123.507074
7.777245 120.677377
7.814301 123.581787
7.781960 121.068945
7.741951 120.842481
8.119102 124.095402
7.654564 120.752749
7.611076 118.008175
7.690727 121.741871
7.742638 119.703141
7.739502 123.061591
7.710205 121.233382
7.587341 120.280175
7.808624 120.968192
7.762413 119.442676
7.643761 122.711062
7.823982 120.847822
7.612335 121.415220
7.813683 122.732721
7.598099 120.095904
7.797180 125.402269
7.789856 121.294999
7.697182 121.316984
7.489746 120.989826
7.684799 119.759346
7.716660 118.802574
7.920799 121.402998
7.720917 119.708998
7.777725 121.413095
7.941650 121.969320
7.788208 125.119646
7.836113 121.968717
7.847878 121.326524
8.002831 125.782878
7.673790 118.899177
7.830345 122.486686
8.115211 127.317472
7.438660 117.697195
7.548180 116.979743
7.710869 122.305154
7.783997 120.462550
7.592880 120.371544
7.788048 119.762730
7.751152 122.414071
7.932816 120.568548
7.915352 123.293894
7.895966 124.215930
7.941307 122.681441
7.604782 119.691592
7.767494 119.812832
7.880219 120.985795
7.686630 120.905593
8.437317 131.579778
7.610161 118.952568
7.750374 123.448920
7.710159 116.801008
7.861702 117.571658
7.915077 122.563935
7.688873 120.020338
7.775688 122.054076
7.843575 121.596412
7.605972 120.619776
7.750809 122.106324
7.860947 126.423969
7.789970 120.500714
7.954102 122.910408
7.602539 118.680718
7.800179 120.343022
7.786583 120.427879
7.562622 118.579952
7.684753 121.093210
7.566605 117.186582
7.927917 123.153269
7.888802 124.128339
7.843575 121.596412
7.853027 124.427976
7.744972 119.539948
7.944695 122.321504
7.748314 119.934781
7.739594 121.768263
7.828217 118.898360
7.684959 120.542452
7.718719 123.471607
7.705582 117.903595
7.708717 120.175525
7.786583 120.427879
8.140640 122.680939
7.733551 122.369760
7.699310 122.358469
7.870514 121.126309
7.723114 120.719950
8.140640 122.680939
7.744514 122.352429
7.581001 119.965566
7.639229 121.141816
7.842545 121.223272
8.002831 125.782878
7.509270 119.441420
7.720528 120.142572
7.789856 121.294999
7.915558 119.284667
7.735748 121.574130
7.873169 123.446670
7.715996 123.303065
7.739799 119.681346
7.942955 122.367857
7.947624 129.073541
7.703499 121.694411
7.845360 121.549963
8.040115 125.981014
8.029129 124.185521
7.828720 121.843036
7.687363 118.386214
7.867104 121.608224
7.723572 118.196917
7.737946 128.570363
7.931831 122.124512
7.475487 115.835131
7.915260 123.328397
7.802376 120.332608
7.407211 117.520069
7.739799 119.681346
7.828903 123.945785
7.541130 119.260470
7.772278 119.459919
7.787865 120.534050
7.921005 122.751356
7.709656 122.043012
7.840118 123.234815
7.928444 129.522797
7.926842 122.972214
7.883125 124.590633
8.019859 126.022501
8.016014 128.402191
7.739502 123.061591
7.918030 120.249352
7.812195 122.564012
7.772278 119.459919
8.119583 122.635031
7.936272 124.933340
7.734192 117.959873
7.716866 119.801178
7.812744 120.776978
8.117615 124.934358
7.790977 125.444970
7.978912 123.210081
7.942360 118.231882
8.029129 124.185521
7.844948 122.449635
7.897636 124.763949
7.783241 120.862505
7.725769 119.965292
7.603889 118.913331
8.188133 127.264264
8.188133 127.264264
7.781960 121.068945
7.976555 123.135016
7.628975 120.880852
7.574982 121.245596
7.777245 120.677377
7.796997 122.005451
7.957718 123.721898
7.638908 119.288741
7.820320 122.476523
7.840118 123.234815
7.842545 121.223272
8.125603 127.343555
8.017731 125.990749
7.911667 122.717666
8.068977 128.799736
7.406296 118.706109
7.941650 121.969320
8.046593 128.160503
7.858658 121.990237
7.794342 119.957383
7.676102 118.197985
7.555367 121.591277
7.764862 121.211019
7.739044 117.470280
7.823296 123.541064
7.829979 123.104595
7.509613 118.620366
7.486931 120.448684
7.621468 121.822095
7.592560 119.742197
7.688599 121.362804
8.075729 125.496418
7.720917 119.708998
8.177124 125.678584
7.806061 122.256972
7.919701 126.242883
8.088409 124.203138
7.709656 122.043012
7.915260 123.328397
7.798187 122.855424
7.913956 125.483689
7.706383 122.749670
8.109650 124.461865
7.736435 121.387018
8.040115 125.981014
7.723114 120.719950
7.913383 121.785272
7.716110 122.224820
8.022560 125.211179
7.724648 121.001338
7.644859 121.464770
7.802696 124.685787
7.929794 123.569620
7.480957 114.917591
7.735565 118.874057
7.823524 116.860465
7.855453 121.721818
7.767540 122.438286
7.739548 120.309458
7.712608 121.981635
7.782852 121.185793
7.708305 119.827242
8.072250 127.722597
7.819130 121.712512
7.904205 124.370003
7.762001 124.396991
7.750374 123.448920
7.751152 122.414071
7.629478 115.240220
7.800179 120.343022
7.946274 122.757135
7.777245 120.677377
7.343834 114.895511
7.877106 126.436403
7.843575 121.596412
7.750511 116.765607
7.780289 124.077542
7.580063 116.815772
7.951332 124.856271
7.944695 122.321504
7.553421 118.142721
8.133110 127.622867
8.016014 128.402191
7.342552 111.943113
7.486931 120.448684
7.706383 122.749670
7.919357 122.882404
8.206398 125.902451
7.881660 124.149728
7.746071 121.872183
7.740669 118.943492
7.343834 114.895511
7.837463 122.972981
7.545891 121.832818
8.188133 127.264264
7.735268 118.299901
7.856735 123.700339
7.821671 123.466822
7.717415 119.129315
7.915077 122.563935
7.893356 124.482248
8.004570 125.193521
7.862686 121.078804
7.489746 120.989826
7.693199 120.424968
7.694893 121.320964
8.025398 127.890505
7.726936 122.752169
7.911667 122.717666
7.689835 123.092667
7.714874 121.595004
7.791367 120.336391
8.280098 128.740389
7.735748 121.574130
7.774841 121.404931
7.850258 119.670887
8.299301 126.514334
7.929794 123.569620
7.850258 119.670887
7.854424 122.462032
7.823753 121.165040
7.524994 119.661700
7.796997 122.005451
7.915855 120.856657
7.450813 118.471013
8.039337 125.141078
7.840096 121.101753
7.676010 117.346244
7.579742 119.970676
7.560333 120.229053
7.809792 123.135062
7.594620 120.365548
7.689835 123.092667
7.710869 122.305154
7.975433 121.407422
7.571800 117.045145
7.700249 125.764679
7.687477 122.814592
7.934578 124.787890
7.765091 121.361978
7.754265 120.498080
8.086922 125.664923
7.777084 120.542586
7.714874 121.595004
7.949867 118.993836
7.757217 120.245680
7.814301 127.597401
7.693520 121.424749
7.508514 118.459502
8.049889 125.853821
7.915077 122.563935
7.758476 123.774388
7.816704 121.796063
7.791870 121.898913
7.687637 121.949899
8.191360 125.625325
8.082573 129.159186
7.647308 115.936761
7.896675 123.394217
7.923111 121.842091
7.799286 117.725160
7.614189 122.633582
8.014412 124.651145
7.541130 119.260470
7.809792 121.694957
7.751656 121.425483
7.742638 119.703141
8.004890 124.062419
7.530899 116.089258
7.915855 120.856657
7.763123 124.186697
8.074059 127.628627
7.732246 121.339292
7.965271 127.557486
7.574982 121.245596
7.758064 118.306037
7.845955 123.368685
7.623779 119.158431
7.600845 118.803116
7.731285 119.196637
8.021187 123.130055
7.545891 121.832818
7.771706 123.793926
7.777084 120.542586
7.744675 121.240226
7.782852 121.185793
7.726936 122.752169
8.230888 124.331461
8.006035 122.297675
7.697273 120.306887
7.851700 122.398437
7.692650 120.085293
8.188133 127.264264
7.775871 123.804104
7.793243 125.519694
7.626389 119.827618
7.748314 119.934781
7.710205 121.233382
8.104042 128.512520
7.578117 121.909820
7.804802 118.880876
7.880836 119.412130
7.746071 121.872183
7.686630 120.905593
7.772095 123.115632
7.960396 124.998363
7.556030 119.758280
8.169662 123.507074
7.764244 119.443973
8.117249 126.014104
7.782852 121.185793
7.854424 122.462032
7.731171 118.107191
7.802376 120.332608
7.727257 119.992205
7.328636 117.892466
7.897682 121.740144
7.896675 123.394217
7.645866 117.935313
7.791023 124.676626
8.088409 124.203138
7.685646 121.051652
7.817711 123.440114
7.600113 119.404851
7.928444 129.522797
7.762276 119.736990
8.006035 122.297675
7.676056 119.490485
7.844238 121.411577
7.667679 118.744532
7.767494 119.812832
7.814346 121.310151
7.527008 120.557456
7.844948 122.449635
7.799721 118.184177
7.884567 123.200509
7.711075 119.531507
7.787865 120.534050
7.580063 116.815772
7.742706 123.672876
7.760559 121.662708
7.883125 124.590633
7.631882 122.444636
7.834488 121.239273
7.722084 119.404931
8.021599 119.420530
7.553123 117.741540
7.864769 122.933262
7.486931 120.448684
7.594986 118.631951
7.780289 124.077542
7.612175 118.464247
7.543259 117.454469
7.854103 116.159793
7.797523 122.743246
7.904205 124.370003
8.105598 125.072242
8.155632 127.510034
7.775871 123.804104
7.952156 125.358967
7.548180 116.979743
7.827827 119.561731
7.950645 124.318653
7.772095 123.115632
7.867447 122.592729
7.847992 125.759917
7.932816 120.568548
7.789856 121.294999
7.588051 120.763290
7.847878 121.326524
7.898438 124.040590
7.854103 116.159793
7.640739 119.654486
8.029678 124.827669
7.876419 123.074241
7.881660 124.149728
7.914986 125.469174
7.783241 120.862505
7.919701 126.242883
7.800613 121.769654
7.736000 119.407593
7.836090 125.828656
8.034370 126.634970
7.541130 119.260470
7.395996 117.989856
7.529068 120.548152
7.848198 122.608433
7.475990 122.350396
7.769989 122.244244
7.594070 122.084644
7.726936 122.752169
7.861610 122.008596
8.288704 128.129095
8.323357 127.298398
7.788208 125.119646
7.711075 119.531507
7.711075 119.531507
7.750809 122.106324
7.697433 122.074427
7.774132 119.646295
8.273460 132.289801
7.854538 124.110880
7.977997 124.431439
7.829979 123.104595
7.700340 123.757675
8.227432 127.602221
7.963051 123.852397
7.787865 120.534050
7.966759 123.335640
8.056160 125.459722
7.809906 124.045781
7.757217 120.245680
7.775871 123.804104
7.509270 119.441420
8.065361 123.361209
7.600845 118.803116
7.739296 119.736455
7.754265 120.498080
7.995621 124.057889
7.706383 122.749670
7.962410 123.563213
7.762917 120.620418
7.842522 124.576699
7.675873 118.652943
7.951332 124.856271
7.724648 121.001338
7.553123 117.741540
7.822609 118.348656
7.957718 123.721898
7.710205 121.233382
8.115211 127.317472
7.940346 128.799577
7.937073 123.480339
7.555252 118.729482
7.655273 120.491236
7.941307 122.681441
8.002831 125.782878
7.821671 123.466822
7.942566 122.191828
7.800613 121.769654
8.021187 123.130055
7.706268 119.604632
7.546371 119.665663
7.594299 116.781419
7.840233 120.562642
7.902718 124.395082
7.963760 123.132243
7.733917 120.182355
7.699310 122.358469
7.995255 120.983281
7.450035 120.669602
7.778366 123.916012
7.902718 124.395082
7.680611 119.215669
7.836754 118.521391
7.406296 118.706109
7.881592 122.044273
7.932816 120.568548
7.996628 125.358729
7.535088 120.122153
7.750374 123.448920
7.866760 123.180891
7.716110 122.224820
7.915077 122.563935
7.529915 118.098830
7.969917 119.542381
7.581001 119.965566
7.880836 119.412130
7.714874 121.595004
7.819130 121.712512
7.792854 122.912928
7.745659 121.099810
8.042564 126.138353
7.987198 120.747017
7.685074 118.908035
7.993927 123.814154
7.947624 129.073541
7.723938 118.792607
7.733986 121.405738
7.792854 122.912928
8.193077 125.809520
7.741928 121.269743
7.884293 124.203072
8.421455 127.016176
7.855453 123.047010
7.688187 118.944604
7.549828 117.968666
7.741951 120.842481
8.034370 126.634970
7.726707 120.334844
7.960945 125.033228
7.691368 117.143367
7.654037 121.648799
7.764862 121.211019
7.693199 120.424968
7.631310 121.352584
7.516983 119.842280
7.995621 124.057889
8.010681 126.962830
7.468781 117.388424
7.836983 122.584993
7.631882 122.444636
7.631882 122.444636
8.002831 125.782878
7.832680 122.558781
8.247894 127.196655
8.169662 123.507074
7.863144 123.541137
7.840118 123.234815
7.829979 123.104595
7.719360 119.195004
8.025833 120.613930
7.918030 120.249352
7.687958 119.997005
7.777084 120.542586
7.643532 120.203445
7.808098 123.882614
8.140640 122.680939
7.960396 124.998363
7.943619 127.976626
7.812744 120.776978
7.675873 118.652943
7.635773 119.994931
8.180099 128.053531
7.787407 122.651705
7.633644 117.331927
7.720528 120.142572
7.829979 123.104595
7.689835 123.092667
7.710045 120.182066
7.548180 116.979743
7.827827 119.561731
7.910477 123.689642
7.787865 120.534050
7.553421 118.142721
7.748314 116.244576
7.773743 121.876701
7.926544 120.951687
7.675873 118.652943
7.698051 121.552072
8.019562 123.366213
7.602493 118.750502
7.744514 122.352429
7.647308 115.936761
7.634743 115.686206
7.744972 119.539948
7.713844 119.678026
7.638908 119.288741
7.806839 120.844974
7.930046 122.436506
7.586128 119.146117
7.604141 118.715213
7.893356 124.482248
7.941307 122.681441
7.738976 121.511965
7.881203 120.424834
7.528450 117.359716
7.695488 122.503341
7.641769 119.609812
7.982231 124.415349
7.710869 122.305154
7.735016 120.651161
7.788048 119.762730
8.140640 122.680939
7.860512 122.988837
7.976303 122.033854
7.744675 121.240226
7.915855 120.856657
8.019562 123.366213
7.537926 118.144177
7.407211 117.520069
7.739594 121.768263
7.576035 123.948241
7.460152 118.505495
7.472694 119.505633
8.015854 125.824325
7.574272 119.587323
7.790291 122.367975
7.644859 121.464770
7.444405 117.559424
7.772003 121.204778
7.673790 118.899177
7.958496 124.739241
7.852592 120.236977
7.748314 119.934781
7.849480 123.285159
7.744675 121.240226
8.114960 131.053724
8.003975 125.375490
7.965797 123.391335
7.897682 121.740144
7.782074 121.997327
7.905327 122.808487
7.841606 119.785836
7.860008 121.969052
7.768044 119.752067
7.873169 123.446670
7.834923 119.775465
7.885529 122.307062
7.683197 120.372208
7.787407 122.651705
8.261467 129.561127
7.638908 119.288741
7.766396 121.100974
7.710869 122.305154
7.808624 120.968192
7.556122 119.975998
8.061699 127.966784
