2.000000 98.093784 108.808603 87.378965
2.100000 102.272352 112.179773 92.364931
2.200000 106.549724 115.722369 97.377079
2.300000 110.900275 119.400688 102.399862
2.400000 115.300179 123.182240 107.418119
2.500000 119.727342 127.037595 112.417089
2.600000 124.161326 130.940206 117.382446
2.700000 128.583286 134.866233 122.300339
2.800000 132.975900 138.794358 127.157441
2.900000 137.323305 142.705620 131.940990
3.000000 141.611034 146.583249 136.638819
3.100000 145.825953 150.412530 141.239376
3.200000 149.956201 154.180686 145.731715
3.300000 153.991130 157.876778 150.105481
3.400000 157.921249 161.491644 154.350855
3.500000 161.738170 165.017842 158.458499
3.600000 165.434548 168.449609 162.419487
3.700000 169.004033 171.782811 166.225255
3.800000 172.441215 175.014815 169.867615
3.900000 175.741577 178.144259 173.338896
4.000000 178.901445 181.170612 176.632278
4.100000 181.917938 184.093534 179.742343
4.200000 184.788928 186.912117 182.665738
4.300000 187.512988 189.624268 185.401708
4.400000 190.089355 192.226514 187.952195
4.500000 192.517884 194.714344 190.321424
4.600000 194.799010 197.082890 192.515130
4.700000 196.933706 199.327650 194.539762
4.800000 198.923448 201.445003 196.401892
4.900000 200.770174 203.432459 198.107889
5.000000 202.476253 205.288698 199.663808
5.100000 204.044446 207.013491 201.075402
5.200000 205.477877 208.607561 202.348194
5.300000 206.779998 210.072441 203.487555
5.400000 207.954558 211.410341 204.498775
5.500000 209.005574 212.624030 205.387118
5.600000 209.937306 213.716747 206.157864
5.700000 210.754221 214.692114 206.816328
5.800000 211.460975 215.554076 207.367875
5.900000 212.062383 216.306844 207.817922
6.000000 212.563395 216.954854 208.171937
6.100000 212.969075 217.502721 208.435430
6.200000 213.284577 217.955216 208.613938
6.300000 213.515122 218.317227 208.713017
6.400000 213.665982 218.593740 208.738223
6.500000 213.742457 218.789812 208.695102
6.600000 213.749859 218.910553 208.589165
6.700000 213.693493 218.961104 208.425881
6.800000 213.578641 218.946622 208.210660
6.900000 213.410548 218.872260 207.948836
7.000000 213.194403 218.743152 207.645654
7.100000 212.935331 218.564401 207.306261
7.200000 212.638375 218.341061 206.935688
7.300000 212.308485 218.078125 206.538846
7.400000 211.950511 217.780512 206.120510
7.500000 211.569185 217.453055 205.685314
7.600000 211.169116 217.100490 205.237743
7.700000 210.754783 216.727444 204.782122
7.800000 210.330519 216.338422 204.322616
7.900000 209.900511 215.937803 203.863220
8.000000 209.468791 215.529825 203.407757
8.100000 209.039227 215.118581 202.959874
8.200000 208.615522 214.708006 202.523037
8.300000 208.201204 214.301874 202.100533
8.400000 207.799627 213.903791 201.695464
8.500000 207.413966 213.517185 201.310747
8.600000 207.047211 213.145308 200.949113
8.700000 206.702166 212.791226 200.613107
8.800000 206.381453 212.457818 200.305087
8.900000 206.087499 212.147774 200.027224
9.000000 205.822549 211.863594 199.781503
9.100000 205.588653 211.607584 199.569721
9.200000 205.387675 211.381861 199.393489
9.300000 205.221292 211.188351 199.254234
9.400000 205.090993 211.028792 199.153194
9.500000 204.998082 210.904737 199.091426
9.600000 204.943679 210.817556 199.069802
9.700000 204.928727 210.768442 199.089012
9.800000 204.953988 210.758413 199.149562
9.900000 205.020053 210.788323 199.251782
10.000000 205.127340 210.858859 199.395822
10.100000 205.276104 210.970552 199.581655
10.200000 205.466435 211.123784 199.809085
10.300000 205.698267 211.318791 200.077744
10.400000 205.971383 211.555667 200.387100
10.500000 206.285418 211.834376 200.736460
10.600000 206.639865 212.154752 201.124977
10.700000 207.034081 212.516506 201.551657
10.800000 207.467296 212.919228 202.015364
10.900000 207.938614 213.362399 202.514829
11.000000 208.447022 213.845385 203.048659
11.100000 208.991397 214.367447 203.615348
11.200000 209.570513 214.927745 204.213282
11.300000 210.183046 215.525339 204.840752
11.400000 210.827580 216.159194 205.495966
11.500000 211.502619 216.828187 206.177052
11.600000 212.206590 217.531109 206.882072
11.700000 212.937852 218.266675 207.609029
11.800000 213.694700 219.033530 208.355870
11.900000 214.475377 219.830262 209.120493
12.000000 215.278080 220.655408 209.900753
12.100000 216.100964 221.507472 210.694457
12.200000 216.942154 222.384939 211.499369
12.300000 217.799748 223.286291 212.313206
12.400000 218.671828 224.210021 213.133636
12.500000 219.556465 225.154656 213.958274
12.600000 220.451725 226.118773 214.784678
12.700000 221.355679 227.101013 215.610345
12.800000 222.266407 228.100100 216.432714
12.900000 223.182007 229.114852 217.249163
13.000000 224.100599 230.144186 218.057013
13.100000 225.020334 231.187130 218.853538
13.200000 225.939398 232.242817 219.635978
13.300000 226.856018 233.310481 220.401555
13.400000 227.768470 234.389444 221.147495
13.500000 228.675082 235.479107 221.871056
13.600000 229.574240 236.578920 222.569561
13.700000 230.464395 237.688364 223.240425
13.800000 231.344062 238.806924 223.881200
13.900000 232.211832 239.934062 224.489602
14.000000 233.066369 241.069192 225.063546
14.100000 233.906419 242.211656 225.601181
14.200000 234.730808 243.360705 226.100911
14.300000 235.538451 244.515488 226.561413
14.400000 236.328348 245.675041 226.981655
14.500000 237.099592 246.838292 227.360893
14.600000 237.851368 248.004063 227.698673
14.700000 238.582951 249.171094 227.994809
14.800000 239.293714 250.338064 228.249364
14.900000 239.983121 251.503636 228.462606
