8.187988 -404.470675
8.137817 -421.719372
9.438333 -358.848788
10.580779 -2039.911384
12.157416 -614.342138
11.030022 -1291.200707
10.865459 -1153.784106
8.054093 -623.884977
8.480117 -848.080768
9.546977 -1053.597057
11.160477 -503.556003
10.924527 4923.646135
9.105180 -475.767220
7.873579 -255.396357
7.951135 -320.677367
7.983714 -306.762850
7.636258 -255.157311
7.223317 -213.165555
7.407635 -330.536150
7.436091 -270.918579
7.151417 -265.647084
7.110564 -326.311290
6.975204 -240.643356
6.537680 -394.868619
6.443541 -241.565760
6.584428 -297.989827
8.902042 -417.497277
6.456296 -531.261277
6.633970 -273.996915
5.256197 -174.867415
7.592865 -485.290452
6.390092 -235.811191
5.565767 -214.805670
8.709630 -431.054254
7.605636 -270.033442
3.571679 -536.533126
5.593833 -423.998505
6.049159 6733.207665
6.089636 -350.087690
5.993354 -198.226253
2.174301 -169.993340
5.433101 -244.237023
7.369495 -244.585825
6.169064 -229.041036
1.213397 606.378940
3.360755 -2136.576651
6.856157 -195.825825
6.397243 -170.548393
6.382326 -252.003418
7.251388 -189.419969
7.452984 -192.446572
7.208638 -166.552290
1.265207 -23910.372525
1.304435 34519.362174
6.686291 -162.520209
7.024316 -179.377847
8.004959 -227.753409
7.004620 -187.163118
8.969625 -292.208341
7.006649 -165.769822
5.773672 -255.809536
1.696885 -226.464175
8.824255 -230.142324
8.763659 -241.139454
8.918729 -237.879755
3.580591 300.853291
4.566437 -116.336142
6.153734 -204.740380
6.562612 -132.839073
5.786447 -99.471710
3.950075 -121.344170
3.827005 -162.011507
3.856937 237.554615
4.738387 -128.640597
6.140604 -227.764573
6.376961 -140.167425
7.582676 -243.283327
10.921016 -477.989820
7.804567 -331.192228
10.063496 -283.023066
8.536878 -299.507165
9.002380 1678.630327
8.680272 -593.758056
8.953136 -1103.722018
6.974144 -220.968872
6.466127 -203.523458
4.922504 -482.453406
6.036692 -1502.603256
7.353227 -177.272091
7.614055 -181.485180
3.372451 -90.122642
7.630880 -162.497260
6.496178 -103.272555
6.618155 -108.357971
8.654314 -322.447298
8.154129 -222.160023
3.621705 -231.760987
4.414768 -87.306564
