2.000000 35826908.066336
2.100000 35546479.923440
2.200000 35265743.892540
2.300000 34992237.282493
2.400000 34727255.177980
2.500000 34469076.833373
2.600000 34205288.592857
2.700000 33958983.216468
2.800000 33718575.710116
2.900000 33472912.163713
3.000000 33241022.724034
3.100000 33023331.039768
3.200000 32824350.245089
3.300000 32646399.526119
3.400000 32464642.600902
3.500000 32296808.302538
3.600000 32137019.459285
3.700000 31987897.624021
3.800000 31846472.348380
3.900000 31716077.571649
4.000000 31605027.998251
4.100000 31488573.993537
4.200000 31386865.950389
4.300000 31289745.700855
4.400000 31199675.939978
4.500000 31116281.240592
4.600000 31039498.578764
4.700000 30968989.775228
4.800000 30903043.691210
4.900000 30842734.230069
5.000000 30790038.947947
5.100000 30740936.321745
5.200000 30695260.143936
5.300000 30652771.795333
5.400000 30613260.445617
5.500000 30576811.019277
5.600000 30543246.025249
5.700000 30516476.967148
5.800000 30492609.236483
5.900000 30471178.934876
6.000000 30450982.013609
6.100000 30431717.559992
6.200000 30416762.233947
6.300000 30401937.065062
6.400000 30385016.879421
6.500000 30372179.422676
6.600000 30365404.165889
6.700000 30358281.373973
6.800000 30345866.664367
6.900000 30335011.447546
7.000000 30334488.288802
7.100000 30332122.682197
7.200000 30327368.478381
7.300000 30326015.947858
7.400000 30322953.276125
7.500000 30320268.893248
7.600000 30320239.276324
7.700000 30323158.142243
7.800000 30319829.245925
7.900000 30320810.232221
8.000000 30323135.564481
8.100000 30326233.869631
8.200000 30329795.543599
8.300000 30333528.982253
8.400000 30337143.487951
8.500000 30340437.524052
8.600000 30343490.202836
8.700000 30346737.616049
8.800000 30350658.055696
8.900000 30355389.882015
9.000000 30360602.264889
9.100000 30365250.804292
9.200000 30368166.181045
9.300000 30371943.686398
9.400000 30376299.118829
9.500000 30380865.688981
9.600000 30385640.201598
9.700000 30390675.050820
9.800000 30395994.488728
9.900000 30401582.011414
10.000000 30407395.229413
10.100000 30413384.470007
10.200000 30419504.489431
10.300000 30425718.811576
10.400000 30431999.748662
10.500000 30438326.769445
10.600000 30444684.637792
10.700000 30451061.856805
10.800000 30457449.520412
10.900000 30463840.516082
11.000000 30470228.988319
11.100000 30476609.982782
11.200000 30482979.211014
11.300000 30489332.894235
11.400000 30495667.658470
11.500000 30501980.462933
11.600000 30508268.549961
11.700000 30514529.408984
11.800000 30520760.749705
11.900000 30526960.481347
12.000000 30533126.696012
12.100000 30539257.654796
12.200000 30545351.775861
12.300000 30551407.623890
12.400000 30557423.900574
12.500000 30563399.435889
12.600000 30569333.180013
12.700000 30575224.195758
12.800000 30581071.651477
12.900000 30586874.814355
13.000000 30592633.044089
13.100000 30598345.786892
13.200000 30604012.569832
13.300000 30609632.995463
13.400000 30615206.736752
13.500000 30620733.532280
13.600000 30626213.181700
13.700000 30631645.541452
13.800000 30637030.520718
13.900000 30642368.077601
14.000000 30647658.215529
14.100000 30652900.979864
14.200000 30658096.454711
14.300000 30663244.759916
14.400000 30668346.048246
14.500000 30673400.502735
14.600000 30678408.334201
14.700000 30683369.778905
14.800000 30688285.096367
14.900000 30693154.567314
15.000000 30697978.491758
