8.055 12.117 28.994 7.876 13.111
8.030 12.346 28.724 5.701 13.280
8.076 12.594 29.447 8.143 13.095
8.320 12.090 29.653 7.309 12.966
8.210 12.963 29.464 7.244 12.769
8.380 12.441 30.085 5.668 12.926
8.150 12.150 29.400 7.110 12.965
8.072 12.662 28.960 7.143 13.348
7.992 12.901 28.529 7.097 13.112
8.020 12.238 29.897 6.664 12.746
8.411 12.472 30.113 6.494 13.026
8.288 11.874 29.744 6.386 12.860
8.180 12.400 30.396 6.713 12.924
8.218 12.575 29.743 6.916 13.091
8.327 12.811 30.080 5.643 12.914
8.013 12.492 29.388 6.880 12.927
8.064 12.651 29.493 6.391 13.044
8.309 11.834 29.820 5.983 12.727
8.074 12.007 30.094 7.138 12.813
8.210 12.622 29.614 6.718 12.996
8.078 12.327 29.868 6.796 13.143
8.128 12.593 29.430 6.679 12.973
7.992 12.901 28.529 7.097 13.112
8.044 12.514 29.570 6.654 13.127
7.954 12.499 29.189 6.795 13.226
8.047 12.247 29.190 7.366 13.210
8.113 12.430 29.156 7.690 13.060
8.234 11.936 29.784 6.934 12.645
8.288 12.525 29.398 7.057 12.979
8.223 11.602 29.825 5.281 12.982
8.276 12.840 29.878 6.806 13.006
8.115 12.612 29.717 6.653 13.023
8.280 12.261 29.943 6.570 13.065
8.396 12.249 30.560 5.605 12.667
8.114 12.404 29.731 5.416 13.019
8.435 11.986 29.564 6.893 12.977
8.132 12.571 28.884 6.930 13.020
8.207 12.593 30.187 5.994 12.904
8.148 12.008 30.170 6.654 12.942
8.258 12.868 29.811 7.261 13.201
8.423 12.584 29.331 7.052 12.862
8.206 12.288 29.354 5.942 13.009
8.051 12.230 29.659 7.417 12.935
8.327 12.811 30.080 5.643 12.914
8.357 12.465 29.599 5.992 13.000
8.301 12.507 29.801 6.404 13.115
8.093 12.179 30.080 6.723 13.112
8.337 12.407 29.756 8.165 12.965
8.144 12.325 29.441 6.819 13.061
8.208 11.884 29.707 8.171 12.891
8.192 12.238 30.040 6.052 12.929
8.179 12.401 29.968 5.687 12.887
8.083 12.038 29.922 6.453 13.050
8.231 12.244 29.492 7.176 12.928
8.176 12.702 29.695 6.825 13.025
8.060 12.902 29.344 7.350 13.205
7.929 12.234 29.247 7.188 13.199
8.152 12.708 29.180 7.151 13.197
8.549 12.885 29.738 6.926 13.137
8.029 12.125 29.742 7.087 12.947
8.346 12.438 29.910 6.526 12.782
8.164 12.219 29.908 7.050 12.879
8.296 12.306 30.192 7.757 12.925
8.149 12.567 29.410 7.728 13.094
8.211 12.996 29.407 6.889 13.135
8.069 12.332 29.251 6.644 13.041
8.221 12.724 29.585 7.670 12.967
8.196 12.449 29.448 6.762 12.974
8.032 12.467 29.581 5.405 12.993
8.041 12.342 29.223 7.989 13.192
8.252 12.317 29.308 6.238 12.988
8.121 12.834 29.198 6.790 13.093
8.246 11.922 29.196 6.102 13.006
8.137 12.198 29.079 7.658 13.005
8.063 11.933 30.198 6.454 12.973
8.068 12.574 29.893 6.606 13.172
8.149 12.635 29.273 5.782 12.939
7.931 12.319 29.360 7.272 12.978
8.016 12.028 29.836 6.371 12.873
8.098 12.141 29.418 5.654 13.095
8.330 12.302 29.542 6.528 13.003
8.262 12.511 29.275 6.753 12.894
8.317 12.059 29.932 7.381 12.915
8.030 12.346 28.724 5.701 13.280
8.356 12.418 29.813 5.736 12.980
7.996 12.855 29.707 6.725 12.991
8.152 12.708 29.180 7.151 13.197
8.116 12.075 29.685 5.987 13.142
8.404 12.683 29.381 6.830 12.959
8.301 12.507 29.801 6.404 13.115
8.392 12.592 30.034 6.938 13.001
8.367 12.658 29.167 5.674 12.967
8.173 12.443 29.565 7.749 13.036
8.216 12.251 29.348 7.316 13.054
8.030 12.048 29.357 7.008 13.086
8.091 12.346 29.940 6.689 13.007
8.199 12.306 28.692 8.167 13.173
7.995 12.502 29.315 6.627 12.890
8.336 12.420 30.610 6.749 12.910
8.120 11.892 29.135 6.905 12.976
8.133 12.619 29.750 6.659 13.036
8.307 12.173 30.140 7.463 12.846
8.085 12.414 29.344 6.403 13.072
8.268 12.359 29.957 6.223 12.799
8.061 12.493 30.229 7.234 12.881
8.061 12.499 29.768 6.893 13.055
8.218 12.481 29.876 6.688 12.785
8.028 12.136 29.373 6.412 13.066
8.156 12.001 29.757 7.066 13.106
8.169 12.259 29.441 6.080 13.115
8.247 12.452 29.317 6.775 13.095
7.986 12.785 28.829 6.973 13.122
7.998 12.306 29.466 6.687 12.945
8.352 12.281 29.365 6.080 12.722
8.146 11.955 29.173 7.203 13.067
8.267 12.462 29.942 6.937 12.919
8.204 12.147 29.934 6.538 12.954
8.222 12.474 29.507 5.846 13.099
8.120 12.268 29.815 5.925 12.686
8.065 12.654 29.578 7.233 13.142
8.122 12.558 29.629 7.492 13.065
8.258 12.165 29.903 5.701 13.041
8.198 12.596 29.646 7.325 13.105
8.141 12.758 29.372 7.734 13.101
8.123 12.356 29.149 7.403 13.139
8.248 12.308 29.610 6.714 12.909
8.126 12.494 29.720 6.545 12.917
8.459 12.782 29.387 7.208 13.145
8.085 12.606 29.662 7.225 12.949
8.261 12.197 29.444 6.525 12.808
8.300 12.165 29.766 5.498 13.053
8.110 11.712 29.851 7.113 12.998
8.268 12.359 29.957 6.223 12.799
8.240 11.971 29.540 6.410 12.796
8.079 13.022 29.677 7.298 13.012
8.353 12.385 29.421 6.225 12.911
8.227 12.308 29.266 6.637 12.886
8.355 12.482 29.664 6.375 12.818
8.311 11.999 29.633 6.446 13.046
8.012 12.686 29.468 7.910 13.009
8.190 12.316 29.512 7.388 13.108
8.249 12.823 30.300 6.379 12.838
8.059 12.645 30.467 6.826 12.981
8.198 12.596 29.646 7.325 13.105
8.044 12.588 29.748 6.764 12.933
8.150 12.315 29.222 7.024 13.034
8.100 12.685 29.492 5.569 13.019
8.158 12.950 29.094 5.500 13.120
8.126 12.490 30.143 7.689 12.813
8.316 12.327 30.251 7.379 12.929
8.113 12.440 29.636 6.742 13.095
8.115 12.255 29.476 7.354 13.154
8.107 12.385 30.074 5.499 12.909
8.150 12.201 29.679 7.539 12.833
8.109 12.373 29.399 6.092 13.148
8.207 12.404 29.706 7.099 13.133
8.090 12.237 29.544 6.814 12.714
8.013 12.492 29.388 6.880 12.927
8.118 12.667 29.368 7.337 13.173
8.295 12.508 29.143 6.893 13.205
8.162 12.611 29.709 7.367 13.040
7.992 12.901 28.529 7.097 13.112
8.166 12.377 29.284 7.984 13.049
8.219 11.998 29.477 6.884 12.985
8.475 12.004 30.201 6.338 12.779
8.272 12.409 29.202 6.728 12.953
7.983 11.963 29.825 5.849 12.684
8.272 12.536 30.058 5.575 13.037
8.097 12.354 28.925 6.126 13.129
8.071 12.408 29.797 5.845 13.121
8.278 12.635 29.774 7.303 13.192
8.183 12.712 29.855 6.328 12.950
8.241 11.949 29.105 6.022 13.035
8.240 12.247 30.156 6.205 12.838
8.043 12.446 29.098 7.155 13.047
8.023 12.392 29.624 7.120 13.003
8.234 12.504 29.314 7.172 12.969
8.207 12.593 30.187 5.994 12.904
8.105 12.568 29.444 7.028 12.939
8.044 12.514 29.570 6.654 13.127
8.116 12.899 29.442 6.907 13.218
8.286 12.029 29.845 5.447 12.784
8.450 12.570 29.497 6.426 12.952
8.311 12.084 29.246 6.952 12.948
8.285 12.169 29.660 7.478 12.736
8.213 12.001 29.701 6.516 13.001
8.138 13.001 29.823 6.670 13.094
8.191 12.522 29.869 6.470 12.920
8.095 12.661 29.321 5.582 13.187
8.032 12.702 29.495 5.890 13.091
8.110 12.709 29.036 6.579 13.013
8.149 12.400 29.383 7.408 13.117
8.432 12.630 29.807 6.250 12.742
8.049 12.308 29.524 6.929 12.960
8.117 12.676 29.920 6.225 12.830
8.068 12.314 29.936 8.149 13.200
8.213 12.001 29.701 6.516 13.001
8.437 12.893 29.585 5.867 13.029
8.374 12.278 29.818 7.179 12.863
8.027 12.300 28.947 7.339 13.202
8.030 12.388 29.704 5.800 12.943
7.931 12.319 29.360 7.272 12.978
8.069 12.332 29.251 6.644 13.041
7.918 13.038 29.350 6.090 13.150
8.269 12.580 29.867 5.398 12.904
8.231 12.947 29.430 6.990 13.015
8.404 12.683 29.381 6.830 12.959
8.002 12.235 29.996 6.347 12.890
8.021 12.140 29.238 7.426 13.132
8.143 12.332 29.709 6.744 13.033
8.028 12.490 29.702 6.521 12.897
8.160 12.327 28.830 5.505 13.202
8.269 12.580 29.867 5.398 12.904
8.229 12.348 29.735 6.372 13.005
8.292 12.519 29.124 7.035 13.135
7.957 12.503 28.634 6.832 13.149
8.157 12.544 29.868 6.581 12.968
8.276 12.840 29.878 6.806 13.006
8.332 12.614 29.660 6.348 12.900
8.280 12.261 29.943 6.570 13.065
8.490 12.692 29.343 6.235 12.915
8.338 12.034 30.344 6.081 12.665
8.083 12.038 29.922 6.453 13.050
8.183 12.093 29.381 6.646 13.033
8.157 12.417 29.163 7.247 13.045
8.043 12.556 29.537 7.770 13.156
8.288 12.525 29.398 7.057 12.979
8.331 12.646 29.752 5.691 12.947
8.111 12.354 29.590 5.881 13.185
8.592 12.113 29.702 6.199 12.748
8.142 12.675 29.064 7.252 13.267
8.321 12.501 29.989 6.354 13.091
8.300 12.165 29.766 5.498 13.053
8.113 12.397 29.920 6.451 12.987
8.133 12.619 29.750 6.659 13.036
8.387 12.108 29.862 6.742 13.022
8.304 12.554 29.528 6.547 13.064
8.153 12.382 29.724 6.842 12.964
8.148 12.480 29.973 6.586 12.837
8.109 11.880 29.542 6.054 12.977
8.064 12.780 29.327 7.492 13.174
8.162 12.559 29.346 6.989 12.982
8.402 12.046 29.782 7.546 12.945
8.019 12.510 29.305 7.083 13.195
8.213 12.468 29.790 6.641 12.966
8.592 12.113 29.702 6.199 12.748
8.030 12.346 28.724 5.701 13.280
8.123 12.356 29.149 7.403 13.139
8.107 12.502 29.931 7.830 13.180
8.205 12.161 29.574 5.952 12.913
8.076 12.407 29.422 6.684 12.967
8.195 12.373 29.869 6.637 12.689
7.944 11.958 29.656 7.071 12.985
8.402 12.832 29.305 6.933 13.077
8.030 12.338 29.933 5.947 13.082
8.220 11.716 29.723 6.921 12.977
8.094 12.608 29.162 7.124 13.276
8.143 12.251 30.082 6.841 13.036
8.105 12.675 29.413 6.399 12.955
8.070 12.495 29.383 6.526 13.160
8.104 12.321 29.066 5.719 13.153
8.307 12.316 29.670 5.477 12.932
7.983 11.963 29.825 5.849 12.684
8.295 12.508 29.143 6.893 13.205
8.127 11.852 30.018 6.389 12.807
8.518 12.241 30.272 6.522 12.716
7.921 12.485 29.683 6.460 13.137
8.126 12.168 29.351 6.743 12.991
8.021 12.140 29.238 7.426 13.132
8.277 12.491 29.609 7.067 13.072
8.080 12.461 30.232 6.625 12.758
8.187 12.220 29.763 6.808 13.071
8.130 13.118 29.222 7.355 12.991
8.023 12.538 29.622 6.998 13.226
8.089 12.486 29.092 7.532 13.237
8.457 11.478 30.084 7.119 12.905
8.231 11.964 29.718 6.143 12.980
8.334 12.167 29.716 6.393 12.904
8.060 12.902 29.344 7.350 13.205
8.061 12.493 30.229 7.234 12.881
8.182 12.447 29.573 6.252 13.060
8.305 12.496 29.720 5.763 13.004
8.032 12.702 29.495 5.890 13.091
8.095 12.042 30.433 5.840 13.119
8.280 12.261 29.943 6.570 13.065
8.334 12.167 29.716 6.393 12.904
8.327 12.811 30.080 5.643 12.914
8.307 12.173 30.140 7.463 12.846
8.005 11.943 29.763 6.815 12.919
8.548 12.132 29.801 5.696 12.810
8.352 12.281 29.365 6.080 12.722
8.342 12.506 29.572 6.172 13.099
8.149 12.567 29.410 7.728 13.094
8.293 12.567 29.382 6.312 13.096
8.306 12.174 30.090 5.100 12.839
8.101 12.411 30.161 7.029 12.721
8.169 12.259 29.441 6.080 13.115
8.377 12.424 30.401 5.873 12.646
8.450 12.319 29.985 7.383 12.792
8.317 12.059 29.932 7.381 12.915
8.494 12.268 30.057 6.070 12.836
8.109 12.072 29.051 7.135 13.048
8.085 12.536 30.013 5.640 13.114
8.293 12.064 29.904 8.073 13.136
8.061 11.997 30.055 6.533 12.756
8.190 12.576 29.911 6.970 13.090
8.173 12.443 29.565 7.749 13.036
8.233 12.476 29.384 6.109 13.042
8.105 12.430 29.373 6.804 12.981
8.371 12.689 29.779 7.515 13.025
8.023 12.538 29.622 6.998 13.226
8.285 12.401 30.163 7.093 12.818
8.304 12.221 28.993 7.791 13.061
8.054 12.396 29.569 6.079 13.072
8.052 12.093 29.317 5.813 12.985
8.177 12.150 29.692 6.110 12.694
8.043 11.855 30.071 6.541 12.911
8.236 11.991 29.772 6.835 13.068
8.261 12.230 30.362 7.856 12.899
8.346 12.309 29.543 6.435 12.901
8.020 12.238 29.897 6.664 12.746
8.038 12.511 29.764 6.099 13.038
8.044 12.454 29.360 7.296 13.075
8.330 12.302 29.542 6.528 13.003
8.105 12.568 29.444 7.028 12.939
8.117 12.106 29.808 7.378 12.866
7.929 12.234 29.247 7.188 13.199
8.408 12.192 29.385 7.176 13.053
8.200 12.636 29.381 5.728 12.896
8.213 12.718 29.923 7.062 13.029
8.072 12.662 28.960 7.143 13.348
8.304 12.554 29.528 6.547 13.064
8.374 12.555 30.149 6.712 12.820
8.252 12.397 29.718 6.485 13.096
8.185 12.363 30.045 6.011 13.083
8.331 12.646 29.752 5.691 12.947
8.027 12.533 29.453 6.732 12.924
8.196 12.181 29.509 6.568 13.022
7.909 12.069 29.628 6.889 12.937
8.123 12.356 29.149 7.403 13.139
8.348 12.364 29.988 6.771 13.066
8.199 12.740 29.387 6.585 13.016
8.133 12.539 29.167 7.215 12.868
8.126 12.067 28.999 7.967 13.019
8.049 12.807 29.534 7.036 13.111
8.044 12.454 29.360 7.296 13.075
8.352 12.281 29.365 6.080 12.722
8.000 12.226 30.258 5.945 12.931
8.171 11.628 29.944 7.333 12.817
8.295 12.472 29.452 6.272 13.134
7.969 12.231 29.906 7.309 12.909
8.134 12.220 30.365 6.373 12.853
8.251 12.844 29.409 6.916 13.194
8.396 12.249 30.560 5.605 12.667
8.036 12.603 29.842 6.787 12.916
8.285 12.401 30.163 7.093 12.818
8.175 12.280 29.738 7.122 13.194
8.275 12.820 29.262 7.257 13.015
8.054 12.608 29.001 6.904 13.070
8.305 12.258 29.578 6.734 12.902
8.109 11.880 29.542 6.054 12.977
8.173 12.443 29.565 7.749 13.036
8.247 12.718 29.596 6.185 12.935
8.117 12.106 29.808 7.378 12.866
8.094 12.518 30.088 6.640 12.812
8.178 12.014 29.718 6.189 12.935
7.989 12.092 29.894 5.688 12.790
8.094 12.518 30.088 6.640 12.812
8.068 12.314 29.936 8.149 13.200
8.067 12.347 29.303 6.416 12.901
8.293 12.388 28.963 6.316 13.173
8.007 12.601 29.324 6.752 12.952
8.473 12.390 29.450 6.974 13.072
8.185 12.290 29.363 6.098 13.086
8.086 12.194 30.220 7.041 12.868
8.136 12.103 29.494 7.165 13.143
8.355 12.482 29.664 6.375 12.818
8.099 12.552 29.799 6.641 13.180
8.128 12.593 29.430 6.679 12.973
8.150 12.315 29.222 7.024 13.034
8.286 12.029 29.845 5.447 12.784
8.065 12.577 29.779 6.835 13.028
8.250 12.686 29.687 6.905 13.034
8.353 12.385 29.421 6.225 12.911
8.013 12.492 29.388 6.880 12.927
8.059 12.185 29.190 7.387 13.063
8.195 12.373 29.869 6.637 12.689
8.103 12.594 29.221 6.433 13.026
8.024 11.777 29.767 6.052 13.056
8.207 12.593 30.187 5.994 12.904
8.276 12.625 29.417 5.786 12.958
8.054 12.086 29.399 7.697 12.897
8.222 12.215 29.769 6.959 12.774
8.188 12.357 30.253 6.527 13.059
8.221 12.724 29.585 7.670 12.967
8.130 12.803 29.204 7.300 13.255
8.047 12.247 29.190 7.366 13.210
8.384 12.336 29.874 7.097 13.124
8.223 11.602 29.825 5.281 12.982
7.978 12.677 29.387 7.121 13.193
7.985 12.772 29.764 6.238 13.217
8.195 12.373 29.869 6.637 12.689
7.960 12.775 29.420 6.932 13.280
8.107 12.161 29.785 6.674 13.131
8.122 12.031 30.355 6.785 12.840
8.126 12.490 30.143 7.689 12.813
8.132 12.571 28.884 6.930 13.020
8.112 12.469 29.521 6.399 13.048
7.947 12.605 29.034 6.584 13.066
8.371 12.446 29.767 6.684 12.881
8.297 12.719 29.710 6.751 12.892
8.281 12.370 29.664 7.445 13.067
8.126 12.514 29.773 7.657 13.126
8.153 11.913 30.055 6.561 12.821
8.069 12.332 29.251 6.644 13.041
8.101 12.218 29.666 6.235 12.939
8.457 11.478 30.084 7.119 12.905
8.249 12.499 29.492 7.092 13.124
8.253 11.901 29.817 7.634 12.846
8.060 12.902 29.344 7.350 13.205
8.006 12.353 29.468 6.916 13.039
7.996 12.855 29.707 6.725 12.991
8.219 12.560 30.165 7.142 12.741
8.150 12.201 29.679 7.539 12.833
8.135 12.627 29.472 6.491 12.917
8.347 12.228 30.021 6.272 12.936
8.024 12.321 29.341 6.710 13.017
8.111 12.490 29.916 6.729 12.931
8.086 12.061 29.545 6.430 13.095
8.282 12.292 29.831 7.473 13.001
8.331 12.493 30.283 5.805 12.971
8.426 12.272 30.093 6.404 12.743
8.239 12.307 29.686 6.660 12.975
8.051 12.230 29.659 7.417 12.935
8.055 12.117 28.994 7.876 13.111
8.400 12.639 29.920 7.062 12.989
8.390 12.414 29.994 6.147 12.927
8.082 12.311 29.430 6.837 12.964
8.091 12.540 29.005 7.881 13.233
8.232 12.185 29.621 6.152 13.122
8.126 12.168 29.351 6.743 12.991
8.110 11.712 29.851 7.113 12.998
8.214 11.861 29.825 6.002 12.997
8.266 12.462 29.923 7.341 12.884
8.260 12.763 29.778 7.215 13.113
8.312 12.572 29.371 6.868 12.853
8.374 12.278 29.818 7.179 12.863
8.115 12.612 29.717 6.653 13.023
8.297 12.719 29.710 6.751 12.892
8.144 12.409 29.126 7.750 12.940
8.204 12.147 29.934 6.538 12.954
8.248 12.827 29.364 8.126 13.112
8.377 12.424 30.401 5.873 12.646
8.126 12.067 28.999 7.967 13.019
8.115 12.700 28.851 6.679 13.077
7.893 12.108 29.261 6.062 13.085
8.118 12.423 30.071 6.723 12.775
8.295 12.472 29.452 6.272 13.134
8.216 12.251 29.348 7.316 13.054
8.199 12.740 29.387 6.585 13.016
8.281 12.370 29.664 7.445 13.067
8.190 12.088 29.601 6.254 12.961
8.518 12.241 30.272 6.522 12.716
8.192 12.016 30.315 6.254 12.670
8.014 12.417 29.812 6.633 12.989
8.104 12.449 30.038 5.906 13.053
8.402 12.832 29.305 6.933 13.077
8.113 12.430 29.156 7.690 13.060
8.071 12.408 29.797 5.845 13.121
8.292 11.896 30.237 7.280 12.999
8.231 12.947 29.430 6.990 13.015
8.308 12.309 29.957 6.626 12.868
8.133 12.888 29.193 7.914 13.126
8.099 12.552 29.799 6.641 13.180
8.208 11.884 29.707 8.171 12.891
8.128 12.593 29.430 6.679 12.973
7.954 11.970 29.890 6.130 12.834
8.549 12.885 29.738 6.926 13.137
8.269 12.706 29.574 7.649 13.024
8.059 12.593 30.134 7.378 13.035
8.131 12.346 29.411 6.803 13.024
8.028 12.675 29.088 6.834 13.229
8.088 12.328 29.263 7.525 13.273
8.143 12.332 29.709 6.744 13.033
8.066 12.479 30.555 6.489 12.894
8.268 12.507 30.023 6.848 12.869
8.093 12.179 30.080 6.723 13.112
8.067 12.069 29.619 7.668 13.013
7.995 12.502 29.315 6.627 12.890
8.068 12.574 29.893 6.606 13.172
8.202 12.752 29.476 6.819 12.893
7.988 12.565 29.231 6.111 13.146
8.162 12.611 29.560 6.419 12.941
8.010 12.483 29.584 5.419 13.097
8.027 12.300 28.947 7.339 13.202
8.097 12.195 28.936 6.980 13.164
8.384 12.336 29.874 7.097 13.124
8.109 12.072 29.051 7.135 13.048
8.371 12.446 29.767 6.684 12.881
8.076 12.594 29.447 8.143 13.095
8.112 12.444 30.104 6.413 12.964
8.119 12.010 29.967 6.681 12.800
8.094 12.608 29.162 7.124 13.276
8.291 12.289 29.648 6.636 13.107
8.126 12.168 29.351 6.743 12.991
8.163 12.243 29.885 5.801 12.818
8.117 12.106 29.808 7.378 12.866
7.913 12.463 29.013 7.362 13.138
8.137 12.126 29.093 7.445 13.223
8.085 12.536 30.013 5.640 13.114
8.469 11.756 29.741 5.497 12.980
8.130 12.150 29.641 6.540 13.058
8.030 12.346 28.724 5.701 13.280
8.331 12.646 29.752 5.691 12.947
7.989 12.340 29.586 5.785 13.010
8.169 12.405 29.859 7.706 13.114
8.207 12.234 29.663 6.600 12.894
8.163 12.243 29.885 5.801 12.818
8.159 12.197 29.724 5.990 13.025
8.134 12.436 29.572 5.973 13.075
8.015 12.299 29.359 6.844 13.054
8.208 11.884 29.707 8.171 12.891
8.321 12.501 29.989 6.354 13.091
8.159 11.833 29.611 6.988 13.068
8.028 12.136 29.373 6.412 13.066
8.150 12.150 29.400 7.110 12.965
8.048 12.411 29.751 7.081 12.913
8.474 12.210 29.989 7.079 12.913
8.238 12.484 29.600 6.667 12.781
8.403 12.073 30.794 6.676 12.957
8.083 12.038 29.922 6.453 13.050
8.157 12.544 29.868 6.581 12.968
8.083 12.038 29.922 6.453 13.050
8.238 12.484 29.600 6.667 12.781
8.182 12.041 29.491 6.309 13.116
8.117 12.465 29.393 7.140 12.812
8.129 12.352 29.307 7.067 13.057
8.137 12.198 29.079 7.658 13.005
8.474 12.210 29.989 7.079 12.913
8.387 12.108 29.862 6.742 13.022
8.094 12.608 29.162 7.124 13.276
8.255 12.831 29.664 6.681 12.958
8.170 12.731 29.571 6.336 13.135
8.219 12.560 30.165 7.142 12.741
8.170 13.028 29.207 6.802 13.200
8.081 12.643 29.595 5.884 13.077
8.113 12.430 29.156 7.690 13.060
8.423 12.584 29.331 7.052 12.862
8.152 12.708 29.180 7.151 13.197
8.128 11.881 29.738 6.875 12.884
8.115 12.334 28.515 7.141 13.201
8.071 12.118 30.146 5.568 12.996
8.195 12.373 29.869 6.637 12.689
8.218 12.589 29.573 5.080 12.995
8.347 11.893 29.841 6.649 12.888
8.234 13.054 29.930 5.568 12.956
8.219 12.560 30.165 7.142 12.741
8.278 12.095 29.471 6.623 13.092
8.490 12.692 29.343 6.235 12.915
8.059 12.603 29.200 6.188 13.094
8.347 11.893 29.841 6.649 12.888
8.023 12.538 29.622 6.998 13.226
8.091 12.294 29.824 6.824 13.224
8.085 12.414 29.344 6.403 13.072
8.252 12.317 29.308 6.238 12.988
8.111 12.643 29.497 6.166 13.147
8.380 12.441 30.085 5.668 12.926
8.302 12.084 29.898 7.337 12.826
8.133 12.888 29.193 7.914 13.126
8.085 12.412 29.713 6.391 12.987
8.082 12.427 29.123 7.142 13.185
8.113 12.471 29.903 6.801 12.998
8.200 12.430 29.116 6.985 13.016
8.247 12.718 29.596 6.185 12.935
8.090 12.143 29.160 6.755 13.136
8.258 12.868 29.811 7.261 13.201
8.096 11.793 28.841 9.098 12.950
8.037 12.441 30.003 7.478 12.763
8.408 12.192 29.385 7.176 13.053
8.404 12.683 29.381 6.830 12.959
8.030 12.048 29.357 7.008 13.086
8.171 12.614 29.658 5.938 12.989
8.356 12.418 29.813 5.736 12.980
8.173 12.473 29.162 6.757 13.126
8.032 12.511 29.284 6.116 13.075
8.277 12.491 29.609 7.067 13.072
7.981 12.443 29.535 7.103 13.079
8.060 12.382 29.568 5.645 12.923
8.357 12.465 29.599 5.992 13.000
8.169 12.681 29.319 6.344 13.179
8.132 12.242 29.896 5.963 12.927
8.047 12.161 29.632 6.752 13.026
8.167 12.525 29.566 6.716 12.973
8.126 12.168 29.351 6.743 12.991
8.278 12.635 29.774 7.303 13.192
8.222 12.618 29.796 6.707 13.120
8.199 12.306 28.692 8.167 13.173
8.213 12.468 29.790 6.641 12.966
8.130 12.150 29.641 6.540 13.058
8.380 12.441 30.085 5.668 12.926
8.265 12.468 29.211 6.821 12.906
8.223 12.691 29.539 6.987 13.167
8.296 12.590 29.632 7.218 13.029
8.128 12.673 29.343 7.096 13.113
8.281 12.430 29.566 7.641 13.076
8.338 11.770 29.233 5.605 13.046
8.142 12.154 29.438 6.619 12.913
8.196 12.449 29.448 6.762 12.974
8.023 12.392 29.624 7.120 13.003
8.214 12.371 29.175 6.578 13.057
8.126 12.494 29.720 6.545 12.917
8.159 11.833 29.611 6.988 13.068
8.367 12.658 29.167 5.674 12.967
8.036 12.463 29.548 6.590 13.004
8.057 12.091 29.624 6.433 13.132
8.239 12.546 29.680 7.018 12.989
8.169 12.215 29.693 7.833 13.082
8.227 12.626 29.815 7.072 13.057
8.029 12.284 29.977 6.217 12.901
8.293 12.388 28.963 6.316 13.173
8.048 12.411 29.751 7.081 12.913
8.015 12.299 29.359 6.844 13.054
8.319 12.584 29.757 7.417 13.146
8.302 12.084 29.898 7.337 12.826
8.006 12.353 29.468 6.916 13.039
8.178 12.184 30.208 6.707 12.858
8.128 12.673 29.343 7.096 13.113
8.113 12.471 29.903 6.801 12.998
8.058 12.258 29.560 6.398 13.003
8.158 12.388 29.505 5.690 13.008
8.104 12.321 29.066 5.719 13.153
8.061 12.499 29.768 6.893 13.055
8.207 12.593 30.187 5.994 12.904
7.978 11.931 29.387 6.897 12.904
8.409 12.856 29.176 7.087 12.988
8.457 11.478 30.084 7.119 12.905
8.095 12.661 29.321 5.582 13.187
8.104 12.449 30.038 5.906 13.053
8.411 12.092 29.618 6.912 13.024
8.124 12.521 29.362 7.637 12.939
7.955 12.625 29.965 6.935 12.910
8.133 12.619 29.750 6.659 13.036
8.348 12.332 29.276 7.596 13.023
8.248 12.580 29.165 7.464 12.891
7.933 12.512 29.294 6.714 12.994
8.111 12.354 29.590 5.881 13.185
7.905 12.553 29.260 6.824 13.005
8.376 12.372 30.321 6.547 12.826
8.068 12.375 29.435 7.982 13.061
7.918 13.038 29.350 6.090 13.150
8.300 12.708 29.417 6.349 13.039
8.195 12.855 29.363 5.604 13.157
8.155 12.293 29.706 7.647 12.965
8.006 12.353 29.468 6.916 13.039
8.067 12.220 29.530 7.355 12.989
8.361 12.831 29.500 6.356 12.955
8.182 12.447 29.573 6.252 13.060
8.207 12.261 30.022 6.705 13.009
8.165 12.607 29.356 5.993 12.873
8.268 11.950 29.609 6.462 12.915
8.175 12.280 29.738 7.122 13.194
8.150 11.953 29.664 7.128 12.967
8.115 12.039 30.321 6.106 12.879
8.338 11.770 29.233 5.605 13.046
8.276 12.840 29.878 6.806 13.006
8.149 12.328 29.642 6.573 13.325
8.288 11.874 29.744 6.386 12.860
8.161 12.880 29.220 6.955 13.111
8.244 12.677 29.972 7.292 12.950
8.159 12.197 29.724 5.990 13.025
8.032 12.511 29.284 6.116 13.075
8.201 12.357 29.619 6.167 12.961
8.109 12.348 29.474 6.335 13.098
8.268 11.950 29.609 6.462 12.915
8.028 12.675 29.088 6.834 13.229
8.348 12.364 29.988 6.771 13.066
8.182 12.673 29.881 6.540 12.967
8.280 12.261 29.943 6.570 13.065
8.039 12.482 28.915 6.640 13.102
8.377 12.424 30.401 5.873 12.646
8.282 11.868 30.310 6.909 12.918
8.239 12.456 29.804 7.594 12.971
8.273 12.058 29.498 6.556 12.970
8.096 12.634 29.678 6.261 12.855
8.044 12.672 29.310 6.388 12.898
8.195 12.077 29.746 5.120 12.979
8.123 12.356 29.149 7.403 13.139
8.170 12.089 29.747 7.823 12.894
7.983 12.440 29.434 6.316 13.041
8.153 12.206 29.848 5.795 13.021
8.232 12.185 29.621 6.152 13.122
8.059 12.185 29.190 7.387 13.063
8.494 12.268 30.057 6.070 12.836
8.330 12.366 30.036 6.783 12.948
8.228 12.303 29.750 6.415 13.003
8.332 12.472 29.657 7.238 13.084
8.291 12.044 29.960 5.168 12.979
8.304 12.554 29.528 6.547 13.064
8.438 12.564 29.440 7.143 13.053
8.391 12.720 29.057 7.632 13.076
8.145 12.476 29.199 6.348 13.082
8.153 11.913 30.055 6.561 12.821
8.269 12.706 29.574 7.649 13.024
8.143 12.251 30.082 6.841 13.036
8.166 12.377 29.284 7.984 13.049
8.392 12.592 30.034 6.938 13.001
7.918 13.038 29.350 6.090 13.150
8.342 12.506 29.572 6.172 13.099
8.188 12.357 30.253 6.527 13.059
8.126 12.514 29.773 7.657 13.126
8.219 11.998 29.477 6.884 12.985
8.169 12.405 29.859 7.706 13.114
8.177 12.468 29.800 6.176 12.972
8.048 12.322 29.427 6.752 13.067
7.981 12.443 29.535 7.103 13.079
8.103 12.594 29.221 6.433 13.026
7.931 12.348 29.460 6.579 13.011
8.094 12.681 30.126 6.576 13.059
8.005 11.943 29.763 6.815 12.919
7.988 12.565 29.231 6.111 13.146
8.044 12.672 29.310 6.388 12.898
8.200 12.430 29.116 6.985 13.016
8.238 12.484 29.600 6.667 12.781
8.156 12.001 29.757 7.066 13.106
8.036 12.463 29.548 6.590 13.004
8.320 12.148 29.481 6.101 12.873
8.110 12.357 29.204 7.076 12.949
8.083 12.112 29.316 7.690 13.058
8.095 12.042 30.433 5.840 13.119
8.435 11.986 29.564 6.893 12.977
8.051 12.230 29.659 7.417 12.935
8.109 11.880 29.542 6.054 12.977
8.115 12.700 28.851 6.679 13.077
8.111 12.490 29.916 6.729 12.931
8.010 12.583 29.420 6.192 13.043
8.073 12.490 29.952 5.934 12.965
8.300 12.453 29.460 6.365 13.177
8.299 12.273 29.854 6.567 13.153
8.136 12.493 29.767 6.824 12.966
8.113 12.430 29.156 7.690 13.060
8.361 12.831 29.500 6.356 12.955
8.166 12.377 29.284 7.984 13.049
8.051 12.230 29.659 7.417 12.935
8.270 12.071 29.651 6.832 12.928
8.071 12.118 30.146 5.568 12.996
8.192 12.246 29.376 6.799 13.073
8.112 12.946 29.194 7.870 13.159
8.222 12.215 29.769 6.959 12.774
8.205 12.589 29.572 5.973 12.925
8.090 12.143 29.160 6.755 13.136
8.305 12.496 29.720 5.763 13.004
8.073 12.490 29.952 5.934 12.965
7.995 12.402 29.241 6.638 12.927
8.198 12.594 29.053 7.118 13.185
8.014 12.417 29.812 6.633 12.989
8.091 12.819 29.071 7.437 13.158
8.161 12.379 29.347 6.476 12.934
8.080 12.461 30.232 6.625 12.758
8.269 12.407 29.409 6.815 12.977
8.150 12.092 29.358 6.957 13.045
8.126 12.490 30.143 7.689 12.813
8.063 12.258 29.508 5.504 13.168
8.050 12.357 29.580 6.191 13.191
8.084 12.475 29.463 6.973 12.892
8.089 12.486 29.092 7.532 13.237
8.267 12.394 29.605 6.967 13.031
8.490 12.692 29.343 6.235 12.915
8.202 12.752 29.476 6.819 12.893
8.262 12.517 29.810 6.378 12.971
8.260 12.763 29.778 7.215 13.113
8.162 12.611 29.560 6.419 12.941
8.157 12.581 29.497 7.061 13.046
8.411 12.092 29.618 6.912 13.024
8.269 12.580 29.867 5.398 12.904
8.352 12.281 29.365 6.080 12.722
8.023 12.392 29.624 7.120 13.003
8.141 12.758 29.372 7.734 13.101
8.126 12.494 29.720 6.545 12.917
8.234 11.936 29.784 6.934 12.645
8.321 12.287 29.838 6.921 13.062
8.113 12.430 29.156 7.690 13.060
8.082 12.427 29.123 7.142 13.185
8.251 12.743 29.658 7.188 13.080
8.207 11.947 29.845 5.820 12.890
8.222 12.618 29.796 6.707 13.120
8.187 12.220 29.763 6.808 13.071
8.010 12.410 29.661 6.381 13.010
8.371 12.689 29.779 7.515 13.025
8.143 12.486 29.588 6.966 12.893
8.003 12.213 29.508 7.069 13.265
8.402 12.046 29.782 7.546 12.945
8.202 13.024 29.085 5.400 12.984
8.016 12.028 29.836 6.371 12.873
8.040 12.506 30.330 6.657 12.887
8.347 12.910 29.608 5.915 12.983
8.305 12.369 30.199 4.879 12.867
8.095 12.042 30.433 5.840 13.119
8.277 12.431 30.357 6.004 12.881
8.116 12.899 29.442 6.907 13.218
8.097 12.354 28.925 6.126 13.129
8.116 12.598 29.509 5.775 13.011
8.168 12.968 29.777 5.862 13.066
8.104 12.708 29.643 5.981 13.131
8.043 12.814 29.369 5.978 13.347
8.285 12.169 29.660 7.478 12.736
8.018 12.413 29.136 5.838 13.253
8.239 12.456 29.804 7.594 12.971
8.423 12.584 29.331 7.052 12.862
8.159 12.209 29.854 7.522 12.941
8.259 12.642 29.864 6.975 12.824
8.169 12.259 29.441 6.080 13.115
8.025 12.464 29.594 6.950 13.187
8.285 12.401 30.163 7.093 12.818
8.027 12.533 29.453 6.732 12.924
8.258 12.868 29.811 7.261 13.201
8.090 12.237 29.544 6.814 12.714
8.249 12.499 29.492 7.092 13.124
8.266 12.462 29.923 7.341 12.884
8.180 12.400 30.396 6.713 12.924
8.319 12.584 29.757 7.417 13.146
8.088 12.395 29.437 6.426 13.068
7.905 12.553 29.260 6.824 13.005
8.058 12.258 29.560 6.398 13.003
8.281 12.430 29.566 7.641 13.076
8.075 12.956 29.668 6.957 12.977
8.169 12.215 29.693 7.833 13.082
7.955 12.625 29.965 6.935 12.910
8.157 12.383 30.105 6.569 12.717
8.141 12.553 29.376 5.983 12.874
8.308 12.309 29.957 6.626 12.868
8.032 12.702 29.495 5.890 13.091
8.213 12.301 29.416 7.194 12.893
8.086 12.304 29.092 7.446 13.096
8.219 12.465 29.586 6.544 12.996
8.058 12.379 29.632 7.019 13.065
8.300 12.165 29.766 5.498 13.053
8.085 12.536 30.013 5.640 13.114
8.182 12.041 29.491 6.309 13.116
8.300 12.452 28.731 7.077 13.091
8.229 12.277 29.081 6.195 12.930
8.269 12.580 29.867 5.398 12.904
7.987 12.430 29.383 6.415 13.066
8.183 12.712 29.855 6.328 12.950
8.093 12.179 30.080 6.723 13.112
8.200 12.512 30.097 5.209 13.015
8.176 12.702 29.695 6.825 13.025
8.199 12.283 29.605 7.009 13.090
8.304 12.305 29.910 6.060 12.937
8.231 11.964 29.718 6.143 12.980
8.059 12.645 30.467 6.826 12.981
8.312 12.572 29.371 6.868 12.853
8.044 12.588 29.748 6.764 12.933
8.225 12.029 29.689 6.906 12.968
8.198 12.596 29.646 7.325 13.105
8.012 12.686 29.468 7.910 13.009
8.109 12.348 29.474 6.335 13.098
8.338 11.770 29.233 5.605 13.046
8.021 12.140 29.238 7.426 13.132
8.111 12.643 29.497 6.166 13.147
8.321 12.501 29.989 6.354 13.091
8.272 12.409 29.202 6.728 12.953
8.551 12.157 30.094 7.648 12.887
8.118 12.667 29.368 7.337 13.173
8.480 12.161 29.793 5.449 12.794
8.044 12.514 29.570 6.654 13.127
8.364 12.401 29.986 5.825 12.889
8.091 12.294 29.824 6.824 13.224
8.239 12.456 29.804 7.594 12.971
8.275 12.820 29.262 7.257 13.015
8.337 12.407 29.756 8.165 12.965
8.067 12.220 29.530 7.355 12.989
8.075 12.931 29.589 7.479 13.109
8.117 12.581 30.063 5.709 13.004
8.346 12.438 29.910 6.526 12.782
8.274 12.873 29.686 6.753 13.267
8.162 12.611 29.709 7.367 13.040
7.952 12.676 29.248 6.839 13.156
8.063 12.258 29.508 5.504 13.168
8.074 11.976 30.001 7.112 12.984
8.037 12.441 30.003 7.478 12.763
8.199 12.877 29.425 6.143 13.015
8.171 12.614 29.658 5.938 12.989
7.978 12.007 29.740 6.630 13.035
8.189 11.823 29.884 6.806 12.858
8.156 12.001 29.757 7.066 13.106
8.240 12.396 29.762 6.413 13.104
8.256 12.321 30.093 6.156 13.015
8.160 12.327 28.830 5.505 13.202
8.371 12.689 29.779 7.515 13.025
8.125 12.415 29.314 7.658 13.149
8.293 12.567 29.382 6.312 13.096
8.240 11.971 29.540 6.410 12.796
8.051 12.223 29.223 7.735 13.068
8.396 12.249 30.560 5.605 12.667
8.103 12.526 29.384 6.330 12.981
8.251 12.743 29.658 7.188 13.080
8.273 12.081 29.901 6.321 12.988
8.150 12.315 29.222 7.024 13.034
8.036 12.463 29.548 6.590 13.004
8.220 11.716 29.723 6.921 12.977
8.073 12.701 28.907 7.700 13.099
8.473 12.390 29.450 6.974 13.072
8.116 12.665 28.972 7.375 13.050
8.177 12.396 29.584 7.154 12.942
8.128 11.881 29.738 6.875 12.884
8.384 11.979 29.479 7.809 12.957
8.236 11.991 29.772 6.835 13.068
8.179 12.323 29.572 6.368 13.011
8.054 12.086 29.399 7.697 12.897
8.210 12.622 29.614 6.718 12.996
8.010 12.090 29.146 7.532 12.963
8.091 12.819 29.071 7.437 13.158
8.109 12.348 29.474 6.335 13.098
8.400 12.352 30.061 6.136 12.991
8.296 12.306 30.192 7.757 12.925
8.090 12.143 29.160 6.755 13.136
8.296 12.306 30.192 7.757 12.925
8.317 12.217 30.309 6.848 13.069
8.387 12.612 29.518 6.956 13.152
8.297 12.719 29.710 6.751 12.892
8.450 12.319 29.985 7.383 12.792
7.981 12.443 29.535 7.103 13.079
8.157 12.417 29.163 7.247 13.045
8.231 12.947 29.430 6.990 13.015
8.193 12.863 29.586 6.398 12.995
7.991 12.379 29.301 6.476 12.886
8.113 12.471 29.903 6.801 12.998
8.465 12.270 30.089 5.950 12.920
8.119 12.066 30.317 6.286 12.908
8.125 12.515 30.025 6.833 12.932
8.030 12.388 29.704 5.800 12.943
8.320 12.148 29.481 6.101 12.873
8.023 12.392 29.624 7.120 13.003
8.347 12.910 29.608 5.915 12.983
8.132 12.157 30.024 6.104 12.977
8.234 13.054 29.930 5.568 12.956
8.288 11.874 29.744 6.386 12.860
8.213 12.468 29.790 6.641 12.966
8.219 12.751 30.363 6.297 12.933
8.278 12.095 29.471 6.623 13.092
8.439 12.238 29.551 6.855 13.095
8.332 12.472 29.657 7.238 13.084
8.194 12.326 28.800 6.633 13.062
8.255 12.738 30.121 5.430 13.060
8.160 12.425 28.650 6.038 13.260
8.450 12.319 29.985 7.383 12.792
8.145 12.268 29.605 5.843 13.059
8.250 12.395 29.974 5.905 12.968
8.218 12.481 29.876 6.688 12.785
8.299 12.273 29.854 6.567 13.153
8.304 12.221 28.993 7.791 13.061
8.144 12.517 29.593 6.900 13.181
8.043 12.556 29.537 7.770 13.156
8.136 12.103 29.494 7.165 13.143
8.202 13.024 29.085 5.400 12.984
8.312 11.647 29.743 6.154 12.911
8.094 12.608 29.162 7.124 13.276
8.055 12.117 28.994 7.876 13.111
8.305 12.369 30.199 4.879 12.867
8.200 12.512 30.097 5.209 13.015
8.207 12.593 30.187 5.994 12.904
8.132 12.157 30.024 6.104 12.977
8.115 12.255 29.476 7.354 13.154
8.148 12.387 30.194 6.374 13.029
8.331 12.493 30.283 5.805 12.971
8.335 12.240 29.780 6.885 12.913
8.058 12.547 29.158 7.314 13.087
8.300 12.708 29.417 6.349 13.039
8.175 12.280 29.738 7.122 13.194
8.103 11.746 29.626 6.678 12.975
8.240 12.396 29.762 6.413 13.104
8.273 12.253 30.023 5.087 12.859
8.255 12.738 30.121 5.430 13.060
8.291 12.289 29.648 6.636 13.107
8.190 12.088 29.601 6.254 12.961
8.107 12.502 29.931 7.830 13.180
8.390 12.414 29.994 6.147 12.927
8.169 12.259 29.441 6.080 13.115
8.048 11.979 29.134 7.275 13.057
8.330 12.366 30.036 6.783 12.948
8.400 12.724 29.804 7.256 12.905
8.161 12.379 29.347 6.476 12.934
8.043 12.509 28.931 6.595 13.124
8.169 11.996 29.451 6.049 12.964
8.518 12.241 30.272 6.522 12.716
8.427 12.712 30.240 6.335 12.838
8.109 12.373 29.399 6.092 13.148
8.155 12.293 29.706 7.647 12.965
8.145 12.268 29.605 5.843 13.059
8.137 12.126 29.093 7.445 13.223
8.064 12.678 29.882 7.356 13.202
8.043 12.509 28.931 6.595 13.124
8.374 12.555 30.149 6.712 12.820
8.219 12.560 30.165 7.142 12.741
8.008 11.678 29.647 6.263 12.976
8.111 12.050 30.008 5.229 13.005
8.072 12.675 29.775 7.126 12.942
8.078 12.327 29.868 6.796 13.143
8.347 11.893 29.841 6.649 12.888
8.058 12.258 29.560 6.398 13.003
