8.055107 105.608052
8.030022 106.640407
8.076485 105.763505
8.319626 107.868246
8.210472 104.843192
8.380005 108.321474
8.149590 105.660733
8.072205 107.750574
7.992073 104.789614
8.020134 102.223870
8.411224 109.565941
8.287743 106.582811
8.179710 105.718649
8.218071 107.581960
8.326561 107.525639
8.013130 103.587082
8.063622 105.184985
8.309143 105.752667
8.074310 103.453734
8.210449 106.704144
8.077652 106.163038
8.128326 105.450252
7.992073 104.789614
8.044258 105.594460
7.954308 105.200637
8.047302 106.306444
8.112602 105.946562
8.233521 104.116496
8.288017 107.568805
8.222969 106.751239
8.276093 107.642183
8.115395 105.689519
8.279984 108.179273
8.396004 106.349971
8.113655 105.634480
8.435417 109.468391
8.132309 105.879104
8.206696 105.902467
8.148010 105.452564
8.257530 109.011018
8.423470 108.339389
8.206352 106.754913
8.051262 104.139930
8.326561 107.525639
8.357162 108.639381
8.300880 108.863629
8.092644 106.114605
8.336838 108.088324
8.143913 106.363727
8.208412 105.813696
8.192116 105.914515
8.179253 105.409664
8.083443 105.491330
8.231277 106.417589
8.175865 106.487786
8.060234 106.432087
7.928810 104.653935
8.151718 107.577240
8.549469 112.318036
8.029312 103.955622
8.346107 106.678457
8.164444 105.148084
8.296280 107.233266
8.148605 106.696948
8.211136 107.849332
8.068863 105.224890
8.221436 106.604791
8.195961 106.332029
8.031693 104.357801
8.041214 106.083380
8.251900 107.179485
8.120659 106.326020
8.246063 107.250582
8.137093 105.825777
8.063026 104.604396
8.068222 106.276344
8.148582 105.436019
7.930824 102.929374
8.015717 103.183740
8.097771 106.042677
8.329605 108.307906
8.262428 106.533083
8.316765 107.408887
8.030022 106.640407
8.355972 108.457784
7.995781 103.876990
8.151718 107.577240
8.115509 106.652300
8.404037 108.911639
8.300880 108.863629
8.391792 109.100719
8.366730 108.492506
8.173256 106.542506
8.216492 107.255548
8.030365 105.087227
8.091316 105.242318
8.199463 108.008504
7.994614 103.054054
8.336380 107.620986
8.119606 105.357476
8.133156 106.023148
8.306946 106.713443
8.085411 105.692764
8.268173 105.826056
8.061127 103.837401
8.060852 105.232501
8.218300 105.072185
8.028259 104.897575
8.155540 106.886307
8.169250 107.138520
8.247047 107.998203
7.986031 104.796350
7.997841 103.533252
8.352493 106.263101
8.146088 106.446650
8.267281 106.804850
8.204041 106.277808
8.222099 107.699892
8.119698 103.003812
8.065269 105.996234
8.121780 106.108097
8.258446 107.700454
8.197632 107.433495
8.140572 106.648160
8.122765 106.724071
8.248009 106.472291
8.125877 104.960989
8.459335 111.200696
8.084908 104.690051
8.260529 105.797266
8.299690 108.339295
8.109673 105.406455
8.268173 105.826056
8.239952 105.438456
8.079231 105.127846
8.352608 107.838138
8.227158 106.019184
8.355125 107.097940
8.311363 108.428851
8.011803 104.227112
8.189987 107.355834
8.248604 105.892048
8.059158 104.616323
8.197632 107.433495
8.043755 104.030415
8.150322 106.230909
8.099648 105.452517
8.157806 107.032305
8.126358 104.126999
8.315643 107.515021
8.113449 106.246399
8.114960 106.744162
8.106926 104.652547
8.149750 104.589474
8.108711 106.615816
8.207222 107.784934
8.090240 102.858788
8.013130 103.587082
8.117867 106.939621
8.294678 109.533177
8.161560 106.428208
7.992073 104.789614
8.166183 106.562457
8.218529 106.713940
8.475060 108.302988
8.271835 107.147406
7.982529 101.250551
8.272087 107.841131
8.096672 106.302223
8.070557 105.892164
8.278107 109.206205
8.182846 105.971419
8.241348 107.423791
8.239563 105.779647
8.043091 104.938744
8.022629 104.320662
8.234299 106.788793
8.206696 105.902467
8.105324 104.874090
8.044258 105.594460
8.116081 107.278704
8.285545 105.926253
8.450089 109.443005
8.310814 107.611148
8.285088 105.520453
8.212669 106.776420
8.138008 106.559216
8.190674 105.823498
8.094772 106.744924
8.031601 105.139806
8.110199 105.537666
8.149246 106.897592
8.431732 107.433929
8.048927 104.316655
8.116974 104.138344
8.067741 106.493483
8.212669 106.776420
8.436676 109.917532
8.374214 107.715061
8.026978 105.970625
8.030365 103.936551
7.930824 102.929374
8.068863 105.224890
7.917503 104.118200
8.268723 106.695818
8.230614 107.117384
8.404037 108.911639
8.002419 103.149231
8.020729 105.330850
8.142860 106.123076
8.027939 103.538290
8.160461 107.737126
8.268723 106.695818
8.228806 107.019004
8.292435 108.917832
7.956985 104.625999
8.156593 105.772593
8.276093 107.642183
8.331757 107.478224
8.279984 108.179273
8.490143 109.650828
8.338188 105.600127
8.083443 105.491330
8.182938 106.651343
8.156845 106.402574
8.042839 105.811782
8.288017 107.568805
8.331161 107.862474
8.111343 106.946995
8.592178 109.534847
8.142082 108.020788
8.321182 108.935753
8.299690 108.339295
8.113014 105.366108
8.133156 106.023148
8.386757 109.211257
8.303513 108.477955
8.152657 105.691870
8.148445 104.602272
8.109192 105.234191
8.064423 106.236709
8.161560 105.950536
8.401543 108.759871
8.018623 105.804216
8.213058 106.487766
8.592178 109.534847
8.030022 106.640407
8.122765 106.724071
8.107269 106.854001
8.204933 105.949344
8.075684 104.715963
8.194977 103.982161
7.944397 103.155105
8.402206 109.875212
8.029678 105.045878
8.220222 106.677153
8.093651 107.452950
8.143135 106.154999
8.105438 105.009417
8.070328 106.207483
8.103859 106.588725
8.306534 107.417310
7.982529 101.250551
8.294678 109.533177
8.127205 104.083342
8.518295 108.317804
7.921051 104.056213
8.125648 105.560134
8.020729 105.330850
8.276825 108.198013
8.079895 103.086926
8.187309 107.014028
8.130203 105.618958
8.022972 106.111278
8.088913 107.072654
8.456818 109.135338
8.230934 106.838875
8.334137 107.539812
8.060234 106.432087
8.061127 103.837401
8.181862 106.852838
8.305275 107.997801
8.031601 105.139806
8.094795 106.198442
8.279984 108.179273
8.334137 107.539812
8.326561 107.525639
8.306946 106.713443
8.005119 103.418701
8.547546 109.490194
8.352493 106.263101
8.341713 109.267081
8.148605 106.696948
8.292915 108.607512
8.306053 106.640001
8.101067 103.055544
8.169250 107.138520
8.377075 105.936187
8.450157 108.091505
8.316765 107.408887
8.494331 109.036727
8.109215 105.808434
8.084885 106.028180
8.292755 108.934518
8.061333 102.834082
8.189896 107.207308
8.173256 106.542506
8.233292 107.374955
8.104706 105.209635
8.371422 109.035926
8.022972 106.111278
8.285454 106.204665
8.303970 108.455266
8.054054 105.280558
8.052086 104.559439
8.177399 103.802514
8.043457 103.851245
8.236176 107.628048
8.261147 106.563449
8.346039 107.670180
8.020134 102.223870
8.037598 104.793763
8.043503 105.169924
8.329605 108.307906
8.105324 104.874090
8.116928 104.433517
7.928810 104.653935
8.407722 109.745671
8.199669 105.745215
8.213173 107.009456
8.072205 107.750574
8.303513 108.477955
8.373917 107.353064
8.252472 108.072344
8.184677 107.083442
8.331161 107.862474
8.027161 103.746107
8.195595 106.722481
7.909172 102.323513
8.122765 106.724071
8.348465 109.082040
8.198776 106.718746
8.133202 104.657477
8.126175 105.795017
8.049500 105.536924
8.043503 105.169924
8.352493 106.263101
8.000221 103.450330
8.170944 104.730037
8.295204 108.951880
7.969437 102.880728
8.133728 104.545470
8.251350 108.872260
8.396004 106.349971
8.036362 103.795169
8.285454 106.204665
8.174789 107.855928
8.274696 107.697402
8.053665 105.257889
8.305435 107.153787
8.109192 105.234191
8.173256 106.542506
8.246819 106.672086
8.116928 104.433517
8.094475 103.707536
8.178062 105.783337
7.988548 102.174967
8.094475 103.707536
8.067741 106.493483
8.067307 104.074933
8.292549 109.234559
8.006836 103.702704
8.473183 110.759840
8.184814 107.110396
8.086372 104.053700
8.135902 106.929867
8.355125 107.097940
8.098526 106.742270
8.128326 105.450252
8.150322 106.230909
8.285545 105.926253
8.064651 105.062518
8.249702 107.524586
8.352608 107.838138
8.013130 103.587082
8.059341 105.280632
8.194977 103.982161
8.102692 105.541611
8.024139 104.766933
8.206696 105.902467
8.276207 107.241060
8.053665 103.871927
8.222260 105.033451
8.187836 106.928149
8.221436 106.604791
8.130043 107.760786
8.047302 106.306444
8.383896 110.033807
8.222969 106.751239
7.978020 105.254922
7.985161 105.540425
8.194977 103.982161
7.960304 105.710789
8.106606 106.446873
8.122353 104.292414
8.126358 104.126999
8.132309 105.879104
8.112396 105.850297
7.946640 103.827968
8.370598 107.824273
8.297264 106.965234
8.281128 108.205971
8.125534 106.656610
8.153297 104.530769
8.068863 105.224890
8.101250 104.823074
8.456818 109.135338
8.249313 108.267109
8.253410 106.024887
8.060234 106.432087
8.005943 104.391350
7.995781 103.876990
8.219284 104.722535
8.149750 104.589474
8.135490 105.085291
8.346771 107.973990
8.024460 104.457083
8.110565 104.876400
8.085617 105.883583
8.281746 107.672522
8.331001 108.059505
8.425896 107.371507
8.239014 106.902133
8.051262 104.139930
8.055107 105.608052
8.399872 109.109643
8.390121 108.458207
8.082390 104.776066
8.090584 107.061836
8.232101 108.025050
8.125648 105.560134
8.109673 105.406455
8.213631 106.748674
8.265724 106.492711
8.259613 108.310199
8.312416 106.842713
8.374214 107.715061
8.115395 105.689519
8.297264 106.965234
8.144165 105.382737
8.204041 106.277808
8.248444 108.149976
8.377075 105.936187
8.126175 105.795017
8.115028 106.122861
7.892624 103.273365
8.118050 103.711971
8.295204 108.951880
8.216492 107.255548
8.198776 106.718746
8.281128 108.205971
8.190353 106.158462
8.518295 108.317804
8.191635 103.791456
8.014069 104.097543
8.104340 105.785624
8.402206 109.875212
8.112602 105.946562
8.070557 105.892164
8.292000 107.787461
8.230614 107.117384
8.307884 106.907195
8.132721 106.749266
8.098526 106.742270
8.208412 105.813696
8.128326 105.450252
7.954033 102.080870
8.549469 112.318036
8.269157 107.697911
8.059135 105.047992
8.130592 105.890066
8.027664 106.200022
8.087700 107.347640
8.142860 106.123076
8.065544 103.995377
8.268494 106.407590
8.092644 106.114605
8.066597 104.974035
7.994614 103.054054
8.068222 106.276344
8.202278 105.754367
7.988136 105.011802
8.161789 105.624372
8.010498 104.910081
8.026978 105.970625
8.096947 106.586646
8.383896 110.033807
8.109215 105.808434
8.370598 107.824273
8.076485 105.763505
8.111916 105.161735
8.118576 103.920972
8.093651 107.452950
8.291130 108.669318
8.125648 105.560134
8.163002 104.633577
8.116928 104.433517
7.913155 103.961829
8.136749 107.588519
8.084885 106.028180
8.468536 109.922464
8.130318 106.165972
8.030022 106.640407
8.331161 107.862474
7.989235 103.936821
8.168976 107.127954
8.207039 105.821334
8.163002 104.633577
8.159180 106.275552
8.133545 106.342151
8.015350 104.633871
8.208412 105.813696
8.321182 108.935753
8.158905 106.618564
8.028259 104.897575
8.149590 105.660733
8.047714 103.923297
8.474213 109.431014
8.238350 105.297347
8.403236 108.877466
8.083443 105.491330
8.156593 105.772593
8.083443 105.491330
8.238350 105.297347
8.181702 107.310447
8.116562 103.993143
8.128761 106.134481
8.137093 105.825777
8.474213 109.431014
8.386757 109.211257
8.093651 107.452950
8.254738 106.963996
8.169685 107.306685
8.219284 104.722535
8.169731 107.840463
8.081497 105.680147
8.112602 105.946562
8.423470 108.339389
8.151718 107.577240
8.127708 104.720894
8.114685 107.120530
8.070717 104.883892
8.194977 103.982161
8.217979 106.792968
8.347046 107.573917
8.234207 106.684474
8.219284 104.722535
8.277695 108.370384
8.490143 109.650828
8.059181 105.527162
8.347046 107.573917
8.022972 106.111278
8.091110 106.996519
8.085411 105.692764
8.251900 107.179485
8.110657 106.627194
8.380005 108.321474
8.302483 106.486923
8.132721 106.749266
8.085342 105.005224
8.081589 106.557828
8.113312 105.459241
8.200287 106.731119
8.246819 106.672086
8.089760 106.267540
8.257530 109.011018
8.095688 104.837817
8.037483 102.583802
8.407722 109.745671
8.404037 108.911639
8.030365 105.087227
8.171356 106.137141
8.355972 108.457784
8.172752 107.273684
8.032448 105.028262
8.276825 108.198013
7.980949 104.378956
8.060280 104.164106
8.357162 108.639381
8.168884 107.654881
8.132378 105.125380
8.047096 104.820849
8.167328 105.950894
8.125648 105.560134
8.278107 109.206205
8.221596 107.868353
8.199463 108.008504
8.213058 106.487766
8.130318 106.165972
8.380005 108.321474
8.265289 106.670678
8.223404 108.276141
8.295708 108.086432
8.128326 106.590039
8.281448 108.289735
8.337502 108.769793
8.142403 105.142289
8.195961 106.332029
8.022629 104.320662
8.213654 107.241793
8.125877 104.960989
8.158905 106.618564
8.366730 108.492506
8.036179 104.503551
8.057190 105.804620
8.238945 107.018440
8.168953 106.865814
8.226952 107.420621
8.029083 103.581974
8.292549 109.234559
8.047714 103.923297
8.015350 104.633871
8.319168 109.362677
8.302483 106.486923
8.005943 104.391350
8.178246 105.151838
8.128326 106.590039
8.113312 105.459241
8.057831 104.775046
8.157967 106.118310
8.103859 106.588725
8.060852 105.232501
8.206696 105.902467
7.978249 102.953002
8.408913 109.215329
8.456818 109.135338
8.094772 106.744924
8.104340 105.785624
8.410721 109.537424
8.123886 105.111915
7.954857 102.697669
8.133156 106.023148
8.347847 108.715654
8.248283 106.329023
7.933411 103.087786
8.111343 106.946995
7.904961 102.806039
8.375862 107.431659
8.067673 105.374790
7.917503 104.118200
8.300194 108.228405
8.194565 107.813201
8.154945 105.728972
8.005943 104.391350
8.067078 104.781322
8.360641 108.309930
8.181862 106.852838
8.206558 106.760796
8.164581 105.101458
8.268425 106.783870
8.174789 107.855928
8.149887 105.682773
8.115028 104.512644
8.337502 108.769793
8.276093 107.642183
8.148605 108.577367
8.287743 106.582811
8.161102 106.997007
8.244232 106.764855
8.159180 106.275552
8.032448 105.028262
8.201431 106.299650
8.109489 106.214694
8.268425 106.783870
8.027664 106.200022
8.348465 109.082040
8.182297 106.103058
8.279984 108.179273
8.038994 105.328071
8.377075 105.936187
8.281609 106.979069
8.239151 106.871139
8.273026 107.300906
8.096077 104.072602
8.043526 103.743688
8.194908 106.362206
8.122765 106.724071
8.170280 105.346843
7.982712 104.103006
8.153023 106.158683
8.232101 108.025050
8.059341 105.280632
8.494331 109.036727
8.329994 107.855447
8.227867 106.984037
8.331757 109.011053
8.291496 107.619159
8.303513 108.477955
8.438347 110.146781
8.390900 109.718967
8.145309 106.560749
8.153297 104.530769
8.269157 107.697911
8.143135 106.154999
8.166183 106.562457
8.391792 109.100719
7.917503 104.118200
8.341713 109.267081
8.187836 106.928149
8.125534 106.656610
8.218529 106.713940
8.168976 107.127954
8.177330 106.075272
8.047531 105.160339
7.980949 104.378956
8.102692 105.541611
7.931053 103.191985
8.093903 105.699121
8.005119 103.418701
7.988136 105.011802
8.043526 103.743688
8.200287 106.731119
8.238350 105.297347
8.155540 106.886307
8.036179 104.503551
8.320358 107.109884
8.109764 105.010871
8.083191 105.553608
8.094795 106.198442
8.435417 109.468391
8.051262 104.139930
8.109192 105.234191
8.115028 106.122861
8.110565 104.876400
8.010498 104.477241
8.072983 104.662596
8.300285 109.369270
8.298958 109.154315
8.136360 105.494386
8.112602 105.946562
8.360641 108.309930
8.166183 106.562457
8.051262 104.139930
8.270439 106.919100
8.070717 104.883892
8.192184 107.093572
8.111778 106.739002
8.222260 105.033451
8.205254 106.051633
8.089760 106.267540
8.305275 107.997801
8.072983 104.662596
7.995209 103.356527
8.198090 108.094964
8.014069 104.097543
8.091385 106.469995
8.160576 105.545860
8.079895 103.086926
8.269020 107.310506
8.149773 106.314667
8.126358 104.126999
8.063278 106.176177
8.050484 106.192414
8.084267 104.225544
8.088913 107.072654
8.266983 107.723492
8.490143 109.650828
8.202278 105.754367
8.261925 107.164256
8.259613 108.310199
8.161789 105.624372
8.157417 106.423758
8.410721 109.537424
8.268723 106.695818
8.352493 106.263101
8.022629 104.320662
8.140572 106.648160
8.125877 104.960989
8.233521 104.116496
8.321342 108.691599
8.112602 105.946562
8.081589 106.557828
8.251282 107.927987
8.207268 105.792974
8.221596 107.868353
8.187309 107.014028
8.010361 104.214687
8.371422 109.035926
8.142586 104.982893
8.002579 106.154364
8.401543 108.759871
8.202438 106.499281
8.015717 103.183740
8.040001 103.608270
8.347366 108.371948
8.305481 106.868516
8.094795 106.198442
8.276619 106.615157
8.116081 107.278704
8.096672 106.302223
8.116264 105.597100
8.168175 106.728789
8.104385 106.421272
8.042931 107.351042
8.285088 105.520453
8.017982 106.261961
8.239151 106.871139
8.423470 108.339389
8.158997 105.584021
8.258812 105.907365
8.169250 107.138520
8.024826 105.825077
8.285454 106.204665
8.027161 103.746107
8.257530 109.011018
8.090240 102.858788
8.249313 108.267109
8.265724 106.492711
8.179710 105.718649
8.319168 109.362677
8.088089 105.693158
7.904961 102.806039
8.057831 104.775046
8.281448 108.289735
8.075432 104.797643
8.168953 106.865814
7.954857 102.697669
8.157440 103.738890
8.140892 104.804959
8.307884 106.907195
8.031601 105.139806
8.213493 105.894166
8.085548 105.887451
8.219170 106.818947
8.057945 105.274862
8.299690 108.339295
8.084885 106.028180
8.181702 107.310447
8.299828 108.654096
8.229286 106.403166
8.268723 106.695818
7.986671 104.355652
8.182846 105.971419
8.092644 106.114605
8.200447 106.732561
8.175865 106.487786
8.198730 107.324308
8.303902 107.430747
8.230934 106.838875
8.059158 104.616323
8.312416 106.842713
8.043755 104.030415
8.225258 106.663979
8.197632 107.433495
8.011803 104.227112
8.109489 106.214694
8.337502 108.769793
8.020729 105.330850
8.110657 106.627194
8.321182 108.935753
8.271835 107.147406
8.551048 110.201022
8.117867 106.939621
8.480209 108.495842
8.044258 105.594460
8.363594 107.796228
8.091110 106.996519
8.239151 106.871139
8.274696 107.697402
8.336838 108.088324
8.067078 104.781322
8.074837 105.852534
8.116539 105.548550
8.346107 106.678457
8.273941 109.770678
8.161560 106.428208
7.952362 104.620174
8.063278 106.176177
8.074310 104.836806
8.037483 102.583802
8.198845 106.707995
8.171356 106.137141
7.978180 103.998494
8.189255 105.296908
8.155540 106.886307
8.239929 107.975973
8.256134 107.450244
8.160461 107.737126
8.371422 109.035926
8.125214 106.841653
8.292915 108.607512
8.239952 105.438456
8.050827 105.210452
8.396004 106.349971
8.103378 105.188735
8.251282 107.927987
8.272568 107.444432
8.150322 106.230909
8.036179 104.503551
8.220222 106.677153
8.072777 105.746503
8.473183 110.759840
8.116150 105.919637
8.176941 105.821921
8.127708 104.720894
8.383804 108.630722
8.236176 107.628048
8.178589 106.415238
8.053665 103.871927
8.210449 106.704144
8.009720 103.832668
8.091385 106.469995
8.109489 106.214694
8.400421 109.126301
8.296280 107.233266
8.089760 106.267540
8.296280 107.233266
8.316536 108.690730
8.386642 110.303535
8.297264 106.965234
8.450157 108.091505
7.980949 104.378956
8.156845 106.402574
8.230614 107.117384
8.193329 106.473933
7.990608 102.964791
8.113312 105.459241
8.465195 109.370259
8.119217 104.802528
8.125168 105.070645
8.030365 103.936551
8.320358 107.109884
8.022629 104.320662
8.347366 108.371948
8.132080 105.529554
8.234207 106.684474
8.287743 106.582811
8.213058 106.487766
8.218987 106.298483
8.277695 108.370384
8.438690 110.506657
8.331757 109.011053
8.193649 107.027602
8.254852 107.808029
8.159546 108.197101
8.450157 108.091505
8.144920 106.364711
8.250023 106.982963
8.218300 105.072185
8.298958 109.154315
8.303970 108.455266
8.143776 107.346483
8.042839 105.811782
8.135902 106.929867
8.202438 106.499281
8.311821 107.309921
8.093651 107.452950
8.055107 105.608052
8.305481 106.868516
8.200447 106.732561
8.206696 105.902467
8.132080 105.529554
8.114960 106.744162
8.148331 106.162262
8.331001 108.059505
8.335442 107.635109
8.057602 105.451076
8.300194 108.228405
8.174789 107.855928
8.102737 105.134657
8.239929 107.975973
8.272568 106.374028
8.254852 107.808029
8.291130 108.669318
8.190353 106.158462
8.107269 106.854001
8.390121 108.458207
8.169250 107.138520
8.047783 105.080880
8.329994 107.855447
8.399620 108.396364
8.160576 105.545860
8.042725 105.551538
8.168816 105.900162
8.518295 108.317804
8.426857 108.183748
8.108711 106.615816
8.154945 105.728972
8.144920 106.364711
8.136749 107.588519
8.064217 106.460695
8.042725 105.551538
8.373917 107.353064
8.219284 104.722535
8.008163 103.913182
8.110657 105.477797
8.072136 104.470776
8.077652 106.163038
8.347046 107.573917
8.057831 104.775046
