2.000000 214.255808 217.550116 210.961499
2.100000 214.340654 217.635636 211.045672
2.200000 214.425500 217.721359 211.129642
2.300000 214.510347 217.807284 211.213410
2.400000 214.595193 217.893411 211.296975
2.500000 214.680040 217.979740 211.380339
2.600000 214.764886 218.066271 211.463501
2.700000 214.849732 218.153004 211.546461
2.800000 214.934579 218.239938 211.629220
2.900000 215.019425 218.327072 211.711778
3.000000 215.104272 218.414407 211.794136
3.100000 215.189118 218.501941 211.876294
3.200000 215.273964 218.589675 211.958253
3.300000 215.358811 218.677608 212.040013
3.400000 215.443657 218.765740 212.121575
3.500000 215.528503 218.854068 212.202939
3.600000 215.613350 218.942594 212.284105
3.700000 215.698196 219.031317 212.365076
3.800000 215.783043 219.120235 212.445850
3.900000 215.867889 219.209348 212.526430
4.000000 215.952735 219.298656 212.606815
4.100000 216.037582 219.388157 212.687007
4.200000 216.122428 219.477851 212.767005
4.300000 216.207275 219.567737 212.846813
4.400000 216.292121 219.657813 212.926429
4.500000 216.376967 219.748080 213.005854
4.600000 216.461814 219.838536 213.085091
4.700000 216.546660 219.929181 213.164140
4.800000 216.631507 220.020012 213.243001
4.900000 216.716353 220.111030 213.321675
5.000000 216.801199 220.202234 213.400165
5.100000 216.886046 220.293621 213.478470
5.200000 216.970892 220.385192 213.556592
5.300000 217.055738 220.476945 213.634532
5.400000 217.140585 220.568879 213.712291
5.500000 217.225431 220.660993 213.789870
5.600000 217.310278 220.753286 213.867270
5.700000 217.395124 220.845756 213.944492
5.800000 217.479970 220.938403 214.021538
5.900000 217.564817 221.031224 214.098409
6.000000 217.649663 221.124220 214.175106
6.100000 217.734510 221.217389 214.251630
6.200000 217.819356 221.310730 214.327982
6.300000 217.904202 221.404240 214.404164
6.400000 217.989049 221.497920 214.480177
6.500000 218.073895 221.591768 214.556022
6.600000 218.158741 221.685782 214.631701
6.700000 218.243588 221.779961 214.707214
6.800000 218.328434 221.874305 214.782564
6.900000 218.413281 221.968810 214.857751
7.000000 218.498127 222.063478 214.932777
7.100000 218.582973 222.158305 215.007642
7.200000 218.667820 222.253290 215.082349
7.300000 218.752666 222.348433 215.156899
7.400000 218.837513 222.443732 215.231293
7.500000 218.922359 222.539186 215.305532
7.600000 219.007205 222.634792 215.379618
7.700000 219.092052 222.730551 215.453553
7.800000 219.176898 222.826460 215.527336
7.900000 219.261744 222.922518 215.600971
8.000000 219.346591 223.018724 215.674458
8.100000 219.431437 223.115076 215.747798
8.200000 219.516284 223.211574 215.820993
8.300000 219.601130 223.308215 215.894045
8.400000 219.685976 223.404998 215.966955
8.500000 219.770823 223.501922 216.039723
8.600000 219.855669 223.598986 216.112352
8.700000 219.940516 223.696188 216.184843
8.800000 220.025362 223.793527 216.257197
8.900000 220.110208 223.891002 216.329415
9.000000 220.195055 223.988610 216.401499
9.100000 220.279901 224.086351 216.473451
9.200000 220.364748 224.184224 216.545271
9.300000 220.449594 224.282227 216.616961
9.400000 220.534440 224.380359 216.688522
9.500000 220.619287 224.478618 216.759956
9.600000 220.704133 224.577003 216.831263
9.700000 220.788979 224.675513 216.902446
9.800000 220.873826 224.774146 216.973505
9.900000 220.958672 224.872902 217.044442
10.000000 221.043519 224.971778 217.115259
10.100000 221.128365 225.070775 217.185955
10.200000 221.213211 225.169889 217.256534
10.300000 221.298058 225.269120 217.326995
10.400000 221.382904 225.368468 217.397341
10.500000 221.467751 225.467929 217.467572
10.600000 221.552597 225.567504 217.537689
10.700000 221.637443 225.667191 217.607695
10.800000 221.722290 225.766989 217.677590
10.900000 221.807136 225.866896 217.747376
11.000000 221.891982 225.966912 217.817053
11.100000 221.976829 226.067035 217.886623
11.200000 222.061675 226.167264 217.956087
11.300000 222.146522 226.267597 218.025446
11.400000 222.231368 226.368034 218.094702
11.500000 222.316214 226.468574 218.163855
11.600000 222.401061 226.569214 218.232907
11.700000 222.485907 226.669955 218.301859
11.800000 222.570754 226.770795 218.370712
11.900000 222.655600 226.871733 218.439467
12.000000 222.740446 226.972767 218.508126
12.100000 222.825293 227.073897 218.576688
12.200000 222.910139 227.175122 218.645157
12.300000 222.994985 227.276440 218.713531
12.400000 223.079832 227.377850 218.781814
12.500000 223.164678 227.479352 218.850005
12.600000 223.249525 227.580944 218.918106
12.700000 223.334371 227.682625 218.986117
12.800000 223.419217 227.784394 219.054041
12.900000 223.504064 227.886250 219.121877
13.000000 223.588910 227.988193 219.189627
13.100000 223.673757 228.090221 219.257292
13.200000 223.758603 228.192333 219.324873
13.300000 223.843449 228.294528 219.392371
13.400000 223.928296 228.396805 219.459786
13.500000 224.013142 228.499163 219.527121
13.600000 224.097988 228.601602 219.594375
13.700000 224.182835 228.704120 219.661549
13.800000 224.267681 228.806717 219.728645
13.900000 224.352528 228.909391 219.795664
14.000000 224.437374 229.012142 219.862606
14.100000 224.522220 229.114968 219.929472
14.200000 224.607067 229.217870 219.996264
14.300000 224.691913 229.320845 220.062981
14.400000 224.776760 229.423893 220.129626
14.500000 224.861606 229.527014 220.196198
14.600000 224.946452 229.630206 220.262699
14.700000 225.031299 229.733468 220.329129
14.800000 225.116145 229.836801 220.395490
14.900000 225.200992 229.940202 220.461781
