8.797201 -411.910691
8.750191 -429.935914
10.627893 -282.724380
10.066534 -362.642343
11.213947 -2053.301096
12.749334 -612.898026
11.660227 -1306.920403
11.498001 -1166.382593
8.687485 -641.607904
9.113499 -869.211229
10.179545 -1071.564058
11.769862 -504.658201
11.557401 4973.108574
9.718378 -481.673304
8.442141 -258.994074
8.506366 -325.107213
8.573511 -311.603357
8.160768 -257.937303
7.807836 -217.654034
8.037952 -339.620858
7.732477 -335.964695
7.108615 -407.335890
7.014782 -248.465649
7.208724 -308.372978
9.509771 -425.633598
7.086784 -553.071556
7.263735 -283.638552
5.834104 -183.051782
8.221697 -502.559367
7.017116 -244.517574
6.169987 -224.917197
9.302041 -439.418530
8.234274 -278.735057
4.189006 -597.737428
3.505557 -260.383757
1.715000 -57.464817
6.216040 -451.633945
6.682740 7148.894591
6.696394 -367.793648
3.933606 -241.520023
6.595249 -208.214766
3.011661 -139.894402
2.522180 -188.969501
5.654015 -242.772094
7.997711 -252.731851
6.788151 -240.557469
1.832760 872.456756
3.993926 -2436.767522
7.462707 -202.909704
6.916703 -175.556763
6.943072 -261.320392
7.848053 -194.924148
8.005662 -196.507315
7.807362 -171.367092
1.898789 -34198.667657
1.938021 49149.040413
7.303340 -168.820455
7.564456 -183.619078
8.417847 -227.741145
7.569962 -192.274310
9.460978 -293.112958
7.633279 -171.552848
6.401745 -270.683708
3.845918 -97.987920
2.282125 -291.532611
9.421855 -233.145258
9.313799 -243.350918
9.511659 -240.743386
4.168398 334.991630
4.706057 -88.449825
5.102877 -123.626889
6.782010 -214.885515
4.128474 -43.192934
7.083184 -135.795368
4.194824 -122.453219
3.366450 -70.607471
4.219348 -169.997511
5.329131 -137.299728
6.743747 -237.368113
8.109382 -246.205925
11.467915 -476.801526
8.416649 -338.679064
9.102756 -302.226435
9.569663 1703.761336
9.244542 -599.948666
8.008458 -275.714670
9.517657 -1124.338779
7.748870 -271.931119
7.573112 -246.641589
6.938953 -205.916407
5.481651 -508.770261
8.929586 -317.393536
2.226276 -131.809219
6.603952 -1579.334461
7.902408 -181.121685
8.082974 -183.069816
4.765177 -101.417710
1.488092 -1588.406179
8.124264 -164.066880
1.687550 -1225.865887
6.350959 -103.224654
4.009069 -59.867610
6.952009 -144.182684
7.386558 -220.739347
8.487126 -219.982452
7.123929 -109.925833
