2.000000 37327257.153495
2.100000 37018169.398594
2.200000 36740686.392848
2.300000 36396132.151611
2.400000 36096157.595301
2.500000 35771088.130391
2.600000 35480349.553452
2.700000 35123477.611317
2.800000 34794931.022268
2.900000 34552726.306369
3.000000 34267903.334063
3.100000 33984440.537703
3.200000 33718021.404117
3.300000 33475893.998044
3.400000 33225852.719291
3.500000 33027577.652587
3.600000 32824585.896142
3.700000 32647417.669859
3.800000 32476597.172730
3.900000 32291051.738809
4.000000 32099886.831843
4.100000 31950293.715727
4.200000 31810766.019760
4.300000 31693275.508551
4.400000 31591797.148298
4.500000 31519753.585717
4.600000 31411178.767037
4.700000 31313740.414596
4.800000 31250553.332590
4.900000 31197452.916357
5.000000 31127253.752415
5.100000 31081344.073538
5.200000 31041886.753587
5.300000 30991614.667902
5.400000 30939960.135749
5.500000 30915931.374809
5.600000 30869635.236075
5.700000 30839917.416708
5.800000 30813941.859886
5.900000 30779566.766860
6.000000 30741368.494238
6.100000 30723805.221965
6.200000 30679468.612679
6.300000 30653737.795426
6.400000 30610408.509534
6.500000 30594819.073814
6.600000 30588570.359541
6.700000 30585573.821040
6.800000 30556949.174504
6.900000 30546919.798514
7.000000 30531510.086930
7.100000 30522934.882794
7.200000 30499302.646626
7.300000 30511286.233666
7.400000 30486483.676547
7.500000 30473440.328102
7.600000 30473952.636015
7.700000 30502800.972005
7.800000 30468139.258755
7.900000 30460261.939934
8.000000 30455399.249729
8.100000 30453266.832059
8.200000 30453000.842633
8.300000 30453981.310419
8.400000 30455923.471711
8.500000 30458776.318581
8.600000 30462701.950770
8.700000 30468200.792972
8.800000 30476585.032896
8.900000 30491713.320636
9.000000 30526742.619043
9.100000 30575656.757997
9.200000 30549912.074817
9.300000 30519504.889751
9.400000 30506509.951201
9.500000 30502203.583253
9.600000 30501787.784237
9.700000 30503332.848242
9.800000 30505998.409595
9.900000 30509375.913295
10.000000 30513246.325250
10.100000 30517482.063857
10.200000 30522003.344554
10.300000 30526757.077068
10.400000 30531705.933457
10.500000 30536822.347193
10.600000 30542085.054621
10.700000 30547477.017662
10.800000 30552984.131257
10.900000 30558594.394086
11.000000 30564297.361971
11.100000 30570083.778772
11.200000 30575945.321518
11.300000 30581874.420680
11.400000 30587864.130809
11.500000 30593908.035529
11.600000 30600000.176310
11.700000 30606134.997938
11.800000 30612307.305881
11.900000 30618512.232212
12.000000 30624745.207802
12.100000 30631001.939128
12.200000 30637278.388562
12.300000 30643570.757301
12.400000 30649875.470336
12.500000 30656189.163030
12.600000 30662508.668970
12.700000 30668831.008878
12.800000 30675153.380377
12.900000 30681473.148494
13.000000 30687787.836796
13.100000 30694095.119071
13.200000 30700392.811501
13.300000 30706678.865277
13.400000 30712951.359612
13.500000 30719208.495122
13.600000 30725448.587547
13.700000 30731670.061799
13.800000 30737871.446293
13.900000 30744051.367571
14.000000 30750208.545190
14.100000 30756341.786856
14.200000 30762449.983801
14.300000 30768532.106388
14.400000 30774587.199926
14.500000 30780614.380697
14.600000 30786612.832173
14.700000 30792581.801425
14.800000 30798520.595706
14.900000 30804428.579204
15.000000 30810305.169957
