2.000000 15831978.289014
2.100000 15761490.212143
2.200000 15698813.614276
2.300000 15635759.550144
2.400000 15572395.097163
2.500000 15507125.230056
2.600000 15448530.090897
2.700000 15396418.206614
2.800000 15354145.919266
2.900000 15314279.990360
3.000000 15279848.846268
3.100000 15249363.303061
3.200000 15222260.069879
3.300000 15195363.758682
3.400000 15169679.787948
3.500000 15145458.376332
3.600000 15122384.353326
3.700000 15101111.476304
3.800000 15082009.145903
3.900000 15066086.016049
4.000000 15050092.929212
4.100000 15034652.466926
4.200000 15020021.132272
4.300000 15006348.926418
4.400000 14994139.360089
4.500000 14982658.570281
4.600000 14971647.396090
4.700000 14961378.530567
4.800000 14951485.212362
4.900000 14941972.337995
5.000000 14932985.763301
5.100000 14924689.289925
5.200000 14917196.637091
5.300000 14910526.956171
5.400000 14904228.016448
5.500000 14898117.931359
5.600000 14892831.075411
5.700000 14887963.928316
5.800000 14884572.690014
5.900000 14880568.542749
6.000000 14876939.474095
6.100000 14873587.164489
6.200000 14870264.885177
6.300000 14867364.277237
6.400000 14864671.060361
6.500000 14862229.883378
6.600000 14858791.262787
6.700000 14855211.150580
6.800000 14853068.809017
6.900000 14854193.378216
7.000000 14852905.316318
7.100000 14851439.566897
7.200000 14850171.551445
7.300000 14849039.773631
7.400000 14848038.477785
7.500000 14847126.202617
7.600000 14846317.973608
7.700000 14845614.940828
7.800000 14845003.442051
7.900000 14844496.967058
8.000000 14844070.801349
8.100000 14843717.853730
8.200000 14843428.253338
8.300000 14843190.219187
8.400000 14842993.680423
8.500000 14842834.911463
8.600000 14842718.972878
8.700000 14842657.134255
8.800000 14842662.226668
8.900000 14842749.026442
9.000000 14842942.688381
9.100000 14843950.193706
9.200000 14843393.183214
9.300000 14843328.331310
9.400000 14843546.147336
9.500000 14843853.887762
9.600000 14844208.560278
9.700000 14844596.830089
9.800000 14845012.870816
9.900000 14845453.322533
10.000000 14845915.821566
10.100000 14846398.481877
10.200000 14846899.683261
10.300000 14847417.974205
10.400000 14847952.023060
10.500000 14848500.591702
10.600000 14849062.520564
10.700000 14849636.719771
10.800000 14850222.163632
10.900000 14850817.886955
11.000000 14851422.982292
11.100000 14852036.597588
11.200000 14852657.933929
11.300000 14853286.243243
11.400000 14853920.825907
11.500000 14854561.028243
11.600000 14855206.239956
11.700000 14855855.891531
11.800000 14856509.451659
11.900000 14857166.424715
12.000000 14857826.348328
12.100000 14858488.791064
12.200000 14859153.350237
12.300000 14859819.649860
12.400000 14860487.338739
12.500000 14861156.088698
12.600000 14861825.592950
12.700000 14862495.564588
12.800000 14863165.735204
12.900000 14863835.853615
13.000000 14864505.684690
13.100000 14865175.008283
13.200000 14865843.618241
13.300000 14866511.321499
13.400000 14867177.937239
13.500000 14867843.296122
13.600000 14868507.239576
13.700000 14869169.619135
13.800000 14869830.295829
13.900000 14870489.139620
14.000000 14871146.028872
14.100000 14871800.849869
14.200000 14872453.496352
14.300000 14873103.869096
14.400000 14873751.875514
14.500000 14874397.429286
14.600000 14875040.450006
14.700000 14875680.862862
14.800000 14876318.598325
14.900000 14876953.591864
15.000000 14877585.783672
