9.259918 141.916389
8.234756 123.562510
8.637909 120.453042
8.231049 122.161331
8.538231 125.461408
8.234940 119.158890
8.564575 123.151552
9.186722 136.088647
8.288521 120.872972
8.816872 133.017322
8.789749 125.365919
8.915405 124.985927
9.227005 138.802299
8.533058 130.628636
8.547020 121.585627
7.702332 119.853484
9.059464 136.813064
8.427223 129.252540
9.135933 133.795760
8.221985 118.955943
8.661392 128.318496
8.193970 118.307290
9.283104 131.950909
8.611336 121.425068
8.307655 115.297496
9.078918 132.730402
8.620377 124.683514
9.395760 138.174604
9.107574 130.038060
9.073563 124.058997
10.063911 148.611403
8.778923 129.989409
8.557709 126.370085
8.356544 121.634309
8.122375 120.522245
10.205315 153.066178
8.472610 127.007186
9.772385 138.231983
9.041588 127.018312
8.602226 123.134740
8.610237 129.345106
8.899750 133.023375
9.097366 136.664662
8.765694 128.537819
8.699890 130.633039
7.639641 114.214456
9.012062 121.137130
8.288521 120.872972
9.157402 137.914679
8.897713 134.106321
8.342285 120.318567
9.171249 129.475477
9.639267 139.619299
8.568146 124.069995
8.369499 123.143592
9.175163 134.919781
9.406837 131.234385
9.579300 136.179135
9.522034 133.047677
9.665016 140.742352
8.767387 130.777081
8.534821 124.279756
9.578316 144.709297
8.255058 121.868545
8.252792 124.368163
8.621475 125.209717
9.165939 132.198069
8.702202 125.570704
9.171249 129.475477
8.063622 112.047632
9.333183 140.086572
8.646721 121.295962
8.602341 133.741191
8.791420 132.507466
9.300636 139.924858
9.024925 133.042927
8.774895 132.972800
8.773933 133.741406
8.759789 125.049650
9.724594 132.599009
9.055893 133.953189
9.089767 128.725425
8.776405 126.700362
8.236633 121.351882
8.945549 134.018993
7.939476 115.932996
9.090866 141.852441
9.395760 138.174604
8.658737 121.738127
9.343849 137.313955
8.273026 123.269559
10.004997 138.854464
9.043877 132.935659
8.645874 127.851780
8.734222 128.007993
8.773773 133.988259
9.089653 135.351515
8.006081 119.827372
8.184494 122.512517
8.702202 125.570704
9.109818 130.167228
9.055939 135.177074
9.250237 132.188428
7.921211 117.702937
8.006081 119.827372
8.320129 122.861547
8.653610 130.731064
8.598267 121.711384
8.724586 129.471092
8.788284 132.189285
9.632767 139.544655
8.234940 119.158890
8.524338 127.086988
9.032684 133.646340
8.695427 128.751418
8.091431 119.575700
8.806274 122.841880
9.032982 133.237796
8.507469 128.165461
8.703323 124.114827
10.063911 148.611403
8.773933 133.741406
8.193970 118.307290
9.167770 132.893778
9.174042 132.750249
9.125565 131.614306
8.856422 125.995919
8.734955 125.379647
8.204315 123.830967
9.075417 132.380283
9.123550 131.566983
7.651176 110.370072
9.073563 124.058997
9.080772 132.785870
9.062462 126.650329
8.146385 117.730362
8.617882 125.922486
9.028130 125.603136
8.050392 115.053860
8.362381 126.409839
8.816872 133.017322
9.723656 136.937033
9.505486 138.913062
8.751640 122.555547
8.524567 125.715478
9.227005 138.802299
8.939323 133.049854
9.449638 136.637021
9.150627 127.335886
8.462059 128.745549
8.179962 114.839670
9.181206 127.600099
7.818031 116.349914
8.658737 121.738127
8.968620 125.918009
8.300285 122.883535
8.974342 128.962535
8.206787 116.855363
9.164978 128.036298
8.429626 121.366921
7.708534 115.672207
8.861549 130.060182
8.991074 129.052243
8.232193 125.160394
9.679253 136.468470
8.931908 128.823490
8.204315 123.830967
9.109818 130.167228
9.186722 136.088647
8.738205 126.601600
8.653610 130.731064
8.195068 122.681454
8.404724 118.695425
9.049072 124.936187
8.630196 127.637472
8.618660 125.523170
8.675468 128.979088
8.686157 131.561894
8.566086 130.516059
8.686111 130.976357
9.217003 134.867469
8.585609 123.918103
9.063103 131.022261
8.719025 125.819381
8.490257 127.270728
7.708534 115.672207
7.633415 113.660145
9.059464 136.813064
8.043594 116.201882
7.950394 116.696138
8.843422 133.899331
9.125244 134.640146
8.683296 127.745236
8.880981 125.379767
9.871902 152.825943
9.092903 134.245428
8.815521 124.716930
8.462769 122.592223
8.662125 126.831439
9.056351 138.868497
8.932549 127.968820
9.164978 128.036298
7.831100 111.916636
9.612579 141.479378
8.621475 125.209717
8.897713 134.106321
8.900826 128.861916
8.549011 122.121793
8.815521 124.716930
8.934563 128.555407
9.763550 139.571699
7.702332 119.853484
8.757614 122.702635
8.140800 119.070722
8.624222 125.232237
8.366638 122.614845
8.437637 124.245628
8.767387 130.777081
9.078918 132.730402
8.934563 128.555407
8.463203 126.599971
8.363525 125.532607
8.552147 124.940662
8.566086 130.516059
8.283714 119.240018
10.038986 150.884422
9.040581 138.163470
8.311226 122.578233
8.691055 130.184651
8.631660 128.472757
9.135612 136.030886
8.320129 122.861547
8.338829 117.907268
9.027008 134.707168
9.025497 130.694759
9.056648 132.795322
8.840240 127.544718
8.712753 127.353028
8.932549 127.968820
8.467026 120.588907
9.027008 134.707168
9.107002 130.142554
8.311226 122.578233
9.455612 138.395011
9.684311 143.924001
7.889236 119.517580
8.978897 127.974818
9.187477 127.946633
9.971191 147.201493
9.041588 127.018312
9.062370 126.520521
9.062462 126.650329
9.052391 134.948394
9.348221 137.786322
8.206787 116.855363
9.104759 136.096594
9.128723 131.777825
9.055779 138.089157
8.637222 131.568488
9.159760 129.388551
9.045387 130.539273
8.393898 123.752291
9.343849 137.313955
9.041588 127.018312
8.193169 121.713818
8.146454 114.262697
8.596298 127.896676
8.477074 119.082994
9.035133 136.637601
8.956352 127.210707
8.566223 122.330694
9.378204 134.398413
8.432121 119.953663
8.558487 123.097929
8.888443 130.207775
9.772385 138.231983
8.117546 111.582563
8.985718 127.551511
9.191963 135.440928
9.116798 132.322709
7.889236 119.517580
8.671692 135.056174
8.438873 121.391516
8.367828 127.575321
9.024925 133.042927
7.633415 113.660145
9.035957 132.707581
8.864090 128.713811
7.921211 117.702937
7.821419 110.722275
8.774895 132.972800
9.090866 141.852441
8.671692 135.056174
9.104462 128.860484
8.197060 117.402106
8.566086 130.516059
9.259918 141.916389
9.183540 132.562041
8.596298 127.896676
9.037766 129.294608
8.962257 126.432351
8.837700 120.777055
9.044106 136.651259
10.243263 153.171476
8.628136 123.640154
9.073563 124.058997
8.193970 118.307290
9.150192 133.478726
8.193169 121.713818
8.788284 132.189285
8.978897 127.974818
8.218987 119.151568
8.343773 120.743525
8.710716 127.985608
8.640930 125.194023
8.437431 117.060086
8.307747 116.632656
8.342285 120.318567
8.098366 119.773664
8.645714 131.426780
8.524338 127.086988
7.703613 119.183992
9.248611 135.131968
8.827332 128.877315
8.367828 127.575321
8.188499 118.120257
8.658737 121.738127
8.341942 120.916650
8.767387 130.777081
9.069740 131.504394
9.236115 136.447113
9.104462 128.860484
9.202080 132.450669
9.036392 136.099640
9.567787 145.060362
8.570457 129.073494
8.504105 121.954791
8.227730 123.083334
9.051407 130.103106
9.067474 132.764630
9.250237 132.188428
8.489273 126.461547
9.522034 133.047677
9.333183 140.086572
8.781853 125.102424
9.217003 134.867469
8.204475 120.871155
8.601288 121.695536
8.905975 128.889924
8.373436 124.388356
8.915405 124.985927
8.462059 128.745549
9.139503 137.209743
9.150627 127.335886
8.289116 119.132332
9.351974 134.799971
8.198479 115.561313
8.061722 120.645906
9.058960 126.587770
8.671692 135.056174
8.947975 130.780297
7.650787 111.403363
8.666153 129.142571
8.977867 128.076051
8.455147 121.728450
9.023346 131.486977
7.889236 119.517580
9.116798 132.322709
9.202080 132.450669
8.275978 125.777895
8.703323 124.114827
8.662079 127.305033
8.935020 133.886306
8.307655 115.297496
9.117897 142.565214
8.843422 133.899331
8.658737 121.738127
9.108124 123.453192
8.441345 119.340483
8.122375 120.522245
8.900826 128.861916
8.651550 125.002350
7.623390 115.419894
8.179962 114.839670
9.300636 139.924858
8.456085 122.660884
8.691788 129.754894
8.638412 132.613478
8.816872 133.017322
8.441345 119.340483
9.183540 132.562041
8.973541 137.107358
9.110573 138.722363
8.467026 120.588907
8.602020 128.240074
10.205315 153.066178
8.098366 119.773664
8.153549 115.024350
9.124374 134.386603
7.940689 113.836657
9.072052 129.319225
8.779358 129.444142
9.020210 136.443786
9.160606 132.664759
9.064362 129.805101
9.081505 137.489138
9.216293 134.066089
9.035889 128.499860
8.945549 134.018993
9.044106 136.651259
9.049553 138.811363
9.062462 126.650329
7.633415 113.660145
8.552742 128.376483
8.724403 126.948794
7.692993 117.452189
8.257370 117.094241
8.690872 128.265296
8.785835 133.409479
8.391312 121.034589
8.326355 124.152255
9.106796 133.817751
8.719872 125.650074
8.372978 129.159925
8.102417 116.402475
7.654541 114.098085
8.566887 122.809981
9.060219 129.538287
8.956352 127.210707
8.317429 123.354156
8.522507 125.467821
9.449638 136.637021
9.150627 127.335886
9.049713 131.795963
7.623390 115.419894
8.439148 124.211769
9.069740 131.504394
8.624222 125.232237
8.025970 117.043327
9.343300 135.295142
8.585609 123.918103
8.511452 125.434750
9.181206 127.600099
8.195068 122.681454
8.703323 124.114827
8.430519 127.232460
8.212715 129.160065
8.430519 122.856424
8.094131 112.978448
8.234940 119.158890
9.095993 137.469851
9.489464 141.578493
8.206787 116.855363
9.059509 134.143179
8.931908 128.823490
9.193863 136.165658
8.355881 121.463496
8.773773 133.988259
9.172028 127.741056
8.351120 119.312900
9.171249 129.475477
9.032982 133.237796
8.550613 116.521430
9.201805 135.328357
8.624977 127.857989
8.992561 126.284247
8.849899 121.111809
9.277107 131.164948
9.149368 133.678777
8.925934 127.944857
8.503922 121.655521
10.368370 145.311935
9.810402 147.528010
7.821419 110.722275
8.713852 132.198834
9.202812 130.171539
8.291084 124.500162
8.400101 124.299910
8.581123 122.821197
9.164978 128.036298
8.664711 134.037403
8.044785 118.486819
9.164978 128.036298
8.848412 129.937514
8.613602 122.961812
9.098099 133.960125
8.962143 125.694295
8.236748 117.054948
8.915222 126.814314
8.748024 131.560898
8.630196 127.637472
8.633377 129.223773
9.259598 137.532253
9.040581 138.163470
10.038116 146.870418
8.695427 128.751418
8.927559 128.849719
8.338829 117.907268
8.011711 116.089371
9.202812 130.171539
9.503334 145.442637
7.939476 115.932996
8.493118 124.295525
8.638412 132.613478
9.089653 135.351515
8.432121 119.953663
9.227005 138.802299
9.125244 134.640146
8.025970 117.043327
8.536079 120.126392
8.662125 126.831439
8.496368 124.772994
8.848526 126.498347
8.985718 127.551511
9.274086 134.063805
9.578316 144.709297
9.083885 128.950682
9.043579 128.879163
9.175163 134.919781
8.738205 126.601600
7.708534 115.672207
8.338829 117.907268
8.895355 130.339583
9.280586 130.465768
9.236115 136.447113
8.011711 116.089371
9.449638 136.637021
8.594467 126.663709
8.195755 128.524750
8.475540 117.511604
8.232193 125.160394
8.940262 126.333562
8.437637 124.245628
8.807671 125.984152
9.308487 137.018103
8.961685 132.151422
8.998947 133.042467
9.172028 127.741056
9.117897 142.565214
8.218987 119.151568
8.653610 130.731064
8.943535 131.103719
9.236115 136.447113
9.116798 132.322709
8.548096 130.631747
9.167770 132.893778
9.005058 130.757986
8.773773 133.988259
8.698586 130.670590
8.950905 130.427154
8.231049 122.161331
8.532143 126.453649
9.274704 134.313382
8.275681 120.551025
8.699638 129.539758
8.437431 117.060086
8.697784 120.788724
9.060219 129.538287
8.442078 124.297263
8.391495 120.654270
8.342995 117.436983
8.353569 121.624431
8.725525 126.353131
8.300285 122.883535
8.218987 119.151568
8.453499 125.476024
9.227005 138.802299
8.342285 120.318567
10.368370 145.311935
8.257370 117.094241
7.949226 115.742133
8.633377 129.223773
8.889885 129.916463
8.140800 119.070722
8.935020 133.886306
8.153549 115.024350
8.739784 128.773912
8.751640 122.555547
9.189400 123.851519
8.646721 121.295962
7.818031 116.349914
8.320930 118.772445
8.985718 127.551511
8.645714 131.426780
8.722824 131.279730
8.948502 132.023859
9.008354 137.452853
8.985031 128.317152
8.628136 123.640154
9.302467 134.470507
8.317429 123.354156
8.895355 130.339583
8.514908 122.329178
9.060425 138.030731
9.017235 131.352432
8.774803 129.699962
8.291084 124.500162
8.934563 128.555407
8.889885 129.916463
8.856422 125.995919
8.534409 125.662218
8.997185 128.374587
7.991478 113.790804
8.122375 120.522245
8.722046 128.599233
9.763550 139.571699
8.504105 121.954791
9.724182 132.736513
8.372978 129.159925
8.700348 126.842642
8.537384 125.507917
8.778969 120.720334
9.049713 131.795963
8.506599 125.004958
8.533058 130.628636
9.049553 138.811363
8.408890 118.912163
7.731583 114.172590
8.243134 117.954977
8.459518 118.276073
9.369759 137.121884
8.389252 126.936736
8.569107 124.915857
9.054749 139.478888
8.922043 126.138749
8.755371 128.683235
9.548676 139.079675
9.108124 123.453192
8.235237 121.378791
8.273026 123.269559
8.961685 132.151422
8.935616 130.550101
8.748024 131.560898
9.578316 144.709297
7.819771 116.690660
8.430519 127.232460
8.477074 119.082994
7.702332 119.853484
8.579933 129.403099
8.609962 125.417196
8.633125 124.972251
9.654282 145.630073
9.036232 139.921555
8.651550 125.002350
8.506599 125.004958
7.611786 108.127472
9.036392 136.099640
8.586319 124.163588
9.058960 126.587770
8.311272 126.387681
8.544319 126.672022
8.540016 126.297495
8.615135 126.943992
9.052803 133.007318
9.032524 133.097332
9.632767 139.544655
8.457962 116.436567
9.200638 132.768926
8.714859 127.417448
9.040581 138.163470
8.934769 124.100791
8.484329 127.540354
9.108994 126.513595
8.413834 120.603345
9.455612 138.395011
9.035889 128.499860
8.261398 121.164081
9.871902 152.825943
7.831100 111.916636
9.055779 138.089157
9.035934 124.223285
9.117897 142.565214
8.294563 122.836987
8.252792 124.368163
8.496368 124.772994
8.540016 126.297495
9.063400 131.929606
8.620377 124.683514
7.912582 113.440411
8.146454 114.262697
8.640930 125.194023
7.703613 119.183992
8.778923 129.989409
9.137787 127.221144
9.187729 134.690683
8.612183 123.172095
8.977867 128.076051
8.725525 126.353131
8.571785 125.812299
8.861549 130.060182
8.027023 118.944928
8.945366 133.409940
8.248604 116.738007
8.238350 119.717010
8.214180 120.385044
8.484329 127.540354
8.615135 126.943992
8.693550 133.244262
8.573364 126.661912
9.648697 146.939669
8.491035 128.329823
8.814903 127.865298
8.916412 132.975032
8.940262 126.333562
8.144966 117.856965
9.331810 136.744268
9.049072 124.936187
9.579300 136.179135
8.710716 127.985608
9.180702 133.185127
9.632767 139.544655
7.819771 116.690660
9.056648 132.795322
8.091431 119.575700
8.595795 120.760788
8.459518 118.276073
9.718803 140.541204
8.804970 127.446034
8.490257 127.270728
9.271568 134.228222
8.774803 129.699962
8.791420 132.507466
8.025970 117.043327
9.113022 133.245337
10.243263 153.171476
8.581055 117.296345
9.046028 125.565391
9.187729 134.690683
9.187477 127.946633
9.406837 131.234385
9.337784 134.025849
8.697784 120.788724
8.601288 121.695536
8.686111 130.976357
8.198479 115.561313
8.694626 129.748444
8.791420 132.507466
8.703323 124.114827
8.972603 135.709234
8.398911 122.090645
8.275681 120.551025
8.686157 131.561894
8.701195 130.853669
8.968620 125.918009
8.266113 125.474740
8.751640 122.555547
8.897713 134.106321
8.685974 128.761243
8.717239 122.413148
8.694626 129.748444
8.453499 123.493897
8.414085 121.529317
9.075417 132.380283
8.791420 132.507466
8.627083 129.656080
8.188316 114.797066
7.738609 111.777409
9.027008 134.707168
7.921211 117.702937
8.307655 115.297496
8.382957 126.253877
8.594467 126.663709
8.655350 121.622553
8.412643 127.132275
9.179581 135.695929
9.104233 134.594233
8.390808 126.380221
8.621475 125.209717
9.089630 129.614696
8.752464 135.187834
8.683296 127.745236
8.683296 127.745236
9.106796 133.817751
8.724586 129.471092
9.168114 136.726830
8.639877 120.352925
8.263916 121.862700
8.313950 123.160204
8.648827 127.750123
8.472610 127.007186
9.259918 141.916389
9.104233 134.594233
8.797096 128.514741
7.912582 113.440411
9.006706 133.910046
8.738205 126.601600
8.076416 124.154517
8.640930 125.194023
9.347832 133.073741
8.934769 124.100791
8.379089 122.272199
8.880707 135.484528
8.581123 122.821197
9.055893 133.953189
8.840240 127.544718
7.654541 114.098085
9.089607 133.690535
7.692993 117.452189
9.116364 130.202698
10.099434 142.520859
8.627083 129.656080
8.027023 118.944928
8.198479 115.561313
8.585037 123.591100
8.666153 129.142571
9.554993 136.530712
9.333183 140.086572
8.210106 119.796446
8.268265 123.055256
8.724586 129.471092
8.462059 128.745549
9.345749 134.803153
8.383530 118.650249
9.089767 128.725425
8.291084 124.500162
7.889236 119.517580
8.678123 131.362983
9.723656 136.937033
8.791420 132.507466
9.056351 138.868497
8.849899 121.111809
9.449638 136.637021
9.066788 137.208686
9.065094 136.029612
9.081505 137.489138
9.104233 134.594233
9.044106 136.651259
8.257370 117.094241
9.150192 133.478726
8.714859 127.417448
7.633415 113.660145
9.108994 126.513595
9.331810 136.744268
8.437431 117.060086
8.320930 118.772445
9.160606 132.664759
9.632767 139.544655
8.594101 127.453544
9.569550 143.494901
8.663017 120.533778
8.686111 130.976357
10.500114 155.482186
9.417824 136.737792
8.275681 120.551025
9.028908 128.886205
8.254051 114.085041
8.887573 126.820840
8.645874 127.851780
8.789749 125.365919
9.382462 139.269190
8.164627 117.860941
9.114990 131.533389
8.393898 123.752291
8.407127 120.845697
8.639877 120.352925
9.899254 146.110007
8.431686 122.127263
7.808990 116.227514
8.079620 120.909269
9.274223 128.730721
8.827332 128.877315
9.227005 138.802299
9.081161 128.854831
8.698586 130.670590
8.663017 120.533778
8.264511 120.174797
8.304657 121.834082
9.227692 134.029400
8.713852 132.198834
9.145134 131.504915
9.098099 133.960125
8.746880 129.626453
8.997185 128.374587
8.266159 123.163619
8.448303 120.837074
8.748024 131.560898
9.343849 137.313955
9.309837 138.514171
8.943535 131.103719
8.915222 126.814314
8.710716 127.985608
9.695114 142.220471
9.505486 138.913062
8.257370 117.094241
8.488609 127.926132
9.098099 133.960125
9.164726 135.146452
8.691788 129.754894
7.788712 113.572868
8.193169 121.713818
8.905975 128.889924
8.841843 126.754514
9.095375 128.859063
9.145569 126.018205
8.719872 125.650074
8.367165 123.805400
9.952721 138.293481
8.751640 122.555547
9.187477 127.946633
9.343849 137.313955
8.225006 124.338254
8.791420 132.507466
9.098167 135.208780
9.078758 122.650593
8.208298 117.623611
8.391312 121.034589
9.046394 126.547163
8.122375 120.522245
8.607582 128.803720
9.356140 138.866059
9.810402 147.528010
9.343300 135.295142
8.579933 129.403099
9.142639 129.471755
9.587654 132.749562
9.177406 133.304010
7.703613 119.183992
8.569382 126.335736
8.540405 124.654444
9.060425 138.030731
8.726372 124.646103
9.175163 134.919781
10.038986 150.884422
9.043877 132.935659
9.462776 134.594711
9.036392 136.099640
8.947975 130.780297
9.489464 141.578493
9.116364 130.202698
8.315872 125.383237
9.679253 136.468470
8.536079 120.126392
9.089630 129.614696
9.406952 134.625029
8.309692 121.331467
9.212608 134.100139
9.104462 128.860484
9.025497 130.694759
7.858246 114.861723
8.620377 124.683514
8.044785 118.486819
8.195755 128.524750
8.263641 118.649439
8.779358 129.444142
10.165558 145.907955
9.047974 131.830268
9.548676 139.079675
9.259918 141.916389
8.729668 124.342375
9.064362 129.805101
8.195755 128.524750
9.348221 137.786322
9.309837 138.514171
9.060219 129.538287
8.432121 119.953663
9.061615 134.912041
8.639809 128.855553
9.186722 136.088647
8.353569 121.624431
8.475563 121.689621
9.114990 131.533389
8.934769 124.100791
8.645874 127.851780
9.881332 143.407857
8.367165 123.805400
8.804970 127.446034
8.123932 118.266591
8.661392 128.318496
9.183540 132.562041
8.514908 122.329178
8.608315 123.832036
7.650787 111.403363
8.648827 127.750123
8.369499 123.143592
9.567787 145.060362
9.200638 132.768926
8.198479 115.561313
8.940262 126.333562
9.308487 137.018103
8.313080 119.514232
9.095993 137.469851
9.106796 133.817751
9.202812 130.171539
8.313950 123.160204
8.367165 123.805400
8.645874 127.851780
9.055939 135.177074
8.683296 127.745236
9.899254 146.110007
8.011711 116.089371
8.535988 124.550783
9.280792 137.691063
8.691788 129.754894
9.041588 127.018312
8.221985 118.955943
9.090866 141.852441
10.205315 153.066178
8.600189 125.035284
8.688835 123.343508
8.466225 117.310277
