2.000000 47.955244 87.485464 8.425024
2.100000 55.660940 92.123504 19.198376
2.200000 63.107887 97.110428 29.105346
2.300000 70.312932 102.357538 38.268325
2.400000 77.291248 107.777691 46.804805
2.500000 84.056462 113.290180 54.822743
2.600000 90.620766 118.824567 62.416965
2.700000 96.995036 124.322796 69.667276
2.800000 103.188936 129.739586 76.638286
2.900000 109.211018 135.041521 83.380516
3.000000 115.068821 140.205405 89.932238
3.100000 120.768958 145.216360 96.321557
3.200000 126.317205 150.065972 102.568438
3.300000 131.718580 154.750658 108.686501
3.400000 136.977419 159.270315 114.684523
3.500000 142.097452 163.627249 120.567654
3.600000 147.081862 167.825351 126.338373
3.700000 151.933357 171.869485 131.997230
3.800000 156.654225 175.765045 137.543405
3.900000 161.246385 179.517644 142.975127
4.000000 165.711449 183.132905 148.289993
4.100000 170.050758 186.616335 153.485181
4.200000 174.265435 189.973256 158.557613
4.300000 178.356419 193.208787 163.504051
4.400000 182.324510 196.327865 168.321155
4.500000 186.170395 199.335293 173.005498
4.600000 189.894688 202.235821 177.553555
4.700000 193.497951 205.034250 181.961651
4.800000 196.980725 207.735560 186.225890
4.900000 200.343552 210.345061 190.342042
5.000000 203.586993 212.868574 194.305413
5.100000 206.711653 215.312616 198.110690
5.200000 209.718188 217.684595 201.751782
5.300000 212.607329 219.992950 205.221708
5.400000 215.379884 222.247174 208.512595
5.500000 218.036757 224.457593 211.615922
5.600000 220.578951 226.634753 214.523149
5.700000 223.007575 228.788299 217.226852
5.800000 225.323851 230.925441 219.722261
5.900000 227.529115 233.049404 222.008826
6.000000 229.624821 235.158500 224.091142
6.100000 231.612540 237.246339 225.978740
6.200000 233.493961 239.303142 227.684779
6.300000 235.270888 241.317563 229.224214
6.400000 236.945239 243.278358 230.612121
6.500000 238.519040 245.175510 231.862570
6.600000 239.994422 247.000761 232.988083
6.700000 241.373614 248.747721 233.999507
6.800000 242.658939 250.411735 234.906144
6.900000 243.852808 251.989649 235.715966
7.000000 244.957707 253.479558 236.435856
7.100000 245.976198 254.880572 237.071824
7.200000 246.910902 256.192615 237.629189
7.300000 247.764497 257.416270 238.112723
7.400000 248.539705 258.552643 238.526767
7.500000 249.239285 259.603256 238.875314
7.600000 249.866024 260.569972 239.162077
7.700000 250.422727 261.454917 239.390537
7.800000 250.912206 262.260432 239.563979
7.900000 251.337272 262.989024 239.685521
8.000000 251.700729 263.643327 239.758131
8.100000 252.005357 264.226072 239.784643
8.200000 252.253911 264.740055 239.767768
8.300000 252.449108 265.188118 239.710097
8.400000 252.593617 265.573122 239.614111
8.500000 252.690054 265.897930 239.482178
8.600000 252.740973 266.165389 239.316557
8.700000 252.748859 266.378318 239.119400
8.800000 252.716117 266.539489 238.892744
8.900000 252.645069 266.651620 238.638519
9.000000 252.537949 266.717359 238.358538
9.100000 252.396891 266.739279 238.054502
9.200000 252.223929 266.719867 237.727992
9.300000 252.020993 266.661515 237.380471
9.400000 251.789897 266.566517 237.013277
9.500000 251.532346 266.437062 236.627629
9.600000 251.249924 266.275229 236.224618
9.700000 250.944095 266.082982 235.805209
9.800000 250.616204 265.862169 235.370239
9.900000 250.267470 265.614520 234.920421
10.000000 249.898990 265.341644 234.456337
10.100000 249.511737 265.045026 233.978447
10.200000 249.106559 264.726033 233.487084
10.300000 248.684184 264.385907 232.982462
10.400000 248.245222 264.025768 232.464675
10.500000 247.790161 263.646618 231.933705
10.600000 247.319381 263.249336 231.389425
10.700000 246.833146 262.834688 230.831605
10.800000 246.331619 262.403322 230.259916
10.900000 245.814860 261.955775 229.673946
11.000000 245.282834 261.492473 229.073196
11.100000 244.735419 261.013738 228.457099
11.200000 244.172408 260.519791 227.825025
11.300000 243.593523 260.010756 227.176290
11.400000 242.998416 259.486664 226.510168
11.500000 242.386682 258.947463 225.825900
11.600000 241.757865 258.393021 225.122709
11.700000 241.111470 257.823135 224.399804
11.800000 240.446968 257.237539 223.656398
11.900000 239.763812 256.635912 222.891712
12.000000 239.061441 256.017887 222.104995
12.100000 238.339294 255.383063 221.295524
12.200000 237.596819 254.731013 220.462625
12.300000 236.833487 254.061299 219.605676
12.400000 236.048799 253.373477 218.724121
12.500000 235.242299 252.667118 217.817481
12.600000 234.413586 251.941811 216.885360
12.700000 233.562321 251.197183 215.927460
12.800000 232.688245 250.432902 214.943588
12.900000 231.791184 249.648700 213.933668
13.000000 230.871061 248.844375 212.897748
13.100000 229.927909 248.019805 211.836013
13.200000 228.961878 247.174963 210.748794
13.300000 227.973247 246.309918 209.636576
13.400000 226.962431 245.424854 208.500008
13.500000 225.929993 244.520070 207.339916
13.600000 224.876650 243.595995 206.157305
13.700000 223.803280 242.653191 204.953368
13.800000 222.710930 241.692364 203.729496
13.900000 221.600823 240.714371 202.487276
14.000000 220.474361 239.720226 201.228496
14.100000 219.333130 238.711114 199.955146
14.200000 218.178902 237.688398 198.669406
14.300000 217.013638 236.653632 197.373645
14.400000 215.839490 235.608580 196.070399
14.500000 214.658794 234.555235 194.762354
14.600000 213.474078 233.495838 193.452317
14.700000 212.288046 232.432915 192.143176
14.800000 211.103583 231.369311 190.837855
14.900000 209.923742 230.308231 189.539253
