2.000000 15971198.745569
2.100000 15907584.085459
2.200000 15823078.335910
2.300000 15732221.461963
2.400000 15653184.893489
2.500000 15566819.561235
2.600000 15501330.414434
2.700000 15445347.328199
2.800000 15402581.934236
2.900000 15361373.142419
3.000000 15327674.397245
3.100000 15298729.830562
3.200000 15276183.394393
3.300000 15253264.408809
3.400000 15231853.508839
3.500000 15210750.066249
3.600000 15191966.539250
3.700000 15173532.184851
3.800000 15153985.570489
3.900000 15132912.740674
4.000000 15113244.978064
4.100000 15099559.121579
4.200000 15087527.051178
4.300000 15075383.279275
4.400000 15062151.933963
4.500000 15049490.187900
4.600000 15039619.212793
4.700000 15032552.736307
4.800000 15026139.852790
4.900000 15019958.222252
5.000000 15013737.247899
5.100000 15007269.813591
5.200000 15000905.762363
5.300000 14995796.001953
5.400000 14991959.884136
5.500000 14988259.689108
5.600000 14984120.182538
5.700000 14981227.393636
5.800000 14969615.080186
5.900000 14968042.943851
6.000000 14967350.946485
6.100000 14966974.298996
6.200000 14967718.229621
6.300000 14964370.613846
6.400000 14964185.073985
6.500000 14963490.998063
6.600000 14957096.270718
6.700000 14954030.967270
6.800000 14954233.380290
6.900000 14961384.593762
7.000000 14965169.616271
7.100000 14964980.099656
7.200000 14966234.438968
7.300000 14966774.094544
7.400000 14968560.866616
7.500000 14969794.351639
7.600000 14970682.128596
7.700000 14971756.269799
7.800000 14973596.818488
7.900000 14974937.115087
8.000000 14976394.366020
8.100000 14977897.101138
8.200000 14979429.778834
8.300000 14980992.807369
8.400000 14982585.667130
8.500000 14984203.955759
8.600000 14985837.597150
8.700000 14987465.103929
8.800000 14989034.119920
8.900000 14990386.547137
9.000000 14990934.954582
9.100000 14990042.873698
9.200000 14990425.976780
9.300000 14991821.310238
9.400000 14993475.264612
9.500000 14995190.815808
9.600000 14996931.036691
9.700000 14998685.900041
9.800000 15000451.127335
9.900000 15002224.077706
10.000000 15004002.708890
10.100000 15005785.259560
10.200000 15007570.140442
10.300000 15009355.895119
10.400000 15011141.185733
10.500000 15012924.787163
10.600000 15014705.583270
10.700000 15016482.562768
10.800000 15018254.814021
10.900000 15020021.518773
11.000000 15021781.945157
11.100000 15023535.440349
11.200000 15025281.423219
11.300000 15027019.377242
11.400000 15028748.843850
11.500000 15030469.416321
11.600000 15032180.734258
11.700000 15033882.478657
11.800000 15035574.367528
11.900000 15037256.152044
12.000000 15038927.613146
12.100000 15040588.558574
12.200000 15042238.820249
12.300000 15043878.251977
12.400000 15045506.727424
12.500000 15047124.138320
12.600000 15048730.392873
12.700000 15050325.414346
12.800000 15051909.139788
12.900000 15053481.518894
13.000000 15055042.512973
13.100000 15056592.094015
13.200000 15058130.243843
13.300000 15059656.953339
13.400000 15061172.221732
13.500000 15062676.055951
13.600000 15064168.470023
13.700000 15065649.484523
13.800000 15067119.126065
13.900000 15068577.426827
14.000000 15070024.424113
14.100000 15071460.159949
14.200000 15072884.680707
14.300000 15074298.036747
14.400000 15075700.282097
14.500000 15077091.474146
14.600000 15078471.673359
14.700000 15079840.943015
14.800000 15081199.348955
14.900000 15082546.959359
15.000000 15083883.844525
