6.639473 103.450763
6.718002 108.987579
6.678360 106.182968
6.717270 109.261400
6.639473 103.450763
6.717476 108.641143
6.867210 111.484900
6.873024 107.820982
6.724777 104.837131
6.716469 110.107781
6.826836 110.104708
6.715919 106.916154
6.660530 107.736739
6.617821 102.496577
6.642288 108.428792
6.660461 108.553923
6.755539 108.497435
6.715416 106.930885
6.577309 103.975426
6.716743 110.568287
6.776596 108.266132
6.727707 108.570781
6.717888 108.607017
6.795799 112.447534
6.718369 106.771067
6.867210 111.484900
6.771538 106.208878
6.815620 107.677435
6.751030 105.875008
6.647575 106.232069
6.859886 109.020552
6.696075 107.596086
6.571976 100.608669
6.719215 109.541606
6.735283 104.520838
6.725235 108.016621
6.792732 108.353054
6.724594 105.090457
6.724205 104.434933
6.720886 105.826716
6.867371 111.294520
6.748398 106.950773
6.716583 106.063025
6.718666 109.460188
6.717270 105.507558
6.717751 106.464602
6.754807 108.161669
6.716812 111.230538
6.793510 109.917847
7.029190 111.813506
6.718346 107.031457
6.816101 107.853685
6.681564 108.871136
6.688522 104.665127
6.717133 107.897967
6.616837 105.198371
6.719582 105.042129
6.669296 105.984437
6.716515 109.161319
6.716927 106.028923
6.792229 109.790043
6.732216 106.570218
6.718826 108.708191
6.717041 106.544648
6.716881 106.246092
6.807152 107.889096
6.683258 105.979528
6.712852 106.590477
6.718941 105.809194
6.821297 110.712522
6.719582 105.042129
6.718071 107.075249
6.718094 108.717230
6.723312 105.989024
6.722809 107.996265
6.717224 107.431631
6.716904 106.980939
6.641075 106.043145
6.788177 107.985397
6.718163 109.491345
6.808640 109.592825
6.794746 111.753780
6.836334 111.069139
6.260445 97.391160
6.726128 108.842422
6.835648 107.615570
6.712738 106.030078
6.718758 106.487680
6.659157 106.628100
6.746864 106.254348
6.836334 111.069139
6.718094 106.124173
6.718300 108.873189
6.797127 107.552865
6.725372 107.138293
6.669823 107.264033
6.815620 107.677435
6.673370 105.636257
6.743568 103.805973
6.813789 108.665750
6.720772 107.305643
6.716606 105.119184
6.718208 106.348453
6.867256 108.006414
6.718277 108.076372
6.808640 108.209264
6.821892 108.881321
6.647758 104.417280
6.717705 109.295865
6.718231 108.673679
6.786942 107.397041
6.718666 109.460188
6.660461 108.553923
6.912392 109.347332
6.855698 111.205867
6.717133 107.108255
6.715324 109.485380
6.723656 107.119747
6.721184 107.400852
6.848808 106.387138
6.712852 106.590477
6.719330 106.902498
6.830864 107.477397
6.821045 108.939925
6.713333 108.232919
6.716972 107.976974
6.717590 107.370972
6.798019 107.082873
6.826836 110.104708
6.718689 104.832557
6.723175 106.275691
6.760597 105.556206
6.575340 105.856977
6.823723 109.865590
6.719101 109.139677
6.776619 106.081204
6.714661 106.071250
6.771538 106.208878
6.718208 106.348453
6.663986 106.976775
6.634872 105.634431
6.758537 105.462588
6.846405 109.145913
6.719536 107.127454
6.585777 105.663106
6.747093 103.696370
6.717751 106.800597
6.722191 109.658104
6.705643 107.480584
6.721138 105.480938
6.718048 107.681392
6.706970 105.824573
6.725716 109.989904
6.723793 104.868996
6.739288 107.460322
6.716515 105.771275
6.606789 107.128964
6.719009 107.909570
6.718300 109.550584
6.814064 108.810560
7.029190 111.813506
6.716492 108.174739
6.717270 109.261400
6.717842 104.730926
6.683601 106.435846
6.848763 110.156490
6.721046 106.603281
6.762772 105.534522
6.721413 104.868193
6.723358 105.878837
6.718140 106.243231
6.753777 106.622843
6.717041 106.544648
6.641602 105.558027
6.614731 105.292945
6.727982 105.829905
6.707359 106.762078
6.717041 107.197480
6.718803 106.336898
6.721138 105.480938
6.629814 106.371355
6.830475 108.741723
6.718964 109.532816
6.743660 110.397014
6.812531 110.153061
6.718071 107.401954
6.715897 104.559030
6.815620 107.677435
6.720200 108.906920
6.841942 108.553737
6.779503 107.832999
6.767143 108.888463
6.583969 107.842392
6.804337 110.056036
6.830750 108.799381
6.832100 110.926608
6.846405 109.145913
6.721870 105.715434
6.716515 109.161319
6.716446 106.328698
6.723633 105.331215
6.716766 106.777100
6.718231 107.439937
6.715988 105.703915
6.718185 107.766799
6.639679 107.971070
6.717133 107.897967
6.712257 107.216931
6.643295 106.494028
6.716583 105.839414
6.854004 108.120915
6.859886 109.020552
6.656158 106.834274
6.719765 105.908436
6.716927 106.028923
6.788177 107.985397
6.811821 108.569150
6.551857 107.766049
6.734550 104.942993
6.717430 104.820338
6.719032 104.110792
6.717522 106.311469
6.719650 105.186140
6.716721 107.191432
6.776619 106.081204
6.805344 109.115598
6.649429 104.308807
6.718002 107.407586
6.846359 107.954993
6.762085 108.135514
6.718277 106.554098
6.757370 108.299626
6.723953 105.942898
6.688522 104.665127
6.784492 109.034611
6.607040 103.681304
6.718002 105.903653
6.717819 106.550097
6.677605 108.415413
6.716148 104.574592
6.742950 110.095965
6.825645 107.189888
6.723587 109.803260
6.719101 109.139677
6.790924 110.878817
6.808434 108.618683
6.720200 108.906920
6.717888 105.754338
6.754807 108.161669
6.715988 105.252320
6.860344 109.518929
6.716515 109.648833
6.721870 105.715434
6.636841 104.801969
6.729973 110.156942
6.720886 108.334167
6.723038 107.719135
6.663391 106.738740
6.836128 111.138201
6.794060 110.013606
6.792229 109.790043
6.745995 108.272311
6.717888 108.607017
6.716789 108.970092
6.722260 107.692862
6.718552 104.202483
6.754807 108.161669
6.717041 107.326350
6.718964 108.493366
6.778793 104.893436
6.716583 107.592578
6.846405 109.145913
6.719444 108.568650
6.722191 105.879342
6.720222 106.245964
6.665543 106.783411
6.717361 106.837350
6.847275 110.172852
6.720383 105.783553
6.794495 108.669934
6.637527 107.674115
6.742630 112.473397
6.713951 108.149367
6.769798 106.368209
6.796715 109.609091
6.719765 105.908436
6.718254 106.861588
6.798019 107.082873
6.720863 105.526189
6.669296 105.984437
6.718208 106.348453
6.641602 105.558027
6.718666 104.278379
6.713013 107.761963
6.632240 105.807002
6.720863 106.314037
6.765541 107.610001
6.718552 104.202483
6.659157 106.628100
6.724983 107.366591
6.717819 109.233808
6.746841 105.316147
6.717979 108.075874
6.718437 109.183738
6.601936 106.259117
6.583969 107.842392
6.723816 109.622737
6.743774 107.549711
6.764420 109.933182
6.667946 107.792820
6.720474 103.216885
6.716400 106.868046
6.796623 104.484306
6.659225 104.788727
6.718071 107.075249
6.718666 107.125508
6.717819 109.138417
6.717865 103.727726
6.631096 106.380575
6.717979 108.075874
6.821045 108.939925
6.781334 109.604945
6.798409 109.525235
6.721367 105.668983
6.718437 108.427348
6.717270 104.291549
6.723198 106.735580
6.777191 105.534458
6.855698 111.205867
6.713585 104.742937
6.707359 106.762078
6.717361 110.118933
6.732376 108.171124
6.732376 108.171124
6.721413 104.868193
6.807152 107.889096
6.718208 105.962433
6.793579 110.766979
6.574699 105.795382
6.717522 106.311469
6.722351 106.774823
6.716949 107.837734
6.811821 108.569150
6.566574 105.794282
6.714684 106.012035
6.841553 110.880370
6.718231 107.439937
6.719124 109.370491
6.685341 105.841805
6.718689 108.473815
6.766502 110.654504
6.855789 107.730534
6.716858 108.048006
6.846359 107.954993
6.714798 106.816934
6.775818 110.039492
6.667946 107.792820
6.826630 110.849986
6.776619 106.081204
6.716400 106.868046
6.792229 109.790043
6.743042 106.645105
6.614731 105.292945
6.717064 105.387654
6.783577 107.927726
6.717476 108.641143
6.719284 107.206297
6.721687 109.039740
6.647758 104.417280
6.735283 104.520838
6.716606 105.119184
6.846405 109.145913
6.696579 106.991218
6.784012 107.603270
6.718872 107.759916
6.641464 107.350278
6.722786 106.157597
6.719101 109.139677
6.717407 111.363501
6.727112 109.741898
6.718300 109.550584
6.770119 109.296190
6.718758 108.180537
6.809853 106.922127
6.716194 105.863464
6.716240 108.384815
6.733910 108.572199
6.821045 108.939925
6.717659 108.578986
6.717659 108.268973
6.721367 105.668983
6.822258 108.839230
6.718140 106.243231
6.792229 109.790043
6.795799 112.447534
6.717430 104.820338
6.788544 108.348236
6.822258 108.839230
6.717888 105.754338
6.643707 104.680691
6.717819 106.550097
6.742630 112.473397
6.874741 110.820409
6.720886 109.282845
6.716789 105.876359
6.716789 106.123071
6.716949 104.365207
6.783691 107.454249
6.746727 107.480188
6.718803 106.336898
6.724571 106.813037
6.575912 104.345459
6.722443 106.881337
6.721069 107.339557
6.804337 110.056036
6.764420 109.933182
6.814064 107.639301
6.734550 104.942993
6.718826 105.163583
6.718552 104.202483
6.630981 107.417974
6.847275 110.172852
6.715919 106.916154
6.841942 108.553737
6.727478 104.587466
6.717430 108.303859
6.639473 103.450763
6.717728 107.267901
6.716606 105.119184
6.602051 104.887042
6.848763 110.156490
6.726654 106.923561
6.823723 109.865590
6.840294 109.152608
6.734116 108.401659
6.725716 107.597065
6.718117 109.805983
6.718048 108.469951
6.725281 111.326793
6.718872 107.759916
6.834000 110.590402
6.718575 106.853894
6.718231 108.673679
6.719810 107.591801
6.716400 106.868046
6.719055 109.409928
6.718094 106.124173
6.725281 111.326793
6.768333 108.174323
6.733910 108.572199
6.717934 106.747483
6.717934 104.042326
6.723953 105.942898
7.025459 111.076791
6.717522 106.311469
6.828758 108.872802
6.723312 105.989024
6.717384 108.366395
6.720222 106.245964
6.718094 106.124173
6.718666 104.278379
6.714478 106.843180
6.717590 108.089832
6.836655 108.404385
6.729836 106.913397
6.718323 106.551013
6.729286 108.034389
6.779297 109.044147
6.620705 104.933414
6.715210 110.926726
6.608208 100.976540
6.664970 106.553729
6.716995 107.518342
6.854004 108.120915
6.754143 109.888014
6.707542 105.103393
6.786942 107.397041
6.636841 104.801969
6.919281 107.931443
6.776619 106.081204
6.718987 109.438205
6.697746 108.203227
6.641602 105.558027
6.717041 106.623165
6.585777 105.663106
6.636841 104.801969
6.714340 107.812150
6.718002 107.407586
6.855698 111.205867
6.759453 108.677238
6.741646 105.581419
6.656273 107.302586
6.692413 104.168876
6.826630 110.849986
6.718872 107.759916
6.718369 107.528995
6.712692 108.970146
6.651970 106.540119
6.756134 109.473461
6.742950 110.095965
6.715393 105.604399
6.713081 109.547838
6.621803 104.642491
6.649933 105.617173
6.718666 107.125508
6.884811 106.658566
6.781792 107.901834
6.718231 106.030379
6.717110 105.572534
6.717545 107.316150
6.717819 109.138417
6.632240 105.807002
6.706970 105.824573
6.725716 107.597065
6.805344 109.115598
6.791061 107.295358
6.821297 110.712522
6.670784 106.796430
6.719765 105.908436
6.718872 107.704828
6.669823 107.264033
6.716103 107.428409
6.751030 105.875008
6.718666 106.893235
6.717865 103.727726
6.717705 109.295865
6.682732 107.832618
6.718826 108.708191
6.642288 108.428792
6.811821 108.569150
6.723587 109.803260
6.717270 104.291549
6.672363 106.950260
6.643135 105.051601
6.620705 104.933414
6.726654 106.923561
6.859886 109.020552
6.721321 107.534974
7.025459 111.076791
6.719673 108.779828
6.717110 107.107982
6.611732 107.268207
6.647575 106.232069
6.751030 105.875008
6.848763 110.156490
6.749313 110.251876
6.820770 108.891404
6.818619 110.008358
6.758537 105.462588
6.732056 108.211188
6.717110 107.107982
6.775818 110.039492
6.725807 109.263782
6.863800 108.303677
6.728943 108.290770
6.716881 106.640327
6.756294 105.640389
6.720474 103.216885
6.767738 103.997475
6.581360 104.753880
6.846359 107.954993
6.721642 107.475792
6.836655 108.404385
6.745995 108.272311
6.837685 110.621139
6.719078 107.184285
6.583969 107.842392
6.655014 109.481390
6.719193 107.342317
6.718483 106.756650
6.785408 108.809751
6.822258 108.839230
6.833633 110.308611
6.719902 108.639374
6.715919 106.916154
6.720474 103.216885
6.681358 107.796912
6.685341 105.841805
6.715691 107.734092
6.719376 106.178089
6.720886 105.826716
6.712715 109.768171
6.718346 105.362720
6.858856 111.292698
6.871696 108.300703
6.769798 106.368209
6.659157 106.628100
6.718437 109.183738
6.827225 107.583588
6.718575 106.853894
6.717888 108.607017
6.757347 107.174704
6.717110 105.572534
6.716446 106.328698
6.843887 110.014696
6.717522 106.311469
6.716492 108.174739
6.792732 108.353054
6.719582 105.042129
6.710701 106.183416
6.723015 106.552104
6.716675 105.074161
6.773254 110.346682
6.759453 108.677238
6.852081 112.076740
6.722809 107.996265
6.716263 108.292436
6.716835 107.125210
6.716789 108.970092
6.629814 106.371355
6.724594 105.090457
6.647644 105.760395
6.719330 104.296976
6.873024 107.820982
6.659157 106.628100
6.688522 104.665127
7.025459 111.076791
6.718300 109.550584
6.638077 105.745038
6.719193 106.424790
6.759430 107.381542
6.767738 103.997475
6.582321 105.867514
6.776894 107.110781
6.723358 105.878837
6.875381 110.018788
6.718163 107.960658
6.755928 109.106886
6.700493 106.565775
6.710106 108.074604
6.779503 107.832999
6.718346 107.031457
6.718300 108.426052
6.717018 107.074687
6.715782 107.564120
6.718666 107.572763
6.760986 108.812640
6.718803 104.132646
6.668976 107.082601
6.737984 106.460160
6.715416 106.930885
6.715897 104.559030
6.719994 110.119526
6.718643 106.955545
6.798409 109.525235
6.713631 108.048613
6.714729 106.545185
6.814064 108.810560
6.715919 106.916154
6.838783 110.105755
6.660530 107.736739
6.677376 108.861571
6.720085 107.192690
6.719673 103.203638
6.683601 106.435846
6.714729 106.545185
6.725235 108.016621
6.788475 106.243142
6.719193 108.999791
6.665543 106.783411
6.746727 107.480188
6.717888 109.583176
6.656158 106.834274
6.725281 111.326793
6.575340 105.856977
6.725121 108.472436
6.588524 106.145786
6.634872 105.634431
6.717407 107.852508
6.717979 108.075874
6.721962 107.529635
6.712738 106.030078
6.721252 107.608838
6.816101 107.853685
6.723175 106.275691
6.718803 104.132646
6.716423 108.518659
6.717957 107.700822
6.838531 109.223860
6.729973 110.156942
6.670784 106.796430
6.718643 107.241211
6.734116 108.401659
6.737869 107.290421
6.713081 109.547838
6.641464 107.350278
6.719193 106.694512
6.796783 108.201371
6.718460 107.623263
6.719261 108.436278
6.683258 105.979528
6.814064 107.639301
6.722145 108.898905
6.634483 105.298245
6.718483 106.073969
6.783096 106.482063
6.878906 110.236763
6.685867 108.058035
6.783577 107.927726
6.716446 106.328698
6.747093 103.696370
6.657806 105.204133
6.734116 108.401659
6.821045 108.939925
6.723495 109.742373
6.721802 106.955396
6.755539 108.497435
6.843887 110.014696
6.720886 109.282845
6.718254 106.358369
6.830750 108.799381
6.718369 107.528995
6.720177 106.282492
6.643295 106.494028
6.832100 110.926608
6.717590 108.089832
6.720131 109.333271
6.723816 109.622737
6.714729 106.545185
6.716515 105.771275
6.853455 109.396228
6.703812 106.337107
6.717201 105.902010
6.667557 110.569631
6.551857 107.766049
6.718964 108.493366
6.718758 108.180537
6.725807 109.263782
6.718758 106.487680
6.718140 106.512347
6.716377 105.550236
6.867256 108.006414
6.718529 105.521003
6.718300 109.550584
6.696579 106.991218
6.734116 108.401659
6.719261 108.436278
6.714386 105.427292
6.718185 108.633490
6.552200 106.688434
6.781334 109.604945
6.737984 106.460160
6.836334 111.069139
6.723015 108.182071
6.654213 105.500181
6.718117 106.103769
6.743660 110.397014
6.807152 107.889096
6.656273 107.302586
6.717888 107.529335
6.720177 106.282492
6.705391 109.270539
6.755722 105.721445
6.725052 107.859467
6.716011 105.470026
6.800583 108.236569
6.715393 105.604399
6.791061 107.295358
6.716171 105.505353
6.720177 106.282492
6.714638 106.094389
6.771309 109.407872
6.855698 111.205867
6.717476 105.028348
6.719009 108.511849
6.721962 108.272853
6.832169 107.975625
6.683945 107.856670
6.670876 108.492594
6.688019 106.433868
6.684517 106.533209
6.674240 108.657069
6.769981 108.792671
6.720291 106.277017
6.892159 112.095410
6.794495 108.669934
6.732056 108.211188
6.715736 108.328875
6.743065 105.844396
6.716789 108.970092
6.718071 107.401954
6.718163 107.960658
6.892159 112.095410
6.684517 106.533209
6.721642 107.475792
6.719078 107.184285
6.672363 106.950260
6.719101 109.139677
6.722809 107.996265
6.721687 109.039740
6.717361 106.837350
6.616837 105.198371
6.718826 106.882739
6.565453 104.992087
6.723358 105.878837
6.709167 106.030409
6.716240 108.384815
6.630981 107.417974
6.696579 106.991218
6.799828 108.755957
6.717819 109.138417
6.719398 105.979288
6.629814 106.371355
6.721962 107.529635
6.723312 105.989024
6.783646 109.611966
6.715782 107.564120
6.720886 108.334167
6.717041 107.197480
6.722145 108.898905
6.884789 110.618330
6.807152 107.889096
6.649933 105.617173
6.718552 104.202483
6.716721 107.191432
6.662796 106.007762
6.660004 105.367638
6.643135 105.051601
6.718552 104.202483
6.565453 104.992087
6.718369 106.771067
6.581360 104.753880
6.721642 107.475792
6.639221 104.548617
6.717430 108.303859
6.685867 108.058035
6.713951 108.149367
6.651970 106.540119
6.892159 112.095410
6.719398 105.979288
6.743774 107.549711
6.721939 105.457409
6.670921 105.048386
6.750252 109.961418
6.713333 108.232919
6.727432 108.446622
6.717133 107.108255
6.634872 105.634431
6.609009 103.282407
6.718002 106.138270
6.770988 110.240902
6.716835 107.125210
6.644760 104.209484
6.696579 106.991218
6.717590 107.370972
6.715416 106.930885
6.717888 108.607017
6.719810 107.591801
6.768196 107.966781
6.717842 104.730926
6.716103 105.363854
6.716789 105.876359
6.718460 107.623263
6.583969 107.842392
6.799141 107.777358
6.729836 106.913397
6.750252 109.961418
6.565453 104.992087
6.725372 107.138293
6.717430 108.303859
6.847275 110.172852
6.718689 108.473815
6.717934 107.706914
6.566574 105.794282
6.783646 109.722357
6.727478 104.587466
6.729012 105.948113
6.716492 108.174739
6.755722 105.721445
6.718117 107.359407
6.717361 106.837350
6.716766 106.777100
6.711731 105.416901
6.846268 106.750561
6.781334 109.604945
6.750252 109.961418
6.838783 110.105755
6.718094 106.124173
6.716949 104.365207
6.732811 106.704329
6.880875 110.978490
6.718300 109.550584
6.686279 106.790446
6.837799 108.176899
6.719994 110.119526
6.716652 108.821726
6.806053 109.030758
6.781792 107.901834
6.750252 109.961418
6.741646 105.581419
6.718163 109.491345
6.647758 104.417280
6.716881 106.640327
6.826630 110.849986
6.621803 104.642491
6.713081 109.547838
6.747093 103.696370
6.754234 106.413104
6.716812 111.230538
6.760986 108.812640
6.718826 106.882739
6.719398 105.979288
6.719971 105.305200
6.714500 105.543171
6.775818 110.039492
6.718254 108.182325
6.723587 109.803260
6.683647 108.227903
6.668976 107.082601
6.718140 111.013696
6.638626 106.067196
6.708206 108.237119
6.850227 106.765282
6.719582 107.762347
6.714935 108.502226
6.853455 109.396228
6.809853 106.922127
6.632240 105.807002
6.583786 104.948411
6.717018 107.074687
6.745972 110.253792
6.836334 111.069139
6.761330 107.077285
6.723747 107.611254
6.794746 111.753780
6.611824 105.137892
6.717407 111.363501
6.713951 108.149367
6.719284 107.206297
6.723198 106.735580
6.751030 105.875008
6.581635 103.061782
6.716949 104.365207
6.855698 111.205867
6.717499 106.740087
6.718964 109.532816
6.718163 107.484500
6.808479 107.702296
6.758034 108.238064
6.718872 107.184185
6.643456 104.087058
6.712715 109.768171
6.879364 108.608806
6.792160 105.787315
6.722145 106.699852
6.753777 106.622843
6.576187 105.989294
6.845650 108.026526
6.863937 110.514163
6.727043 106.190419
6.716721 107.453465
6.656158 106.834274
6.719902 108.639374
6.716011 107.594845
6.727982 105.829905
6.663391 106.738740
6.853455 109.396228
6.717041 107.815181
6.729973 110.156942
6.660461 108.553923
6.622055 105.971604
6.800583 108.236569
6.717201 106.562150
6.739288 107.460322
6.681564 108.871136
6.723495 109.742373
6.719330 105.989555
6.834000 110.590402
6.730499 108.716130
6.717499 103.684477
6.717888 105.754338
6.779503 107.832999
6.718575 106.853894
6.718918 107.077222
6.638626 106.067196
6.743042 106.645105
6.840019 108.527164
6.831207 109.894509
6.720383 105.783553
6.722786 106.157597
6.616837 105.198371
6.863800 108.303677
6.852745 106.656181
6.783646 109.722357
6.717018 106.142469
6.758034 108.238064
6.683647 105.164677
6.713356 108.516914
6.840294 109.152608
6.842560 109.547722
6.722191 105.879342
6.713951 108.149367
6.755539 108.497435
6.577309 103.975426
6.715691 107.734092
6.716606 103.396515
6.716789 108.970092
6.860527 107.574617
6.725670 108.425330
6.674240 108.657069
