2.000000 209.088535 212.579984 205.597086
2.100000 208.825354 212.304002 205.346706
2.200000 208.562173 212.028174 205.096171
2.300000 208.298991 211.752503 204.845480
2.400000 208.035810 211.476990 204.594631
2.500000 207.772629 211.201636 204.343622
2.600000 207.509448 210.926445 204.092451
2.700000 207.246267 210.651416 203.841118
2.800000 206.983086 210.376553 203.589619
2.900000 206.719905 210.101856 203.337953
3.000000 206.456724 209.827328 203.086119
3.100000 206.193542 209.552969 202.834116
3.200000 205.930361 209.278783 202.581940
3.300000 205.667180 209.004770 202.329591
3.400000 205.403999 208.730932 202.077066
3.500000 205.140818 208.457271 201.824365
3.600000 204.877637 208.183789 201.571485
3.700000 204.614456 207.910486 201.318425
3.800000 204.351274 207.637366 201.065183
3.900000 204.088093 207.364429 200.811757
4.000000 203.824912 207.091678 200.558146
4.100000 203.561731 206.819113 200.304349
4.200000 203.298550 206.546737 200.050363
4.300000 203.035369 206.274551 199.796187
4.400000 202.772188 206.002557 199.541819
4.500000 202.509007 205.730755 199.287258
4.600000 202.245825 205.459149 199.032502
4.700000 201.982644 205.187739 198.777550
4.800000 201.719463 204.916526 198.522400
4.900000 201.456282 204.645513 198.267051
5.000000 201.193101 204.374701 198.011501
5.100000 200.929920 204.104091 197.755749
5.200000 200.666739 203.833685 197.499793
5.300000 200.403558 203.563483 197.243632
5.400000 200.140376 203.293489 196.987264
5.500000 199.877195 203.023702 196.730689
5.600000 199.614014 202.754124 196.473905
5.700000 199.350833 202.484756 196.216910
5.800000 199.087652 202.215600 195.959704
5.900000 198.824471 201.946657 195.702285
6.000000 198.561290 201.677928 195.444652
6.100000 198.298109 201.409414 195.186803
6.200000 198.034927 201.141116 194.928739
6.300000 197.771746 200.873036 194.670457
6.400000 197.508565 200.605174 194.411957
6.500000 197.245384 200.337531 194.153237
6.600000 196.982203 200.070109 193.894297
6.700000 196.719022 199.802907 193.635136
6.800000 196.455841 199.535928 193.375753
6.900000 196.192659 199.269172 193.116147
7.000000 195.929478 199.002640 192.856317
7.100000 195.666297 198.736332 192.596263
7.200000 195.403116 198.470249 192.335984
7.300000 195.139935 198.204391 192.075478
7.400000 194.876754 197.938761 191.814747
7.500000 194.613573 197.673357 191.553789
7.600000 194.350392 197.408180 191.292603
7.700000 194.087210 197.143231 191.031190
7.800000 193.824029 196.878510 190.769548
7.900000 193.560848 196.614018 190.507678
8.000000 193.297667 196.349755 190.245579
8.100000 193.034486 196.085721 189.983251
8.200000 192.771305 195.821916 189.720693
8.300000 192.508124 195.558341 189.457907
8.400000 192.244943 195.294995 189.194890
8.500000 191.981761 195.031879 188.931644
8.600000 191.718580 194.768992 188.668169
8.700000 191.455399 194.506335 188.404464
8.800000 191.192218 194.243907 188.140530
8.900000 190.929037 193.981708 187.876366
9.000000 190.665856 193.719738 187.611974
9.100000 190.402675 193.457997 187.347352
9.200000 190.139494 193.196484 187.082503
9.300000 189.876312 192.935199 186.817425
9.400000 189.613131 192.674142 186.552120
9.500000 189.349950 192.413312 186.286588
9.600000 189.086769 192.152709 186.020829
9.700000 188.823588 191.892331 185.754845
9.800000 188.560407 191.632179 185.488635
9.900000 188.297226 191.372252 185.222200
10.000000 188.034044 191.112548 184.955541
10.100000 187.770863 190.853068 184.688659
10.200000 187.507682 190.593810 184.421554
10.300000 187.244501 190.334774 184.154228
10.400000 186.981320 190.075959 183.886681
10.500000 186.718139 189.817363 183.618915
10.600000 186.454958 189.558986 183.350929
10.700000 186.191777 189.300827 183.082726
10.800000 185.928595 189.042885 182.814306
10.900000 185.665414 188.785158 182.545670
11.000000 185.402233 188.527646 182.276820
11.100000 185.139052 188.270347 182.007757
11.200000 184.875871 188.013261 181.738481
11.300000 184.612690 187.756385 181.468995
11.400000 184.349509 187.499719 181.199298
11.500000 184.086328 187.243261 180.929394
11.600000 183.823146 186.987010 180.659282
11.700000 183.559965 186.730965 180.388965
11.800000 183.296784 186.475125 180.118444
11.900000 183.033603 186.219487 179.847719
12.000000 182.770422 185.964050 179.576794
12.100000 182.507241 185.708814 179.305668
12.200000 182.244060 185.453776 179.034344
12.300000 181.980879 185.198935 178.762822
12.400000 181.717697 184.944289 178.491106
12.500000 181.454516 184.689837 178.219195
12.600000 181.191335 184.435578 177.947092
12.700000 180.928154 184.181509 177.674799
12.800000 180.664973 183.927630 177.402316
12.900000 180.401792 183.673938 177.129646
13.000000 180.138611 183.420432 176.856789
13.100000 179.875429 183.167110 176.583749
13.200000 179.612248 182.913971 176.310526
13.300000 179.349067 182.661013 176.037122
13.400000 179.085886 182.408234 175.763538
13.500000 178.822705 182.155633 175.489777
13.600000 178.559524 181.903207 175.215840
13.700000 178.296343 181.650956 174.941729
13.800000 178.033162 181.398878 174.667445
13.900000 177.769980 181.146970 174.392991
14.000000 177.506799 180.895232 174.118367
14.100000 177.243618 180.643660 173.843576
14.200000 176.980437 180.392255 173.568619
14.300000 176.717256 180.141014 173.293498
14.400000 176.454075 179.889934 173.018215
14.500000 176.190894 179.639016 172.742771
14.600000 175.927713 179.388256 172.467169
14.700000 175.664531 179.137654 172.191409
14.800000 175.401350 178.887207 171.915494
14.900000 175.138169 178.636913 171.639425
