2.000000 21720265.109283
2.100000 21681638.667816
2.200000 21634262.078689
2.300000 21583222.293468
2.400000 21531541.935092
2.500000 21477594.066094
2.600000 21439754.098608
2.700000 21410304.352399
2.800000 21381528.585607
2.900000 21356722.279643
3.000000 21333195.085675
3.100000 21313879.677682
3.200000 21297412.940953
3.300000 21278770.442986
3.400000 21262309.379347
3.500000 21247278.147209
3.600000 21235827.239380
3.700000 21225768.797019
3.800000 21214078.327452
3.900000 21202003.042743
4.000000 21190221.511215
4.100000 21181191.814697
4.200000 21171243.808796
4.300000 21161267.186195
4.400000 21150313.501668
4.500000 21140862.241262
4.600000 21134483.272301
4.700000 21128761.805354
4.800000 21123020.655794
4.900000 21117141.923838
5.000000 21111723.570512
5.100000 21106480.657523
5.200000 21101433.658966
5.300000 21096758.542892
5.400000 21092409.420170
5.500000 21088311.144999
5.600000 21084414.177939
5.700000 21080660.879881
5.800000 21076445.310582
5.900000 21073212.425253
6.000000 21070273.180044
6.100000 21067539.381190
6.200000 21065214.463506
6.300000 21062791.704687
6.400000 21060719.922089
6.500000 21058926.778733
6.600000 21057355.737934
6.700000 21056040.450612
6.800000 21054848.926580
6.900000 21053825.326060
7.000000 21052800.624293
7.100000 21052021.022016
7.200000 21051287.324409
7.300000 21050664.707527
7.400000 21050161.339355
7.500000 21049751.014643
7.600000 21049395.522968
7.700000 21047571.266859
7.800000 21046561.940881
7.900000 21046057.710566
8.000000 21045683.247926
8.100000 21045401.151472
8.200000 21045190.553984
8.300000 21045041.355450
8.400000 21044948.354773
8.500000 21044908.513671
8.600000 21044919.711618
8.700000 21044979.728549
8.800000 21045083.899517
8.900000 21045215.167587
9.000000 21045306.394761
9.100000 21045983.171265
9.200000 21047197.300729
9.300000 21047673.112925
9.400000 21047983.267293
9.500000 21048261.244283
9.600000 21048536.992058
9.700000 21048819.312643
9.800000 21049111.214846
9.900000 21049413.753964
10.000000 21049727.223166
10.100000 21050051.578653
10.200000 21050386.605477
10.300000 21050731.986808
10.400000 21051087.335820
10.500000 21051452.213317
10.600000 21051826.140233
10.700000 21052208.608358
10.800000 21052599.090261
10.900000 21052997.048449
11.000000 21053401.943554
11.100000 21053813.241338
11.200000 21054230.418440
11.300000 21054652.966853
11.400000 21055080.397235
11.500000 21055512.241190
11.600000 21055948.052692
11.700000 21056387.408792
11.800000 21056829.909794
11.900000 21057275.178993
12.000000 21057722.862130
12.100000 21058172.626614
12.200000 21058624.160618
12.300000 21059077.172085
12.400000 21059531.387691
12.500000 21059986.551801
12.600000 21060442.425432
12.700000 21060898.785254
12.800000 21061355.422620
12.900000 21061812.142641
13.000000 21062268.763321
13.100000 21062725.114726
13.200000 21063181.038220
13.300000 21063636.385733
13.400000 21064091.019090
13.500000 21064544.809378
13.600000 21064997.636359
13.700000 21065449.387921
13.800000 21065899.959566
13.900000 21066349.253936
14.000000 21066797.180369
14.100000 21067243.654485
14.200000 21067688.597801
14.300000 21068131.937375
14.400000 21068573.605466
14.500000 21069013.539223
14.600000 21069451.680395
14.700000 21069887.975052
14.800000 21070322.373337
14.900000 21070754.829220
15.000000 21071185.300275
