8.262268 106.952699
8.866608 115.094947
7.622131 91.530385
8.084267 103.240148
7.476311 93.549147
8.259476 105.163812
8.489594 110.915615
8.081223 106.785346
9.121902 110.881732
8.914948 110.901053
8.975533 117.165907
8.155632 100.686571
8.155632 100.686571
8.637817 107.960840
9.063789 110.018256
8.852234 111.636299
8.534935 112.367294
9.088875 113.963733
9.230530 118.076912
8.989906 113.398899
7.636711 95.225096
8.302025 102.917370
8.520401 111.777031
7.680496 97.376382
8.579384 110.256143
8.071815 102.914137
9.218239 115.615737
8.189758 104.371230
7.662598 97.062395
9.046532 111.495407
7.684891 93.820120
8.123909 103.557425
8.591629 108.328693
9.078964 117.364101
9.237465 112.558667
7.250679 92.681070
8.712296 110.642256
8.312485 107.179102
7.460243 98.304840
8.958595 119.339058
9.001785 109.356596
8.715569 106.662901
8.830879 109.478168
8.956398 105.834183
9.170288 119.671763
8.302025 102.917370
8.627815 113.515178
8.713165 114.907842
8.448372 106.884104
7.086205 87.723146
7.646324 94.794580
7.868912 95.782441
7.538177 96.782556
7.612198 92.486605
9.063789 110.018256
8.300468 100.760864
8.451096 106.846304
9.065002 114.336894
8.709984 111.886733
9.185188 112.392882
8.600624 106.995195
9.640938 117.146788
7.643280 94.874183
8.617172 111.435813
9.566208 119.263969
8.960495 112.861009
9.160629 122.948754
9.023163 113.142145
8.090424 99.798401
8.367828 105.622365
9.065529 119.716707
8.313492 103.228343
9.294113 122.373339
8.584511 115.417194
9.055847 121.690643
8.636055 108.797672
8.075386 102.178957
8.043091 102.593935
7.744560 98.292299
9.002312 107.732002
7.643280 94.874183
8.368217 107.304867
9.045433 110.617562
8.924446 109.932658
9.006729 106.986680
8.958549 115.567710
9.741119 123.385191
9.073151 115.976094
7.942200 98.342599
8.971161 111.188016
9.282280 112.237784
7.723526 98.674815
8.257851 100.831694
9.099518 112.300178
9.065460 115.549374
7.787636 103.050313
9.268250 121.708128
8.366295 103.634780
7.646324 94.794580
9.152596 109.227674
8.516144 103.323575
8.430748 106.471347
8.814812 110.827356
9.071869 117.604382
8.756104 114.874666
7.645729 99.531149
9.381111 124.013904
7.621902 96.922893
8.844109 111.428599
8.355103 105.439349
8.271103 107.369235
8.254028 109.550786
8.011093 102.150022
9.075417 114.777311
9.766479 124.559855
7.723480 102.240231
9.117325 116.243539
8.886887 114.478296
8.209007 102.809129
8.735619 108.519678
9.268250 121.708128
8.799179 116.442691
8.596138 117.048501
8.842506 111.814671
7.976212 98.107249
8.910004 108.545096
8.779358 116.677187
8.078728 103.006114
8.152016 106.942409
8.124870 103.282240
8.489594 110.915615
8.633492 106.796260
7.144066 87.946391
9.002312 107.732002
7.890884 96.663384
8.901535 112.864236
8.134300 103.421863
8.822594 104.448900
7.441109 93.817318
8.928635 109.980451
7.455368 94.406916
6.701271 89.019030
8.922340 104.995555
7.686127 96.473071
9.038795 115.526067
8.565994 102.200299
8.197609 108.293480
8.876289 109.594590
7.674385 94.910216
9.247810 113.320840
8.924034 116.506083
9.106888 113.581557
8.855507 115.982384
8.956398 105.834183
8.299919 104.566193
7.758202 99.723087
8.975533 117.165907
8.661644 108.560375
9.103958 114.104863
8.983932 114.764100
7.637581 94.462159
9.070702 114.141751
8.650887 109.831460
8.329124 107.438082
8.084267 103.240148
8.410286 106.035872
8.983932 114.764100
8.942093 110.800450
7.712059 94.846151
8.599571 105.652294
9.141953 115.913360
7.854904 102.135211
8.899246 113.078600
7.987267 105.289371
8.546883 104.671727
8.540863 108.974248
8.270691 107.384942
8.709984 111.886733
7.723480 102.240231
9.072098 119.314481
8.270187 103.964406
8.924973 114.926992
8.127663 104.635485
7.722702 99.142182
8.980728 110.904751
7.587296 90.461903
10.142143 126.912880
8.922913 115.318338
8.969055 117.229553
9.061386 111.934258
8.942070 116.858407
7.626961 101.075834
8.899246 113.078600
9.173035 112.205631
7.942200 98.342599
9.216270 114.674850
7.712059 94.846151
8.299919 104.566193
8.942093 110.800450
8.933395 114.773183
7.958221 100.501580
8.588104 114.186948
7.745796 95.861848
7.994545 103.103618
9.079376 116.807382
8.911102 119.080738
9.207573 111.976600
8.031807 98.236951
7.759186 99.486435
8.454597 106.205161
8.554367 104.349077
9.071869 117.604382
9.008904 117.530334
8.633492 106.796260
8.792473 109.772553
8.969696 115.128306
9.025177 117.260879
7.534653 99.430071
8.723900 116.618680
8.792473 109.772553
7.782990 96.376726
9.082672 116.454619
9.087433 119.686722
9.117325 116.243539
8.368217 107.304867
8.915863 111.994017
8.416054 109.207533
7.745796 95.861848
8.146889 99.028941
8.854362 112.067610
8.737473 108.051514
7.626389 103.097195
9.102493 113.136104
9.014900 119.156282
9.073769 118.851274
9.272072 117.021871
8.373711 106.822479
9.070702 114.141751
8.637817 107.960840
9.065208 116.136587
8.819778 112.512836
9.023026 117.190457
9.092239 116.637761
8.122490 102.136505
7.894707 92.916001
9.055847 121.690643
8.616325 107.266937
9.142136 117.950354
8.076004 101.058869
8.391014 102.909084
9.071228 106.262990
8.280830 102.574441
7.758041 103.589777
8.991188 116.084651
9.292419 117.262437
7.623779 95.966805
8.279709 104.770212
8.967339 115.761373
8.670959 110.765485
8.919250 113.123816
8.950676 111.404489
7.644699 99.985424
8.057899 102.083079
8.694923 112.973440
8.616325 107.266937
8.499985 103.407044
7.766556 97.977326
8.847610 110.519042
9.145866 115.590061
8.661644 108.560375
9.229729 118.156840
8.300468 100.760864
8.485611 103.010755
7.103188 95.133095
7.744858 97.922628
7.655434 97.232677
9.099518 112.300178
9.159348 123.612556
8.437248 112.455011
9.081963 112.939593
8.471603 113.584850
9.170288 119.671763
7.240677 90.268269
8.395454 108.941929
7.637581 94.462159
8.904556 108.142107
7.298012 97.003533
9.015404 110.457484
7.876602 99.481300
8.015991 100.514125
8.123909 103.557425
8.982124 106.570335
9.065529 119.716707
8.723236 105.403556
9.062187 112.300117
8.179276 101.643878
7.745796 95.861848
7.758041 103.589777
8.787735 111.856034
8.983932 114.764100
8.340614 103.624210
8.868645 112.696485
9.272072 117.021871
7.901756 105.668988
8.312439 104.675757
9.272072 117.021871
8.385590 104.842715
8.090126 101.245583
8.876289 109.594590
8.899773 110.647445
9.055847 121.690643
7.952934 105.089063
8.565536 111.122519
7.745796 95.861848
9.092239 116.637761
9.044586 116.407459
7.976212 98.107249
8.372818 106.858004
8.864685 113.358250
9.254837 126.062954
8.844910 114.719822
8.631638 104.220604
7.998825 100.009981
8.152336 106.495227
9.099518 112.300178
8.720993 110.765400
8.830879 109.478168
9.101532 116.360668
8.158447 105.819303
8.681213 108.411031
8.071815 102.914137
8.742096 114.370760
8.713165 114.907842
7.698715 99.490201
9.178070 117.891880
8.816597 113.863307
9.176399 115.311493
8.590782 106.617698
8.122490 102.136505
8.018372 103.520377
9.154816 112.293903
9.110390 113.563136
8.574852 100.467130
8.534935 112.367294
8.895630 113.842477
8.546928 106.583107
8.011093 102.150022
8.902519 113.515155
8.910599 110.260791
9.110390 113.563136
7.626389 103.097195
9.083519 114.731184
8.855507 115.982384
8.202553 98.122927
8.591629 108.328693
8.763817 108.457276
9.009247 121.568897
8.800232 112.265170
8.520699 110.852962
8.565468 105.416227
10.836159 139.566016
8.602798 108.162443
8.901535 112.864236
9.167747 116.337938
8.364670 105.877394
7.664955 96.307448
8.071198 102.797191
7.546761 93.379570
8.751869 108.112282
8.542831 104.184687
8.942093 110.800450
8.437248 112.455011
8.966652 116.554341
8.209969 103.981508
8.904556 108.142107
9.064751 120.131605
8.262268 106.952699
8.360939 109.195840
9.268250 121.708128
9.078873 119.215506
7.645729 99.531149
9.050171 112.785067
8.448280 104.935045
8.192825 103.051298
8.076004 101.058869
8.536537 106.241007
9.227898 121.535699
8.948982 113.205122
9.128151 121.030000
7.722290 100.680303
8.894348 108.696291
9.155548 121.050982
8.249451 107.786751
9.120552 119.331682
8.669838 113.915420
8.954086 114.312745
7.432182 95.887319
9.098351 118.374415
9.124168 118.676621
8.270187 103.964406
8.424156 110.589857
8.235443 106.296265
8.057899 102.083079
7.432182 95.887319
8.661644 108.560375
8.565994 102.200299
8.095848 102.481131
8.048492 102.983215
8.363457 101.919377
8.270691 107.384942
7.249672 97.258392
9.166649 112.398711
7.082062 87.356344
8.123634 101.524424
8.997917 115.534174
8.904900 107.963390
8.999176 117.533287
7.766556 97.977326
8.819778 112.512836
8.876930 111.841959
9.187271 114.467639
8.990112 113.168031
8.779358 116.677187
7.246788 92.094613
7.758041 103.589777
8.453522 105.506220
9.120026 112.541637
8.974960 118.557782
9.059464 118.448902
8.044006 100.326487
8.351028 112.366733
8.723122 114.767264
8.299919 104.566193
8.279709 104.770212
9.061409 110.248804
7.415108 93.474235
9.016960 114.045927
7.758041 103.589777
9.254837 126.062954
8.617172 111.435813
9.087433 119.686722
8.244392 104.464984
9.120552 119.331682
9.025177 117.260879
8.886475 115.075875
8.247826 108.023578
8.700806 113.521415
7.675690 100.881161
8.122444 108.014983
7.644699 99.985424
8.351028 112.366733
8.947632 121.061205
7.745316 93.163165
9.046532 111.495407
7.641106 98.844659
7.846985 98.674223
9.150467 108.382130
8.873840 113.750477
8.979240 116.111605
10.138115 125.058356
8.670502 106.710306
8.454597 106.205161
8.784691 108.672137
7.822540 102.941208
8.982124 106.570335
8.582565 108.558974
8.565994 102.200299
9.288551 115.940575
10.142143 126.912880
8.997688 117.308148
8.791718 112.888389
8.413170 109.242792
9.044037 114.433905
7.348503 96.673351
8.685310 109.473510
8.319420 112.771345
8.565536 111.122519
7.846985 98.674223
8.024826 107.449083
7.644699 99.985424
8.527473 110.640722
8.214203 107.406431
8.779358 116.677187
9.640938 117.146788
8.694923 112.973440
9.065208 116.136587
8.453522 105.506220
8.685310 109.473510
8.657524 111.058259
9.073425 116.672212
9.007599 111.381118
7.298012 97.003533
9.272072 117.021871
9.010048 111.992510
8.899773 116.294149
8.280830 102.574441
8.270187 103.964406
8.195663 102.085643
7.640808 94.280751
8.597603 115.638953
8.428574 111.172223
8.255699 105.417549
8.608749 109.758933
10.836159 139.566016
9.074821 114.340426
8.405296 101.533812
7.745796 95.861848
7.704552 98.089568
8.631638 104.220604
9.160629 122.948754
8.073486 104.561882
10.142143 126.912880
9.249390 109.217121
8.150345 108.967628
7.642136 96.947656
8.847610 110.519042
8.367828 105.622365
9.128151 121.030000
8.864227 115.981818
8.122330 100.591829
8.405296 101.533812
9.109451 113.910405
9.083519 114.731184
8.851341 109.112752
8.640816 116.616210
8.839622 113.548308
8.855507 115.982384
7.083870 87.847276
8.980019 112.393421
7.116371 90.964586
8.723900 116.618680
9.052666 112.969336
7.323029 93.026129
8.463272 106.666888
9.081528 112.106641
8.165863 107.569654
8.660797 114.697102
7.858566 96.591680
8.554367 104.349077
8.071815 102.914137
8.262268 106.952699
7.189133 90.927436
8.947632 121.061205
7.638039 101.736908
7.250679 92.681070
9.276558 122.923692
8.360939 109.195840
7.628586 97.929483
8.681213 108.411031
8.814697 114.769650
8.080009 103.340084
8.073486 104.561882
7.868546 100.666638
8.251236 97.630339
8.805519 107.724549
9.073425 116.672212
9.094528 116.714938
8.526031 106.957741
7.652962 91.373772
8.071815 102.914137
9.136826 113.769690
9.074821 114.567183
7.250679 92.681070
7.196251 91.251909
8.104546 108.389650
7.849777 99.850045
8.611359 108.665046
9.079468 115.243315
8.269135 106.741013
8.447044 110.067657
8.180145 101.040449
7.875092 104.095193
9.074821 114.567183
9.160629 122.948754
8.536537 106.241007
8.554367 104.349077
8.128258 102.780091
8.377785 110.221565
7.932404 103.363902
9.232956 121.269568
9.063789 110.018256
9.009247 121.568897
9.187271 114.467639
8.954086 114.312745
7.761475 94.753012
8.946053 107.241155
9.002312 107.732002
8.895218 116.414155
9.120323 120.459262
8.945229 107.274192
8.969536 112.265946
8.363457 101.919377
9.299194 116.841596
9.106888 113.581557
8.765694 111.885845
8.546928 106.583107
8.876930 111.841959
9.070221 117.087485
8.758095 109.490718
9.073769 118.851274
7.240677 90.268269
8.209007 102.809129
8.360207 106.500749
8.443153 103.253829
8.600624 106.995195
9.125633 111.102159
8.011093 102.150022
7.723526 98.674815
9.005791 113.389982
8.616325 107.266937
8.763817 108.457276
9.160629 122.948754
8.395409 111.710294
8.895630 113.842477
9.152596 109.227674
8.950676 111.404489
9.010048 111.992510
7.757858 101.393989
9.097160 111.698922
8.895630 113.842477
7.456169 97.542194
7.834442 96.972638
9.001945 114.893123
8.910004 108.545096
8.561829 108.004506
8.314384 104.219316
7.546761 93.379570
8.375107 107.953283
9.098602 117.119400
9.045845 114.653725
8.360939 109.195840
9.965881 122.222983
8.969193 111.809081
7.298012 97.003533
7.118912 90.540930
8.423035 108.363889
8.269135 106.741013
8.057899 102.083079
8.549057 107.135357
7.745316 93.163165
8.507927 107.653151
7.860489 97.127843
8.966652 116.554341
8.965668 116.448541
7.676720 101.465272
8.885857 106.597378
7.942200 98.342599
7.246788 92.094613
7.246788 92.094613
9.778450 125.761933
9.539200 120.106994
7.103188 95.133095
7.243927 92.072197
8.165863 107.569654
6.850296 89.061011
9.102219 117.148987
8.957680 122.224006
9.073151 115.976094
8.842506 111.814671
8.526031 106.957741
7.744583 97.186156
8.885857 106.597378
8.192825 103.051298
8.582565 108.558974
7.637924 98.513698
7.752617 104.471072
7.636070 96.217826
8.924446 109.932658
9.106888 113.581557
7.460243 98.304840
8.416054 109.207533
8.467323 111.558679
8.863953 114.208348
8.599571 105.652294
8.437248 112.455011
9.005791 113.389982
8.526031 106.957741
8.839622 113.548308
7.659096 94.526524
7.986855 103.849053
8.844910 114.719822
8.869286 116.656442
8.565994 102.200299
9.052666 112.969336
7.748360 96.025449
7.858566 96.591680
9.010002 112.662950
8.937149 118.402785
9.124168 118.676621
8.899246 113.078600
9.065529 119.716707
7.233879 93.940446
9.044037 114.433905
8.664597 105.189076
7.116371 90.964586
9.125633 111.102159
7.744583 97.186156
7.868912 95.782441
9.112381 111.891305
9.060539 110.867569
8.269135 106.741013
8.089279 106.219184
8.605888 105.560706
8.963425 115.752459
8.084267 103.240148
8.961983 119.338685
7.196251 91.251909
9.044586 116.407459
8.043091 102.593935
8.565536 111.122519
8.546883 104.671727
8.924446 109.932658
8.084267 103.240148
9.045845 114.653725
8.299919 104.566193
8.332878 106.046939
8.534935 112.367294
9.173035 112.205631
9.125908 108.421185
8.602798 108.162443
8.657524 111.058259
8.152336 106.495227
9.124168 118.676621
9.016960 114.045927
7.723595 100.795886
8.078728 103.006114
7.744858 97.922628
7.758041 103.589777
9.062187 112.300117
8.148994 105.585194
8.206718 103.694405
8.924034 116.506083
9.145866 115.590061
8.410286 106.035872
8.446838 108.909662
9.110390 113.563136
9.155548 121.050982
9.308189 115.064620
8.964638 116.802454
9.124168 118.676621
8.647202 109.058208
7.731560 99.411800
9.230530 118.076912
9.106888 113.581557
8.816597 108.414865
8.439102 107.519859
6.696098 83.553784
9.227898 121.535699
9.161842 112.464069
8.319420 112.771345
8.127663 104.635485
6.850296 89.061011
8.633492 106.796260
8.556335 115.757583
8.271103 107.369235
8.356728 104.816655
8.312485 107.179102
8.528252 110.243131
8.262268 106.952699
8.904900 107.963390
7.103188 95.133095
8.360939 109.195840
7.662598 97.062395
7.744583 97.186156
8.975533 117.165907
9.051361 119.942252
8.903755 115.014088
8.844109 111.428599
8.963425 115.752459
9.016479 118.591509
8.565536 111.122519
8.942528 116.303846
8.173576 107.483127
8.338348 110.476103
8.956398 105.834183
8.556335 115.757583
8.713623 103.037861
7.587296 90.461903
9.120300 113.060935
8.960152 113.774563
7.809334 96.483429
7.626961 101.075834
8.536537 106.241007
7.676720 101.465272
7.854904 102.135211
8.924973 114.926992
8.461601 114.031405
8.443153 103.253829
8.792473 109.772553
8.596138 117.048501
6.772247 83.953581
9.038795 115.526067
8.675583 111.681326
7.622131 91.530385
9.095192 117.063658
8.856010 109.185570
8.122444 108.014983
8.904900 107.963390
8.904877 120.138824
9.060539 110.867569
8.600624 106.995195
8.971161 111.188016
8.749260 103.650888
8.847610 110.519042
8.800232 112.265170
8.997917 115.534174
8.312439 104.675757
8.947220 109.917746
8.805519 107.724549
8.962143 116.598785
9.294113 122.373339
9.052666 112.969336
8.917877 113.724369
9.140648 116.924732
9.074821 114.340426
8.124870 103.282240
8.713623 103.037861
8.660797 114.697102
8.179276 101.643878
8.395088 101.815310
8.526031 106.957741
8.152336 106.495227
8.981049 109.065431
8.168884 99.014525
9.078873 119.215506
8.528252 110.243131
8.922340 104.995555
8.936348 115.609137
8.015991 100.514125
8.900803 114.209540
9.035568 116.496769
7.744858 97.922628
8.953606 113.369675
8.549057 107.135357
7.626389 103.097195
9.136299 112.199566
9.095192 117.063658
9.070702 114.141751
9.216270 114.674850
8.485611 103.010755
8.818886 114.757094
7.637947 93.919758
8.776817 112.695188
8.904900 107.963390
8.202553 98.122927
8.713623 103.037861
8.588104 114.186948
8.781624 112.506464
8.191315 100.955987
9.183472 119.099515
8.540863 108.974248
9.444534 116.479408
8.957153 114.580552
8.852234 111.636299
8.424156 110.589857
8.405296 101.533812
8.909706 113.319558
8.846260 115.768140
7.622131 91.530385
8.700806 113.521415
8.403831 105.156621
8.588104 114.186948
8.669838 113.915420
7.640350 95.993308
8.465126 106.283597
9.031403 119.826356
9.044586 116.407459
8.636421 108.977690
9.038795 115.526067
7.649002 91.434868
9.045845 114.653725
9.002518 117.443991
9.129570 121.973004
8.555008 106.354229
8.168884 99.014525
8.313492 103.228343
8.961983 119.338685
8.184883 106.469413
9.055847 121.690643
9.545174 120.792030
8.852234 111.636299
7.456169 97.542194
8.220406 98.718150
8.942070 116.858407
9.292419 117.262437
9.229729 118.156840
7.757858 101.393989
8.644981 109.478048
7.876602 99.481300
9.262276 114.072177
8.349403 103.170240
9.145866 115.590061
9.075417 114.777311
11.298935 143.747459
8.617172 111.435813
8.751869 108.112282
9.103958 114.104863
7.745316 93.163165
8.031807 98.236951
9.066673 117.957749
8.446838 108.909662
9.064751 120.131605
10.138115 125.058356
7.676720 101.465272
8.869286 116.656442
7.189133 90.927436
8.670959 110.765485
7.626663 98.995560
8.471603 113.584850
7.698715 99.490201
8.917877 113.724369
9.111717 113.813559
8.899773 110.647445
9.059235 111.360889
8.997414 111.789652
8.866127 107.138096
8.387238 106.063020
8.925133 113.404439
8.554367 104.349077
9.838371 118.426574
8.080009 103.340084
9.087570 117.699054
9.007599 111.381118
9.038063 111.976393
7.626389 103.097195
7.626389 103.097195
8.689774 109.327688
9.066673 117.957749
8.902519 113.515155
9.098351 118.374415
9.001945 114.893123
8.163094 107.247353
8.713623 103.037861
8.600624 106.995195
9.067863 111.159003
8.709984 111.886733
8.936348 115.609137
9.079376 116.807382
8.251236 97.630339
9.284431 116.028089
8.642052 107.847680
8.423584 104.316792
8.364670 105.877394
7.638039 101.736908
9.082855 110.990717
10.142143 126.912880
8.197403 96.553907
8.096535 108.017252
8.165863 107.569654
8.928635 109.980451
7.854904 102.135211
8.689774 109.327688
7.894707 92.916001
8.896202 113.880634
8.080009 103.340084
8.355904 104.506532
7.334999 95.192062
9.098351 118.374415
8.321960 108.160261
9.150467 108.382130
8.636055 108.797672
7.598831 95.378650
7.855042 95.618018
7.860489 104.271508
8.537933 102.628562
7.704552 98.089568
9.048500 114.032018
9.010002 112.662950
8.337112 104.484878
8.765694 111.885845
9.105171 116.974423
9.082855 110.990717
8.844910 114.719822
8.617172 111.435813
8.265175 103.708472
8.551941 109.154682
8.363457 101.919377
7.735176 96.869762
8.377464 105.971869
9.268250 121.708128
8.571739 108.524880
9.160629 122.948754
7.970833 104.977730
9.178070 117.891880
7.637581 94.462159
8.439102 107.519859
8.973289 111.384035
8.090424 99.798401
8.540863 108.974248
7.415108 93.474235
7.460243 98.304840
9.177704 115.508184
9.109451 113.910405
8.469635 105.647782
8.784691 108.672137
8.942070 116.858407
8.391014 102.909084
7.664955 96.307448
9.051361 119.942252
9.044586 116.407459
