2.000000 45.882324 94.631079 -2.866431
2.100000 54.459228 100.753669 8.164786
2.200000 62.703398 106.619347 18.787448
2.300000 70.623259 112.235370 29.011148
2.400000 78.227131 117.608947 38.845316
2.500000 85.523231 122.747251 48.299211
2.600000 92.519670 127.657423 57.381916
2.700000 99.224454 132.346586 66.102321
2.800000 105.645485 136.821853 74.469117
2.900000 111.790561 141.090346 82.490776
3.000000 117.667375 145.159213 90.175538
3.100000 123.283516 149.035650 97.531381
3.200000 128.646466 152.726934 104.565998
3.300000 133.763605 156.240451 111.286760
3.400000 138.642208 159.583747 117.700670
3.500000 143.289445 162.764573 123.814317
3.600000 147.712381 165.790957 129.633805
3.700000 151.917976 168.671276 135.164676
3.800000 155.913087 171.414348 140.411826
3.900000 159.704466 174.029534 145.379398
4.000000 163.298759 176.526839 150.070680
4.100000 166.702510 178.917001 154.488018
4.200000 169.922154 181.211540 158.632769
4.300000 172.964027 183.422703 162.505352
4.400000 175.834357 185.563236 166.105477
4.500000 178.539267 187.645898 169.432636
4.600000 181.084777 189.682633 172.486921
4.700000 183.476802 191.683448 175.270157
4.800000 185.721152 193.655160 177.787145
4.900000 187.823534 195.600411 180.046656
5.000000 189.789547 197.517341 182.061753
5.100000 191.624688 199.400133 183.849243
5.200000 193.334350 201.240282 185.428418
5.300000 194.923819 203.028130 186.819509
5.400000 196.398279 204.754242 188.042316
5.500000 197.762807 206.410351 189.115264
5.600000 199.022377 207.989836 190.054919
5.700000 200.181858 209.487853 190.875864
5.800000 201.246015 210.901228 191.590801
5.900000 202.219506 212.228253 192.210759
6.000000 203.106887 213.468437 192.745337
6.100000 203.912609 214.622278 193.202941
6.200000 204.641018 215.691049 193.590988
6.300000 205.296355 216.676629 193.916081
6.400000 205.882757 217.581360 194.184153
6.500000 206.404256 218.407931 194.400580
6.600000 206.864779 219.159288 194.570270
6.700000 207.268150 219.838561 194.697739
6.800000 207.618088 220.449011 194.787164
6.900000 207.918205 220.993978 194.842432
7.000000 208.172011 221.476852 194.867170
7.100000 208.382911 221.901042 194.864780
7.200000 208.554205 222.269952 194.838458
7.300000 208.689089 222.586965 194.791212
7.400000 208.790652 222.855425 194.725880
7.500000 208.861882 223.078629 194.645135
7.600000 208.905660 223.259817 194.551504
7.700000 208.924764 223.402160 194.447367
7.800000 208.921865 223.508760 194.334970
7.900000 208.899532 223.582637 194.216426
8.000000 208.860227 223.626733 194.093722
8.100000 208.806311 223.643902 193.968720
8.200000 208.740036 223.636910 193.843162
8.300000 208.663553 223.608431 193.718674
8.400000 208.578906 223.561049 193.596763
8.500000 208.488035 223.497249 193.478822
8.600000 208.392777 223.419422 193.366132
8.700000 208.294863 223.329863 193.259863
8.800000 208.195919 223.230765 193.161073
8.900000 208.097467 223.124225 193.070708
9.000000 208.000925 223.012239 192.989610
9.100000 207.907605 222.896702 192.918507
9.200000 207.818715 222.779409 192.858022
9.300000 207.735360 222.662051 192.808668
9.400000 207.658538 222.546222 192.770854
9.500000 207.589144 222.433409 192.744878
9.600000 207.527967 222.325000 192.730934
9.700000 207.475693 222.222279 192.729107
9.800000 207.432902 222.126427 192.739378
9.900000 207.400071 222.038523 192.761620
10.000000 207.377571 221.959542 192.795600
10.100000 207.365669 221.890358 192.840980
10.200000 207.364527 221.831738 192.897315
10.300000 207.374202 221.784351 192.964054
10.400000 207.394649 221.748757 193.040541
10.500000 207.425715 221.725418 193.126013
10.600000 207.467145 221.714689 193.219600
10.700000 207.518577 221.716825 193.320329
10.800000 207.579547 221.731976 193.427117
10.900000 207.649484 221.760191 193.538777
11.000000 207.727714 221.801418 193.654011
11.100000 207.813459 221.855500 193.771418
11.200000 207.905834 221.922183 193.889486
11.300000 208.003852 222.001108 194.006595
11.400000 208.106418 222.091822 194.121015
11.500000 208.212337 222.193768 194.230907
11.600000 208.320306 222.306294 194.334319
11.700000 208.428919 222.428650 194.429187
11.800000 208.536663 222.559992 194.513335
11.900000 208.641925 222.699381 194.584468
12.000000 208.742982 222.845784 194.640180
12.100000 208.838011 222.998077 194.677944
12.200000 208.925081 223.155048 194.695114
12.300000 209.002158 223.315393 194.688924
12.400000 209.067105 223.477724 194.656486
12.500000 209.117677 223.640565 194.594789
12.600000 209.151526 223.802356 194.500696
12.700000 209.166201 223.961457 194.370945
12.800000 209.159143 224.116141 194.202146
12.900000 209.127692 224.264602 193.990781
13.000000 209.069080 224.404956 193.733205
13.100000 208.980438 224.535235 193.425641
13.200000 208.858789 224.653393 193.064184
13.300000 208.701054 224.757306 192.644801
13.400000 208.504047 224.844769 192.163326
13.500000 208.264480 224.913494 191.615466
13.600000 207.978959 224.961118 190.996800
13.700000 207.643985 224.985191 190.302780
13.800000 207.255956 224.983183 189.528729
13.900000 206.811163 224.952481 188.669846
14.000000 206.305795 224.890384 187.721206
14.100000 205.735935 224.794110 186.677760
14.200000 205.097561 224.660785 185.534336
14.300000 204.386547 224.487449 184.285645
14.400000 203.598663 224.271052 182.926273
14.500000 202.729573 224.008454 181.450692
14.600000 201.774839 223.696423 179.853254
14.700000 200.729914 223.331635 178.128194
14.800000 199.590152 222.910673 176.269631
14.900000 198.350797 222.430026 174.271568
