-2.2617200 3.8996630 0.8703355
-1.6703250 2.8780717 0.6375090
-2.3576682 4.3175161 0.0308566
-1.5779841 2.7147923 0.4778593
-2.1645252 3.9154035 -1.0108196
-1.7146180 3.0015785 -0.4270821
-3.5123477 5.8254482 0.9529349
-2.3688164 3.8982887 0.6838346
-1.9899301 3.3638893 -0.0258145
-2.1253053 3.5274757 -0.4516594
-2.1235669 3.5140342 -0.4921745
-0.9083828 1.4127498 -0.1011838
-2.6657218 3.9033411 -0.0043108
-3.1257980 3.5476822 0.0537037
-2.8221393 3.2407420 0.2137209
-2.5040750 2.4914674 -0.2847644
-2.7330863 2.8168724 -0.0585410
-3.3170936 2.6461719 -0.4605652
-0.4430826 0.2964458 -0.0403333
-2.3986406 1.9342042 0.2868062
-1.2272666 0.4436422 -0.4301719
-2.6623423 1.9915951 0.2300503
-1.0303113 0.6668270 0.0013256
-2.3106151 1.1005438 -0.2271872
-3.4675203 1.9975175 0.0530275
-3.1923936 1.2908566 -0.2803616
-2.4279026 1.6622384 0.4528044
-0.5183807 0.1433990 -0.0842531
-2.3348631 1.1896550 0.1262129
-1.2555002 0.5098858 -0.0260537
-3.2318532 0.8446641 -0.4083649
-2.7847784 1.3381565 0.2707321
-3.7855685 0.9560226 -0.0533149
-4.6894638 -0.0883001 -0.9325602
-3.7512335 1.3755994 0.3112478
-3.0931458 1.0840060 0.2785096
-1.4695287 0.1971174 -0.0917578
-3.5620732 1.1331641 0.2522250
-2.0960236 -0.0162431 -0.3051911
-3.4887440 0.2715267 -0.2532669
-6.0143557 1.7148164 0.5513348
-1.0100670 -0.0026041 -0.0953132
-2.3549050 -0.5391504 -0.5268580
-6.2123128 0.0792829 -0.4005032
-3.4242212 0.2633896 -0.0699590
-2.8279527 0.2196869 -0.0290996
-2.0559499 0.1023017 -0.0281852
-4.5368035 1.2659755 0.6070519
-2.8604547 -0.7236831 -0.5763190
-4.5590981 -0.8283282 -0.7088442
-4.4943949 1.1223005 0.5760837
-4.0594236 1.0242591 0.5784511
-2.2335662 -0.0307920 -0.0072828
-5.3311290 0.0523739 0.0630719
-1.1337256 -0.2995828 -0.1689704
-5.1034157 -0.0921727 0.0265489
-3.4062083 -0.9067345 -0.4423979
-2.8392000 0.2100031 0.2270075
-5.3260000 0.1144329 0.3393848
-1.3499474 -0.0845102 0.0227471
-3.0861442 -0.3988593 -0.0362311
-3.5148181 -0.3959855 0.0176077
-3.6944528 -0.4478023 0.0955075
-2.1893203 -0.7046940 -0.1563468
-3.3465639 -0.8773250 -0.0503517
-3.7879862 -0.4012000 0.2579950
-3.1402049 -0.8566441 -0.0434261
-2.8629469 -1.0103729 -0.1454417
-2.6079001 -1.1380934 -0.2458448
-3.1034656 -1.7434126 -0.4465060
-4.2839975 -2.5747516 -0.6855109
-3.2625713 -1.0475790 -0.0134723
-4.2692034 -1.1490903 0.0952888
-2.2382114 -0.0110753 0.3527438
-3.2265018 -0.6424458 0.2095513
-3.8255583 -1.8022183 -0.2536610
-2.4452125 -0.8190185 0.0348465
-3.5635597 -0.9053000 0.2036830
-3.6417201 -1.4458114 -0.0467033
-4.1587502 -2.3617969 -0.4025010
-3.8824223 0.0128439 0.7464587
-0.5420423 -0.2779193 -0.0189667
-4.7073532 -1.2923757 0.3830156
-4.2772148 -0.0401842 0.9468619
-2.8823797 -0.9743777 0.2097731
-2.3425118 -0.8492714 0.1737934
-3.3526016 -1.2202320 0.2572111
-4.1886628 -1.1292098 0.5017372
-3.1699439 -2.0161615 -0.1279535
-3.2270824 -1.7824058 0.0085166
-2.4073422 -1.3614754 -0.0011090
-2.6751956 -2.2661514 -0.2827806
-1.8488719 -1.5591002 -0.1822883
-2.8218626 -2.4006925 -0.2780114
-5.6075119 -1.4707284 0.9074195
-3.7891098 -0.7207926 0.7393495
-2.1789295 -1.6108733 -0.0453626
-2.1116967 -1.5451716 -0.0278306
-5.0115439 -2.7465231 0.4115453
-2.7269931 -1.6211309 0.2817877
-3.7955254 -2.2645283 0.4044796
-1.5042624 -1.6407984 -0.1258775
-1.8046040 -2.0997347 -0.1955996
-3.1815294 -1.8158406 0.4712761
-3.6403640 -2.4794861 0.4009965
-4.0083225 -2.1998682 0.6574315
-5.5752986 -3.3053557 0.8428352
-2.4849913 -1.4260807 0.4313315
-3.2073230 -2.7327680 0.2338771
-3.4360887 -1.9916678 0.5983565
-1.0894237 -1.0893587 0.0822026
-2.7458362 -2.6918925 0.3221829
-3.2199661 -3.5459883 0.2940557
-4.1577782 -1.3225275 1.4750203
-2.6010664 -0.8498390 0.9761572
-2.0924157 -0.0706456 1.0763883
-0.0791837 -0.2468448 0.4384247
-0.1200926 -0.0755194 0.5571933
-0.3157350 0.2028514 1.0211116
0.0673899 -0.2970248 0.5323123
2.4589485 0.0878855 1.1079456
1.8519754 0.0513589 0.0407561
5.5012194 0.0501412 -0.3799161
4.4091605 2.5227827 0.9661505
4.7248913 3.0372453 1.2020564
0.8108275 0.1653839 0.0032875
3.6380931 2.0078401 0.6061604
2.3725824 0.8519280 -0.1123037
1.3301754 4.5081702 1.6932499
3.1790354 2.4168457 0.2860424
1.3404361 1.0299650 0.1205977
2.6153678 2.6051943 0.4399715
0.7832833 2.5974585 0.9205646
1.6116702 1.0899072 0.0292057
0.4412245 1.9128875 0.6922741
3.5258302 1.6861266 -0.2982779
1.8306434 1.2608974 0.0060824
2.7692655 5.7795200 1.4988619
4.4484037 2.3184399 -0.4404155
2.0208195 1.1407506 -0.1804038
0.0871138 0.4867815 0.1674666
3.7655122 4.4897870 0.5203316
2.5728624 4.2491256 0.6997345
1.3832747 2.3306508 0.3920038
1.6475504 2.8251321 0.4757653
0.4314216 1.9491377 0.5723002
1.4431907 2.4023373 0.3478975
0.9961793 1.7564358 0.2703387
2.2271198 2.5193563 -0.0094657
1.2530972 4.5851072 1.0670136
1.5828275 2.8841419 0.2761575
0.2739116 1.8996220 0.4939577
0.3635275 2.0477247 0.5012769
3.7448417 3.6823964 -0.4761049
0.6465550 2.0595811 0.3373900
2.0850558 2.6282972 -0.1939071
1.2986914 1.6916707 -0.1163535
1.5053645 3.4140134 0.2551848
1.6077485 2.6482653 -0.0404583
2.7931304 3.5940926 -0.4030207
1.0762043 1.5968290 -0.1261856
0.4311695 2.6715252 0.5018667
0.4032264 2.7408434 0.5167893
1.3549254 2.8086458 0.0242930
0.3509004 2.4675911 0.4639959
0.3891517 2.7577741 0.5178965
0.3055028 2.0976517 0.3881438
0.4500432 3.0560700 0.5592458
0.2643745 1.8832903 0.3488808
0.3117421 2.2220582 0.4107767
0.2973336 2.2424467 0.4110634
0.3065963 2.0918115 0.3616644
1.6381361 2.9338518 -0.1919246
2.2649814 3.8022861 -0.6678131
0.4649094 1.6619055 -0.0058622
0.8549795 3.2600058 0.0188427
0.4951808 2.5235213 -0.2214436
0.7558388 3.9874579 -0.3280992
0.6125100 3.1663252 -0.2790790
0.0111012 2.4441348 0.1257733
0.1144544 6.2552542 0.0775308
-0.0327434 4.0571364 0.0668577
-0.3132559 2.3795106 0.2068238
-0.2412597 1.6860936 0.1416372
-0.0451900 4.9298867 -0.3191508
0.0278961 7.0063735 -0.5759637
-0.0153390 4.3212179 -0.3277991
0.0087631 3.6602898 -0.3464475
-0.4729437 3.8449857 -0.2596899
-0.5491088 3.9538040 -0.2327569
-0.5239183 2.0685106 0.0403882
-0.3868314 2.3069908 -0.4393097
-1.2145316 4.6848205 -0.3939381
-1.3378514 2.7856790 0.2740719
-1.5188559 3.1338972 0.0225359
-0.9581079 1.9163543 -0.0214941
-0.2400703 0.4206414 0.0987468
-3.0357343 5.3734966 0.9858795
-2.2376849 4.1063448 -0.6801197
-2.0191521 3.6411996 -0.4878217
-0.2362797 0.4447449 -0.5006349
-0.0686469 0.1139909 -0.4836844
-2.0400014 2.9252687 0.3052042
-2.0906130 2.0565239 -0.6539311
-2.3472101 2.0112566 -0.5944420
-2.5548834 2.5646905 0.3628300
-2.9369171 2.5179612 0.3935658
-2.8111415 2.3081251 0.4130938
-3.4626079 -1.1707584 -3.5675369
-3.3690555 1.9203608 -0.2211954
-4.1768212 1.4861097 -0.9500237
-0.5449203 0.1984087 -0.0407665
-4.1036781 1.1858391 -0.5338286
-1.9535409 0.9893393 0.1537762
-1.9210418 1.3540405 0.5211773
-4.2679179 1.1301661 -0.2071729
-4.2797813 1.5004259 0.2383354
-5.8864290 1.4879190 0.4413180
-4.9273637 0.0268228 -0.4463829
-2.7507204 0.0684992 -0.1750852
-4.6908107 0.8980970 0.3810720
-2.7832314 -0.7136889 -0.5598319
-1.2537722 -0.0956451 -0.0836558
-2.1938322 -0.1786346 -0.1327149
-2.2989455 -0.4250188 -0.2734004
-4.0409168 0.2198972 0.2510741
-2.6070339 -0.3728432 -0.1249258
-4.8731827 0.8320830 0.7502724
-3.0022467 -0.4155122 -0.0449327
-2.7801207 -0.8004531 -0.2451789
-4.1363334 -0.5732198 0.1047273
-2.7149122 1.1452131 0.9028627
-1.1817558 -0.2403114 0.0003473
-2.9856390 -0.3976595 0.1673697
-4.1371099 -1.9533708 -0.3637552
-6.6542177 -1.7570627 0.4031984
-4.5017178 -1.2695698 0.2812913
-3.5766365 -1.7229857 -0.1140675
-4.5254788 0.0881689 0.9798394
-2.3170082 -1.1318347 -0.0054430
-3.9462099 -1.0753473 0.4921037
-2.0830063 -1.5787086 -0.1533763
-1.9424658 -1.1057612 0.0255148
-0.9777782 -0.7320791 -0.0616973
-3.6112041 -1.0004659 0.5661060
-1.5131493 -1.3082874 -0.1140869
-2.3683163 -1.7381649 -0.0430424
-2.5022559 -2.4163707 -0.2894496
-3.4521820 -1.7406020 0.2839862
-3.2775736 -1.8047910 0.2372938
-4.5511020 -1.5063959 0.7869267
-2.8575949 -2.2602071 -0.0254191
-5.3712312 -3.2485921 0.3661514
-5.5666595 -3.1801464 0.5348643
-4.4097054 -2.4903793 0.4648717
-2.4543723 -1.4462656 0.2411529
-1.8169330 -2.1037801 -0.1925318
-4.0240450 -2.2375864 0.6054113
-2.3972515 -1.4142401 0.4303203
-2.0807947 -2.1240242 0.1738050
-3.3505875 0.4699065 1.8428971
-0.1991715 -0.3658319 0.4317253
-0.9053770 -0.0995285 1.4426246
-1.4769482 0.7789275 3.1556616
-0.3356052 0.3065022 1.3806992
0.1680197 -0.4293916 0.8145222
-0.0066739 0.2442399 0.5614128
0.0354273 0.2537948 0.6053548
-0.0217317 0.2787242 0.4752165
0.0219756 0.4015977 0.6675349
-0.0103504 0.2845083 0.4203682
0.1970843 0.3484167 0.6659125
-0.2153248 0.3683070 0.2467499
0.2168511 0.3809660 0.6253979
0.1030457 0.3369277 0.4355144
4.1705376 0.0335382 -0.2816668
6.4280842 0.1321644 -0.4246093
2.5023858 0.1627407 -0.1090605
1.5590665 0.6492882 0.0201903
1.6360742 0.6766140 -0.0051502
0.1278489 0.5429747 0.1786670
0.8239611 2.2386904 0.6061652
0.5416503 2.1024667 0.6393690
0.6964635 2.0541778 0.5492593
3.8644342 2.9587286 -0.2702737
2.1721775 3.5991888 0.5587457
2.1331100 1.2835950 -0.3185130
0.5972579 2.3032026 0.5548342
3.0956388 5.4815138 0.5618877
0.7111561 2.8292419 0.6491982
0.6141905 2.2060717 0.4529296
1.1946071 3.6595352 0.5689172
0.4362644 2.5257080 0.5676937
0.7431176 2.3487588 0.3456315
1.3585607 1.7779401 -0.1614723
1.5017191 2.1730235 -0.1951475
2.6682769 4.0078761 -0.3370861
2.8053125 4.7958074 -0.3080245
3.8964090 6.8229733 -0.4909400
0.1270423 0.6736913 0.0934287
0.3734918 2.1094361 0.2742422
2.4912977 4.5672988 -0.6871640
0.4795847 3.1660572 -0.1844221
0.5363436 2.5974955 -0.3044622
0.6430440 4.1374323 -0.3126251
0.9330462 5.0860106 -0.5278990
0.0131608 2.6480085 0.0606705
0.0738270 3.7239550 -0.0101536
0.0854468 3.7618081 -0.0207893
-0.8589597 3.1390984 0.7332672
-0.0692784 4.3031305 -0.5617101
-0.3238368 4.5297331 -0.3815881
-0.5690359 4.8560153 -0.3113271
-0.6374397 3.2976720 -0.1839805
-0.8706940 4.1078262 -0.2049480
-0.8274750 3.0764537 -0.3127575
-0.8974047 3.6325098 -0.8139443
-1.2723215 3.1375698 -0.1942510
-2.3010218 5.0076300 0.0648672
-1.5445876 3.2832697 0.0116089
-0.9562817 2.0035535 -0.1926370
-0.7185921 1.3123539 -0.1420818
-1.7566733 3.1345190 -0.5019870
-1.6399294 2.6966693 -0.3102534
-1.0305760 1.3274214 0.1328389
-2.7578923 3.0257014 -0.2445463
-0.2735553 -0.1011755 -0.5159663
-3.1840422 1.5250347 -0.1849394
-2.8597849 1.9945698 0.4666063
-4.2564998 1.5377548 -0.3576767
-2.1360987 0.3142474 -0.5063828
-3.6338189 1.3414991 -0.0008056
-1.9919614 0.5379008 -0.0954492
-2.5251982 0.6485264 0.2329797
-3.0037318 0.2547258 0.0420740
-3.1685951 -0.0516219 -0.0287858
-3.6273472 -0.9038130 -0.4585992
-2.1174218 -1.4601225 -0.5055235
-3.7003233 0.0711047 0.5376923
-4.7468715 -2.2962937 -0.0379578
-0.5025607 0.1366662 0.1759444
-2.2707994 -0.7701493 0.3428593
-0.3685501 -0.3792742 -0.0470983
-1.8884845 -1.6590609 -0.1173927
-3.5065809 -2.6885318 0.0770232
-2.8457571 -1.9554087 0.1861185
-0.9720061 -0.2258187 0.4770233
-0.5656933 -0.0691144 0.5014907
-0.0125782 -0.6723482 1.2328964
-0.0718725 -0.2079341 1.0209486
-0.0912465 0.2949315 0.5345432
0.0078846 0.2648238 0.5717776
0.2808912 0.3273093 0.2654776
1.6966891 0.6060922 -0.0517456
1.1690617 3.6135067 1.2868441
0.1005141 0.6776239 0.2191086
1.1714989 4.2265706 0.9765775
0.6630691 2.5424878 0.5591105
0.6588096 2.2921770 0.3596084
0.4068203 2.7469348 0.5618636
1.2525952 3.0278274 0.1494561
0.2876158 1.8604595 0.3305082
0.2246664 0.7766843 -0.1808185
0.0238593 2.0429522 -0.0320529
0.0993856 4.6040332 -0.3021246
0.0875991 3.6030043 -0.2575101
-0.0170790 3.3326882 -0.1878296
-0.5770477 3.2376479 0.2644180
-0.0354357 3.0058891 -0.6205985
-0.9599799 3.6189335 -0.4223393
-2.2654675 3.8835473 1.0616750
-1.5815039 2.6942601 0.0061129
-1.6570757 1.3094502 0.0349111
-2.3524567 1.4200256 -0.4119264
-4.7360522 -1.2505218 -0.7573369
-4.1888560 -1.3321150 -0.3817980
-2.6970483 -0.9381307 -0.0553585
-4.3589539 -2.0842863 -0.3731294
-3.5554967 -1.1716410 0.0059996
-4.4847949 -1.1172003 0.6262467
-5.0834209 -2.9858731 0.7040424
-3.2039265 -2.5148236 0.3146030
-0.4527445 -0.1976930 0.1032195
-0.5399608 0.2016604 0.9808355
-0.6036069 0.8236360 2.8598766
-0.0646490 0.2011988 0.5308368
0.0326789 0.2869331 0.4667967
0.2904123 0.5369351 0.5186831
3.7053157 1.3726313 0.3776825
0.1930114 0.5515586 0.1880266
2.7106984 2.0303871 -0.2632574
0.9560997 2.6412645 0.4656521
1.1621681 3.6428069 0.5877340
0.4697851 -0.3753532 0.5902579
0.3264885 0.3522050 0.6480929
0.2391108 0.5513205 0.5532715
2.2709775 0.0289876 -0.0722299
2.8757984 0.2819460 -0.6058983
1.7741514 2.6767244 -0.2786696
0.0779269 0.5536499 0.0265332
-3.9809473 -3.0382366 -0.3928802
