2.000000 21742834.660784
2.100000 21693681.414845
2.200000 21650426.486446
2.300000 21604129.391336
2.400000 21556592.583122
2.500000 21509825.341523
2.600000 21470614.311118
2.700000 21436801.292660
2.800000 21406863.916006
2.900000 21380071.862459
3.000000 21357002.672610
3.100000 21335234.029142
3.200000 21314021.366143
3.300000 21296509.346044
3.400000 21281047.752588
3.500000 21265642.522615
3.600000 21250283.338933
3.700000 21234149.476623
3.800000 21221388.035733
3.900000 21211447.013576
4.000000 21201859.279689
4.100000 21190909.211025
4.200000 21181925.074161
4.300000 21173948.914446
4.400000 21165282.676425
4.500000 21153846.331147
4.600000 21148093.302906
4.700000 21142491.991583
4.800000 21136637.437161
4.900000 21130331.960965
5.000000 21125165.296052
5.100000 21120215.216433
5.200000 21115460.884662
5.300000 21111495.960338
5.400000 21108093.169494
5.500000 21105046.547005
5.600000 21102252.072092
5.700000 21099605.824739
5.800000 21095537.085122
5.900000 21093483.621139
6.000000 21091874.552509
6.100000 21090159.799961
6.200000 21088661.436222
6.300000 21086572.760595
6.400000 21084702.161558
6.500000 21083123.024981
6.600000 21081675.643274
6.700000 21080550.800261
6.800000 21079424.620231
6.900000 21078751.756543
7.000000 21077749.946433
7.100000 21077205.906856
7.200000 21076563.047504
7.300000 21075951.922330
7.400000 21075402.309756
7.500000 21074846.231623
7.600000 21074306.593141
7.700000 21073375.177676
7.800000 21072037.687175
7.900000 21071613.094644
8.000000 21071445.729544
8.100000 21071361.130354
8.200000 21071326.569358
8.300000 21071396.723083
8.400000 21071670.951056
8.500000 21072214.205177
8.600000 21072954.320220
8.700000 21073718.987881
8.800000 21074381.761431
8.900000 21074897.270769
9.000000 21075107.936094
9.100000 21075975.235480
9.200000 21076772.236309
9.300000 21077054.939414
9.400000 21077361.543289
9.500000 21077687.584685
9.600000 21078030.839652
9.700000 21078389.838762
9.800000 21078763.349052
9.900000 21079150.237035
10.000000 21079549.428882
10.100000 21079959.899589
10.200000 21080380.671639
10.300000 21080810.816563
10.400000 21081249.456958
10.500000 21081695.767993
10.600000 21082148.978078
10.700000 21082608.368630
10.800000 21083073.273011
10.900000 21083543.074755
11.000000 21084017.205228
11.100000 21084495.140892
11.200000 21084976.400299
11.300000 21085460.540960
11.400000 21085947.156199
11.500000 21086435.872067
11.600000 21086926.344411
11.700000 21087418.256112
11.800000 21087911.314542
11.900000 21088405.249248
12.000000 21088899.809862
12.100000 21089394.764227
12.200000 21089889.896730
12.300000 21090385.006834
12.400000 21090879.907768
12.500000 21091374.425378
12.600000 21091868.397115
12.700000 21092361.671127
12.800000 21092854.105473
12.900000 21093345.567406
13.000000 21093835.932740
13.100000 21094325.085285
13.200000 21094812.916328
13.300000 21095299.324172
13.400000 21095784.213709
13.500000 21096267.496034
13.600000 21096749.088084
13.700000 21097228.912309
13.800000 21097706.896366
13.900000 21098182.972833
14.000000 21098657.078943
14.100000 21099129.156331
14.200000 21099599.150803
14.300000 21100067.012116
14.400000 21100532.693764
14.500000 21100996.152787
14.600000 21101457.349584
14.700000 21101916.247736
14.800000 21102372.813841
14.900000 21102827.017354
15.000000 21103278.830442
