8.225784 100.560694
8.642807 113.328191
9.925964 124.022649
8.153801 106.717885
7.526390 102.406154
8.025078 110.062343
7.825676 100.379527
7.230194 100.459910
8.316399 114.614384
7.784225 98.718591
8.642052 112.654738
8.508980 117.499095
8.221001 105.256877
7.977585 109.128951
8.230156 102.487103
7.565643 101.821424
8.009926 111.131913
9.225197 107.210678
8.088890 105.834469
8.159615 108.368152
8.017914 111.365330
8.439171 111.534186
8.465927 114.336990
8.679817 120.596665
8.069733 102.658604
7.943298 105.764847
7.827393 98.552653
8.418983 118.695167
7.692719 101.933727
8.150322 104.363200
8.301132 110.778958
8.861069 115.088894
7.653076 96.536558
8.034622 104.648406
7.830688 101.404792
8.420975 113.048387
7.836548 106.811048
6.519516 82.091003
8.233452 109.110221
8.153801 106.717885
8.114639 106.776333
7.821487 104.084062
8.158768 113.389772
7.942932 108.409567
8.425644 108.803130
7.836548 106.811048
7.195770 91.006310
8.225349 107.433335
8.176826 106.802648
8.012054 103.181636
8.395134 107.799769
7.619820 103.845170
8.358215 109.990648
6.890076 90.730245
8.030479 95.673896
7.663925 102.213047
8.264442 114.644096
7.327583 101.304823
7.928169 102.345705
8.324661 104.280480
8.328186 119.178312
8.395821 114.264413
7.983170 107.424688
7.302406 88.161398
7.629662 98.788355
8.396027 108.878987
8.615250 114.490492
8.255058 103.270479
7.692719 101.933727
7.775871 101.517231
7.686058 102.957821
8.176369 107.163431
8.382683 110.938730
7.828629 100.093342
8.429100 109.183324
7.882668 101.208291
7.724899 94.174627
8.017914 111.365330
8.437592 105.629653
8.069344 111.355351
8.329285 109.823335
7.174736 98.317804
8.124847 110.427533
7.266151 89.998393
7.956047 105.844967
8.128235 109.294123
6.884720 89.858641
8.535988 112.004845
8.575401 120.306347
7.544449 99.368353
7.942932 108.409567
7.968498 105.197090
8.225349 107.433335
8.292137 103.952009
7.994682 101.664877
8.207909 111.533667
8.132126 104.263883
7.339783 100.352010
8.535988 112.004845
7.880676 110.774987
8.255127 100.902476
7.405472 98.422699
8.109604 102.401301
10.535545 146.808081
8.428116 104.312117
7.603615 101.729615
8.722801 114.193029
8.574417 108.734301
7.821487 104.084062
7.405472 98.422699
8.439171 111.534186
7.703339 96.728729
8.314499 108.772922
9.058182 106.370397
8.448463 112.637323
7.745155 101.887216
7.902466 99.418519
7.934601 100.496630
8.219193 104.414399
8.222969 109.033984
9.079857 114.408146
8.215759 110.001098
8.222763 103.946884
7.833458 102.149287
8.336449 113.231641
8.034622 104.648406
8.248970 101.430885
8.163185 106.546230
7.692146 103.283853
7.937553 113.509353
8.063301 104.946553
8.202049 103.964641
7.826569 107.945175
8.044464 103.845578
8.258400 108.242707
7.788460 102.002159
8.277260 105.309725
7.130241 99.350360
7.703636 110.004935
8.343292 106.175640
7.261093 99.122033
8.328186 113.164360
8.426353 113.123705
8.034622 104.648406
7.854721 101.887319
8.148399 107.503633
8.448967 112.999529
8.022331 106.319293
7.230194 100.459910
8.301132 110.778958
8.702156 116.577030
8.508362 111.571462
8.125603 102.818337
8.327271 115.544891
7.691849 96.727518
7.958336 106.590136
8.498474 110.190862
8.219193 104.414399
7.977859 109.099525
7.965797 98.951212
8.642807 113.328191
8.833374 112.281840
8.452309 119.404973
7.230194 100.459910
9.035728 111.289607
7.303345 100.562953
7.934601 100.496630
7.854721 101.887319
8.547981 110.823827
8.329285 109.823335
8.442924 115.069909
8.189026 97.384947
8.140434 106.659151
7.551247 92.622655
7.780609 104.687475
8.289024 113.478097
7.536804 101.160501
8.329285 109.823335
8.404747 111.188977
7.336784 95.634535
10.593430 133.446156
8.558327 114.531970
8.412460 109.461260
7.865776 106.374650
8.064674 102.375644
8.017891 108.244100
8.276024 102.143932
7.690704 101.314718
8.334595 109.649107
9.014648 102.466732
8.304291 115.585326
7.917068 95.931787
7.957626 103.164108
8.450294 115.748532
8.420975 113.048387
7.101013 89.287659
8.396027 108.878987
6.024170 82.280757
7.806129 101.844520
7.728447 100.136413
8.246315 112.088053
7.873787 101.019559
8.046959 106.615996
7.731377 97.392152
8.428047 111.325505
8.212761 106.543141
7.737419 95.601645
7.825104 113.851896
7.933365 97.443505
8.545761 110.570583
8.466270 110.116043
7.781067 100.312634
8.379272 112.922048
8.446266 113.435196
7.617851 93.665324
8.054924 97.556144
8.191063 111.083398
8.323059 113.069172
7.848518 106.761892
8.314499 108.772922
8.403763 112.584796
7.686058 102.957821
7.709244 101.404238
8.549263 109.884927
8.124847 110.427533
8.595589 111.428495
7.241867 88.956341
8.884827 115.666241
8.444870 98.119638
8.304588 106.949379
8.759834 113.592159
8.396027 108.878987
7.975388 102.043349
9.093178 112.970836
8.402458 108.891274
8.324661 104.280480
8.334595 109.649107
8.845482 114.857545
8.575790 115.923285
7.774178 104.320041
8.012054 103.181636
7.930115 104.265806
8.779861 118.023028
8.013451 106.278787
8.035995 115.940795
7.964012 105.796889
8.236565 108.121671
8.029633 106.451702
7.170113 97.351757
8.384422 106.250343
8.384422 106.250343
7.831627 106.990050
8.142883 111.154710
7.786285 108.244493
8.173759 105.567996
8.587440 112.974942
8.683891 111.163974
8.287468 108.982964
7.327789 86.997985
8.247231 106.167464
9.934502 119.203739
8.784988 107.199858
7.762917 98.287475
9.084526 112.273086
7.847786 102.820953
7.415428 100.969164
8.545761 110.570583
8.334595 109.649107
8.314499 108.772922
8.408112 113.171084
8.059616 103.445730
7.551247 92.622655
8.256866 104.522447
8.142883 111.154710
7.170113 97.351757
9.091553 119.831154
8.029335 102.103613
8.138397 108.301760
8.532784 120.330689
9.628418 116.449366
7.385651 95.475440
6.890076 90.730245
7.225685 95.702124
9.053558 119.651952
7.404579 100.422498
8.409943 112.076985
7.853348 107.172139
7.647881 90.389985
7.985870 109.482640
8.465355 113.244857
9.079857 114.408146
7.981339 104.935678
8.336449 113.231641
8.346130 111.442341
8.126976 109.809314
8.443062 110.285630
8.158836 102.859940
8.270142 107.060503
8.059387 110.557766
7.810341 98.917780
8.366638 105.649216
7.721306 97.721826
7.866257 105.863716
8.786407 110.916813
7.851814 93.034125
7.229691 100.512438
7.968498 105.197090
8.265015 110.857145
7.980492 109.664577
8.240982 104.183686
8.092804 107.329882
8.181839 104.498072
8.428230 109.249194
8.543335 115.431116
7.745155 101.887216
9.913376 135.452352
8.450844 112.940642
8.385590 114.678291
8.092804 107.329882
7.963257 101.170917
7.739822 93.221230
8.120155 103.921938
8.538689 113.506438
6.884720 89.858641
7.781067 100.312634
8.497398 115.353471
8.063301 104.946553
9.090271 115.466786
7.995117 109.703378
8.281998 106.225201
7.865776 106.374650
8.258812 109.979952
7.598236 96.913130
7.826157 108.647437
8.231277 99.831626
7.936661 100.666708
8.202049 103.964641
7.616226 95.072555
7.745155 101.887216
7.826157 108.647437
8.081566 104.361437
8.718681 113.568210
8.287468 108.982964
8.784988 107.199858
9.218239 115.947825
8.013725 104.458848
7.694023 102.709028
8.574417 108.734301
8.233452 109.110221
7.825081 101.402873
8.386002 117.445463
7.981155 101.372250
6.188759 87.561628
8.017914 111.365330
7.810341 98.917780
8.174606 103.592455
8.198959 101.759952
8.115417 110.684064
8.296783 110.213187
7.888161 109.504061
6.712852 92.158902
8.371925 106.058135
7.695076 106.612861
8.604584 111.208225
7.740097 100.846546
8.604813 116.692057
8.145973 103.826945
7.880676 110.774987
8.242699 106.488547
8.368492 111.866634
7.302406 88.161398
7.751862 96.577561
8.059387 110.557766
8.068977 106.359252
8.488037 114.986103
7.928169 102.345705
8.403763 112.584796
8.570572 114.894735
8.101707 100.901928
9.094757 113.752201
7.918922 102.243441
7.626595 98.916949
8.248650 103.924206
8.497398 115.353471
7.693977 99.554400
7.968086 107.095529
8.262794 102.680244
8.635872 115.025905
8.547981 110.823827
9.934502 119.203739
8.323059 113.069172
7.663925 102.213047
8.494881 120.512472
8.038307 106.076788
7.728447 100.136413
8.508980 117.499095
7.831627 106.990050
8.248970 101.430885
8.100883 111.342096
6.188759 87.561628
8.299393 108.567314
8.511383 119.131456
8.347710 106.103942
7.911758 112.228799
7.866257 105.863716
8.623032 111.466769
7.082726 92.820168
7.843140 102.881705
7.686539 101.559732
7.686310 108.444445
7.325661 93.655000
8.222763 103.946884
8.281425 116.232606
7.870651 108.555467
7.977859 109.099525
7.640556 97.561205
7.956825 103.295433
8.489525 111.044479
8.547981 110.823827
7.082726 92.820168
7.847786 102.820953
7.703636 110.004935
8.109421 111.673884
7.669075 94.239552
8.722801 114.193029
8.046959 106.615996
9.068939 119.338387
8.516624 110.781467
7.868340 109.439917
8.217957 114.855238
8.299210 114.568999
7.750740 102.689519
8.242699 106.488547
8.642807 113.328191
8.275177 107.100283
8.329170 109.389538
8.222237 104.421026
7.715309 104.877423
8.407974 114.250696
8.465927 114.336990
7.077850 94.097431
8.050552 109.249709
7.799858 105.322574
7.839500 104.663376
7.825081 101.402873
7.629662 98.788355
8.274834 110.807834
8.413330 108.149593
10.117104 123.616489
8.068977 106.359252
8.368858 105.757334
7.774178 104.320041
6.710999 94.342996
8.322647 104.245274
7.293091 100.529228
8.258812 109.979952
8.059616 103.445730
7.453102 95.880232
8.297905 102.967928
9.925964 124.022649
7.082726 92.820168
8.151924 111.308855
8.450844 112.940642
9.082649 107.229880
7.848518 106.761892
8.552055 105.589914
8.560982 114.889197
7.339783 100.352010
7.646164 103.216822
10.117104 123.616489
7.830276 108.917976
8.643311 114.682905
7.585648 95.340495
7.723503 98.793373
7.936661 100.666708
7.659966 103.446128
7.692719 98.734643
8.500008 116.261387
8.508980 117.499095
9.068939 119.338387
8.241280 107.597841
7.607666 99.742825
8.109604 102.401301
8.287468 108.982964
8.009216 109.681231
8.233452 109.110221
7.663925 102.213047
8.246910 104.109365
8.138397 108.301760
8.203079 114.758346
8.047142 97.590962
8.545761 110.570583
7.949295 111.606790
8.198936 108.086280
8.248650 103.924206
8.013725 104.458848
9.735489 123.747524
7.899033 109.455080
8.433861 111.021164
7.723503 98.793373
8.304863 97.433411
8.180626 111.687313
8.193123 112.420056
9.082649 107.229880
8.941704 120.817326
7.786285 108.244493
7.632797 100.866613
8.259521 101.441350
8.253021 97.290546
7.781181 102.365233
8.157143 99.286531
7.745155 101.887216
7.585648 95.340495
7.266151 89.998393
7.685211 108.002821
8.244759 109.600489
8.207909 111.533667
8.280052 114.960608
8.428116 104.312117
9.735489 123.747524
8.203011 105.658715
7.895988 99.609760
7.697617 111.661872
8.201591 103.590982
7.680496 97.320239
8.452309 119.404973
6.572479 85.115117
8.646744 116.316469
7.724899 94.174627
8.005714 100.428546
7.707893 102.379636
7.949295 111.606790
8.403763 112.584796
6.718712 93.056541
8.132126 104.263883
7.904022 100.891082
8.395134 107.799769
8.297699 108.673823
8.307037 111.301538
7.092361 95.695788
7.968498 105.197090
8.296257 104.524427
9.097733 120.645722
8.334595 109.649107
8.663658 117.996843
7.674797 104.448094
8.429100 109.183324
9.084641 118.477983
6.301781 86.371779
8.183601 111.155195
8.124847 110.427533
8.323059 113.069172
7.767838 95.739211
8.189781 107.312624
8.626694 108.356443
7.980789 104.660316
8.833374 112.281840
8.203079 114.758346
8.379707 113.129583
7.956825 103.295433
9.068893 117.839974
7.196068 89.433192
8.046959 106.615996
9.068390 120.686392
8.092804 107.329882
7.303345 100.562953
8.371925 106.058135
9.934502 119.203739
8.391335 109.791873
8.543335 115.431116
7.629662 98.788355
8.233452 109.110221
8.614563 100.805973
7.536346 102.609237
7.662346 99.938446
8.063301 104.946553
7.780609 104.687475
8.248970 101.430885
7.662346 99.938446
8.339882 111.080414
8.634659 112.398979
7.680496 109.695305
8.056297 113.419099
7.827393 98.552653
8.105919 104.265402
8.371536 109.080261
9.628418 116.449366
7.692146 103.283853
7.626595 98.916949
6.727867 90.253474
8.119675 105.868049
8.202049 103.964641
8.047142 97.590962
8.450294 115.748532
8.256866 104.522447
8.487144 118.422512
8.443062 110.285630
7.874062 106.012097
7.694389 104.718395
8.188522 108.954605
8.092804 107.329882
7.778389 99.933758
7.937782 106.156099
7.415428 100.969164
8.879425 104.561603
8.403763 112.584796
8.728455 118.290094
8.528824 113.760520
8.382683 110.938730
8.240982 104.183686
7.641495 97.485567
7.781181 102.365233
8.157143 99.286531
8.466270 110.116043
8.006699 105.660634
6.537987 88.637776
7.938766 102.230982
7.833458 102.149287
8.553017 115.592123
8.354279 98.593006
6.519516 82.091003
8.221001 107.092572
7.995689 107.270430
8.155998 107.099775
7.536804 101.160501
7.692467 94.469350
8.181839 104.498072
8.384422 106.250343
8.320862 112.670822
8.608635 109.029989
8.132126 104.263883
8.050552 109.249709
9.060928 115.825216
8.472130 112.019356
7.977585 109.128951
8.420975 113.048387
8.642807 113.328191
6.838646 88.313473
8.247826 107.447118
6.024170 82.280757
8.551392 106.429354
8.450844 112.940642
9.090271 115.466786
7.938766 102.230982
8.417793 111.868608
8.366089 103.536314
8.255219 115.596919
8.339035 108.661299
7.877792 102.746144
7.788849 97.862971
7.764519 99.839724
8.683891 111.163974
9.084641 118.477983
6.591751 94.459240
8.318596 112.075334
6.591751 94.459240
8.103722 108.499214
8.266228 110.838986
7.653076 96.536558
6.024170 82.280757
9.054474 113.021832
8.255219 115.596919
7.766006 100.936226
8.354279 98.593006
8.428230 109.249194
8.529213 113.237458
8.158836 102.859940
8.155174 105.690478
7.707985 94.519267
7.854721 101.887319
8.088295 100.087174
8.541412 108.220993
8.339035 108.661299
8.470528 108.604800
7.767838 95.739211
7.102158 95.018119
8.354279 98.593006
7.662346 99.938446
8.520744 112.304261
7.336784 95.634535
8.240982 104.183686
8.088890 105.834469
8.220589 106.897445
7.870651 108.555467
8.587440 112.974942
8.714493 115.029857
8.262108 112.553607
7.693977 99.554400
8.363617 104.486357
7.766006 100.936226
7.529434 101.913918
7.949295 111.606790
9.074272 123.293805
7.826569 107.945175
7.686058 102.957821
8.256203 103.131728
6.773575 87.069681
7.689011 98.045015
7.170113 97.351757
8.481400 107.055652
8.407906 107.729653
7.980492 109.664577
8.574417 108.734301
8.203011 105.658715
8.082367 106.280638
8.723969 109.359885
7.981339 104.935678
8.884827 115.666241
8.718681 113.568210
9.083038 114.234452
8.241280 107.597841
7.692719 101.933727
7.848518 106.761892
8.446266 113.435196
8.458969 115.328418
8.043137 105.825197
8.784988 107.199858
7.945518 108.758011
7.852798 103.744534
8.138283 107.663719
7.994682 101.664877
7.933365 97.443505
8.451324 111.911873
7.694321 101.330909
7.728447 100.136413
7.883263 110.198483
7.937553 113.509353
8.489525 111.044479
8.294518 110.094506
8.204636 111.266622
8.718361 114.308371
8.295227 113.512423
7.854973 107.966826
9.068893 117.839974
8.366638 105.649216
8.081566 104.361437
8.683891 111.163974
8.380119 105.747516
8.247826 107.447118
8.645096 114.464129
8.246315 112.088053
8.054924 97.556144
8.148399 107.503633
7.694778 95.623630
7.693336 100.882570
6.188759 87.561628
7.930115 104.265806
9.218239 115.947825
8.088295 100.087174
8.142883 111.154710
7.985275 108.826095
8.159615 108.368152
8.779861 118.023028
8.572311 113.077599
8.125603 102.818337
8.691696 111.495580
7.786285 108.244493
8.385590 114.678291
8.395134 107.799769
8.240273 114.816689
7.957260 100.318116
8.314499 108.772922
9.094757 113.752201
8.451324 111.911873
8.256866 104.522447
8.861069 115.088894
8.174606 103.592455
8.301590 107.874753
8.189255 105.139073
6.159393 79.606159
8.255058 103.270479
6.838646 88.313473
8.602867 113.273287
7.617851 93.665324
8.280052 114.960608
8.224525 102.863331
8.368492 111.866634
8.289024 113.478097
8.388840 98.687575
8.336586 106.792591
8.191383 98.616824
7.981339 104.935678
8.643311 114.682905
7.697617 111.661872
8.452904 110.655042
8.366638 105.649216
8.575401 120.306347
8.069733 102.658604
8.465561 107.797787
7.781181 102.365233
7.355988 96.666618
7.851814 93.034125
7.688736 96.647297
9.102470 114.845492
7.327789 86.997985
7.680496 97.320239
8.520744 112.304261
7.693977 99.554400
7.585648 95.340495
8.437592 105.629653
7.703201 106.889073
7.974930 105.912885
8.346130 111.442341
7.102158 95.018119
8.941704 120.817326
7.692833 104.628703
8.375725 110.551228
8.877846 113.946674
8.452309 119.404973
7.692719 101.933727
7.703201 106.889073
7.782372 104.994390
8.417793 111.868608
8.065269 102.575757
8.270393 107.888177
8.402664 113.543093
7.788528 103.199191
8.614563 100.805973
7.641495 97.485567
8.197723 109.880169
8.217957 114.855238
8.689499 107.896831
7.883263 110.198483
8.213745 105.185376
7.700157 106.146546
7.415428 100.969164
8.679817 120.596665
7.937553 113.509353
8.089348 104.439660
7.827393 98.552653
8.063301 102.782525
8.427795 115.669678
8.063301 104.946553
8.148811 113.235529
7.968155 97.908179
8.440842 117.437483
7.826569 107.945175
8.600670 107.708950
7.853348 107.172139
8.379707 108.618932
8.315277 114.185903
9.059967 117.456703
7.226852 102.029304
8.213493 110.915852
8.256866 104.522447
7.964012 105.796889
7.849022 104.662489
8.076714 95.391100
7.247475 98.134881
8.498474 110.190862
7.923134 101.343164
7.728447 100.136413
8.016724 101.129935
8.052933 110.409230
8.320862 112.670822
8.241714 106.176402
7.709244 101.404238
7.933365 97.443505
6.712852 92.158902
7.261093 99.122033
7.170113 97.351757
8.000565 107.505800
9.913376 135.452352
7.933479 107.740728
8.331596 106.063650
8.347710 106.103942
8.246315 112.088053
8.330818 108.743923
7.708694 98.514380
8.334412 109.359468
8.092094 106.312832
8.522484 108.100141
8.402664 113.543093
8.038330 98.914663
8.336449 113.231641
8.471718 106.055634
7.866257 105.863716
7.081970 91.737319
7.103714 96.329891
7.854973 107.966826
7.294601 98.414530
7.082726 92.820168
7.923134 101.343164
8.088890 105.834469
8.691696 111.495580
7.836548 106.811048
8.082367 106.280638
7.692146 103.283853
8.363617 104.486357
8.176369 107.163431
8.702156 112.771349
8.030479 95.673896
8.128235 109.294123
8.213493 110.915852
8.520744 112.304261
7.616226 95.072555
8.315277 114.185903
8.418983 118.695167
7.930115 104.265806
8.142883 111.154710
7.664566 100.738786
7.743141 100.277653
7.689537 96.466925
8.450294 115.748532
8.379707 113.129583
8.371925 106.058135
6.882912 86.572599
7.266151 89.998393
8.449860 110.923866
8.082367 106.280638
8.043137 105.825197
7.934601 100.496630
9.088669 117.265167
8.262794 102.680244
7.692467 94.469350
8.204887 105.988988
8.339035 108.661299
7.712608 98.663443
8.328186 113.164360
8.384422 106.250343
7.930115 104.265806
8.372589 113.022581
8.465927 114.336990
7.827393 98.552653
7.099754 102.467044
7.694389 104.718395
8.090515 111.447625
8.629784 112.898737
8.068977 106.359252
8.222969 109.033984
8.456314 112.517282
8.132492 102.906133
8.191063 111.083398
7.936661 100.666708
8.403763 112.584796
7.695831 98.871109
8.679817 120.596665
8.549263 109.884927
7.626595 98.916949
8.494881 120.512472
7.691414 100.019489
7.868362 105.287110
7.883263 110.198483
7.696335 98.086703
8.295227 113.512423
8.595589 111.428495
7.694389 104.718395
8.448463 112.637323
8.375725 110.551228
8.404747 111.188977
6.831367 89.525508
8.215027 112.527839
8.197723 109.880169
7.995346 111.022724
7.822426 106.711534
7.991158 104.985731
7.999809 107.865596
8.180626 111.687313
8.247437 112.254284
8.545280 108.267694
7.529434 101.913918
8.433861 111.021164
7.526390 102.406154
8.427361 112.486265
8.266228 110.838986
8.163185 106.546230
8.277260 105.309725
8.295227 113.512423
7.701233 99.432676
8.535233 118.209721
7.216003 91.961973
8.082367 106.280638
8.481400 107.055652
7.631607 97.104757
7.632797 100.866613
7.715309 104.877423
7.327583 101.304823
7.928169 102.345705
7.774178 104.320041
6.537987 88.637776
7.810341 98.917780
7.404579 100.422498
7.995117 109.703378
9.218239 115.947825
8.100883 111.342096
8.193123 112.420056
7.980492 109.664577
8.241280 107.597841
8.215027 112.527839
7.975388 102.043349
7.240562 92.131206
8.280052 114.960608
8.155930 111.951356
8.615250 114.490492
7.742935 99.515558
8.372589 113.022581
7.921005 102.323833
7.992805 105.705600
8.488037 114.986103
7.784225 98.718591
