2.000000 67.404659 113.194403 21.614915
2.100000 70.776414 114.538509 27.014319
2.200000 73.772446 115.629530 31.915362
2.300000 76.551136 116.606647 36.495625
2.400000 79.239875 117.590890 40.888860
2.500000 81.938832 118.681686 45.195977
2.600000 84.724401 119.955608 49.493195
2.700000 87.652360 121.466756 53.837964
2.800000 90.760737 123.248322 58.273151
2.900000 94.072418 125.314938 62.829898
3.000000 97.597511 127.665509 67.529514
3.100000 101.335478 130.286244 72.384712
3.200000 105.277045 133.153646 77.400443
3.300000 109.405924 136.237306 82.574541
3.400000 113.700337 139.502359 87.898315
3.500000 118.134374 142.911569 93.357180
3.600000 122.679188 146.427018 98.931358
3.700000 127.304038 150.011431 104.596645
3.800000 131.977201 153.629191 110.325211
3.900000 136.666756 157.247091 116.086420
4.000000 141.341246 160.834894 121.847598
4.100000 145.970247 164.365742 127.574751
4.200000 150.524824 167.816470 133.233179
4.300000 154.977916 171.167856 138.787977
4.400000 159.304626 174.404842 144.204409
4.500000 163.482448 177.516743 149.448152
4.600000 167.491430 180.497444 154.485416
4.700000 171.314276 183.345558 159.282993
4.800000 174.936394 186.064461 163.808327
4.900000 178.345910 188.662024 168.029795
5.000000 181.533628 191.149765 171.917492
5.100000 184.492971 193.541077 175.444865
5.200000 187.219878 195.848364 178.591392
5.300000 189.712689 198.079464 181.345914
5.400000 191.972003 200.234543 183.709463
5.500000 194.000521 202.305020 185.696022
5.600000 195.802877 204.275235 187.330519
5.700000 197.385456 206.126068 188.644844
5.800000 198.756213 207.838816 189.673609
5.900000 199.924478 209.398020 190.450935
6.000000 200.900770 210.792857 191.008683
6.100000 201.696604 212.017409 191.375800
6.200000 202.324306 213.070277 191.578335
6.300000 202.796827 213.953908 191.639745
6.400000 203.127570 214.673878 191.581262
6.500000 203.330221 215.238213 191.422229
6.600000 203.418587 215.656802 191.180372
6.700000 203.406448 215.940904 190.871992
6.800000 203.307413 216.102724 190.512102
6.900000 203.134797 216.155072 190.114522
7.000000 202.901498 216.111068 189.691927
7.100000 202.619893 215.983896 189.255890
7.200000 202.301749 215.786601 188.816898
7.300000 201.958135 215.531911 188.384359
7.400000 201.599358 215.232098 187.966619
7.500000 201.234905 214.898852 187.570958
7.600000 200.873396 214.543181 187.203611
7.700000 200.522554 214.175336 186.869773
7.800000 200.189182 213.804741 186.573624
7.900000 199.879150 213.439951 186.318348
8.000000 199.597394 213.088617 186.106171
8.100000 199.347927 212.757464 185.938390
8.200000 199.133856 212.452284 185.815428
8.300000 198.957405 212.177935 185.736874
8.400000 198.819952 211.938354 185.701550
8.500000 198.722070 211.736573 185.707568
8.600000 198.663573 211.574749 185.752397
8.700000 198.643567 211.454189 185.832945
8.800000 198.660510 211.375396 185.945624
8.900000 198.712274 211.338107 186.086441
9.000000 198.796206 211.341340 186.251072
9.100000 198.909198 211.383447 186.434949
9.200000 199.047755 211.462172 186.633339
9.300000 199.208066 211.574703 186.841429
9.400000 199.386070 211.717741 187.054398
9.500000 199.577530 211.887563 187.267496
9.600000 199.778099 212.080091 187.476108
9.700000 199.983390 212.290964 187.675816
9.800000 200.189033 212.515608 187.862458
9.900000 200.390746 212.749315 188.032176
10.000000 200.584384 212.987313 188.181454
10.100000 200.766000 213.224845 188.307154
10.200000 200.931890 213.457234 188.406546
10.300000 201.078641 213.679958 188.477323
10.400000 201.203168 213.888715 188.517620
10.500000 201.302750 214.079481 188.526019
10.600000 201.375059 214.248566 188.501552
10.700000 201.418182 214.392666 188.443697
10.800000 201.430635 214.508899 188.352372
10.900000 201.411381 214.594849 188.227914
11.000000 201.359827 214.648586 188.071068
11.100000 201.275826 214.668694 187.882957
11.200000 201.159668 214.654279 187.665057
11.300000 201.012069 214.604981 187.419157
11.400000 200.834149 214.520970 187.147328
11.500000 200.627408 214.402942 186.851874
11.600000 200.393699 214.252108 186.535289
11.700000 200.135186 214.070172 186.200201
11.800000 199.854315 213.859307 185.849323
11.900000 199.553760 213.622132 185.485389
12.000000 199.236386 213.361674 185.111098
12.100000 198.905190 213.081334 184.729046
12.200000 198.563256 212.784846 184.341666
12.300000 198.213696 212.476237 183.951155
12.400000 197.859597 212.159782 183.559411
12.500000 197.503962 211.839958 183.167966
12.600000 197.149659 211.521399 182.777918
12.700000 196.799358 211.208848 182.389868
12.800000 196.455485 210.907111 182.003859
12.900000 196.120164 210.621004 181.619325
13.000000 195.795174 210.355307 181.235040
13.100000 195.481898 210.114708 180.849087
13.200000 195.181289 209.903747 180.458831
13.300000 194.893831 209.726750 180.060911
13.400000 194.619510 209.587765 179.651256
13.500000 194.357796 209.490479 179.225112
13.600000 194.107622 209.438139 178.777104
13.700000 193.867382 209.433455 178.301309
13.800000 193.634933 209.478504 177.791362
13.900000 193.407605 209.574639 177.240571
14.000000 193.182225 209.722393 176.642057
14.100000 192.955145 209.921398 175.988892
14.200000 192.722292 210.170336 175.274248
14.300000 192.479216 210.466895 174.491537
14.400000 192.221161 210.807780 173.634542
14.500000 191.943141 211.188745 172.697536
14.600000 191.640029 211.604676 171.675381
14.700000 191.306662 212.049711 170.563613
14.800000 190.937953 212.517406 169.358501
14.900000 190.529019 213.000948 168.057090
