2.000000 21842557.801546
2.100000 21799206.358289
2.200000 21743284.810749
2.300000 21686568.872800
2.400000 21631771.723391
2.500000 21577454.783544
2.600000 21539602.384407
2.700000 21509341.677624
2.800000 21479300.160208
2.900000 21452627.655018
3.000000 21427247.675962
3.100000 21406433.872034
3.200000 21389008.367266
3.300000 21369829.015379
3.400000 21352996.433994
3.500000 21337703.991598
3.600000 21326269.188046
3.700000 21316536.039485
3.800000 21305010.371544
3.900000 21292976.463098
4.000000 21281086.891592
4.100000 21272502.275769
4.200000 21262509.436733
4.300000 21252165.642206
4.400000 21240188.341316
4.500000 21230032.776278
4.600000 21224119.601680
4.700000 21219130.704957
4.800000 21213952.015765
4.900000 21208334.908497
5.000000 21203456.582168
5.100000 21198510.386345
5.200000 21193622.972452
5.300000 21189438.198756
5.400000 21185880.742173
5.500000 21182601.348122
5.600000 21179386.973629
5.700000 21176001.052554
5.800000 21170004.843228
5.900000 21167160.720379
6.000000 21164756.162943
6.100000 21161944.774215
6.200000 21160487.441903
6.300000 21157745.257157
6.400000 21155724.281395
6.500000 21153929.493598
6.600000 21152107.224251
6.700000 21151137.124015
6.800000 21150189.927777
6.900000 21150746.086288
7.000000 21151516.567111
7.100000 21150110.792807
7.200000 21149607.957428
7.300000 21148764.936727
7.400000 21148599.793029
7.500000 21148351.873130
7.600000 21148113.390016
7.700000 21151297.595169
7.800000 21152770.484929
7.900000 21153043.317360
8.000000 21153225.973424
8.100000 21153349.002700
8.200000 21153454.980070
8.300000 21153571.808015
8.400000 21153713.413892
8.500000 21153885.525420
8.600000 21154088.961731
8.700000 21154320.131099
8.800000 21154566.784951
8.900000 21154784.209573
9.000000 21154753.542158
9.100000 21154245.319410
9.200000 21154549.061510
9.300000 21154970.782635
9.400000 21155398.513391
9.500000 21155842.155052
9.600000 21156304.054069
9.700000 21156783.918073
9.800000 21157280.649936
9.900000 21157792.895372
10.000000 21158319.236628
10.100000 21158858.274502
10.200000 21159408.668497
10.300000 21159969.157970
10.400000 21160538.572849
10.500000 21161115.837686
10.600000 21161699.971168
10.700000 21162290.082506
10.800000 21162885.365803
10.900000 21163485.093276
11.000000 21164088.607989
11.100000 21164695.316581
11.200000 21165304.682311
11.300000 21165916.218632
11.400000 21166529.483388
11.500000 21167144.073653
11.600000 21167759.621224
11.700000 21168375.788699
11.800000 21168992.266098
11.900000 21169608.767952
12.000000 21170225.030807
12.100000 21170840.811073
12.200000 21171455.883174
12.300000 21172070.037944
12.400000 21172683.081237
12.500000 21173294.832705
12.600000 21173905.124733
12.700000 21174513.801485
12.800000 21175120.718065
12.900000 21175725.739757
13.000000 21176328.741342
13.100000 21176929.606480
13.200000 21177528.227142
13.300000 21178124.503095
13.400000 21178718.341422
13.500000 21179309.656083
13.600000 21179898.367505
13.700000 21180484.402198
13.800000 21181067.692406
13.900000 21181648.175772
14.000000 21182225.795024
14.100000 21182800.497690
14.200000 21183372.235816
14.300000 21183940.965714
14.400000 21184506.647719
14.500000 21185069.245955
14.600000 21185628.728124
14.700000 21186185.065302
14.800000 21186738.231746
14.900000 21187288.204709
15.000000 21187834.964275
