8.027733 99.876874
7.358620 91.491557
7.447609 90.713932
7.681458 87.741901
7.498512 89.820115
7.300964 89.067405
7.251160 88.108652
7.339027 87.434205
7.607094 94.901721
7.613297 91.556351
7.592491 93.147749
8.423424 100.349954
7.104103 89.044920
7.510002 89.672552
7.131432 87.560072
7.657928 88.939821
7.327698 88.722800
7.560196 90.569299
7.676834 97.851662
7.664658 93.319322
7.389381 86.946329
7.668823 94.484010
7.120720 88.700631
7.614372 92.458520
7.696930 93.352238
7.634102 93.023663
7.131432 87.560072
7.236603 90.288421
7.504578 86.466807
7.287186 89.243808
6.720612 81.576259
7.448982 92.045983
7.306297 92.811762
7.407417 89.640996
7.424767 93.580802
7.429413 90.406246
7.614693 93.241081
7.329918 88.498364
7.605148 90.385728
7.682510 95.659350
7.443535 94.223450
7.700867 93.931148
7.670677 93.955882
7.402473 90.203439
8.203743 102.876168
7.670609 97.098908
7.414650 92.822517
7.327286 87.786215
7.693657 96.478182
7.595879 93.536911
7.662392 89.593063
7.556763 95.615587
7.606659 96.057300
7.479401 90.501315
7.286499 89.562325
7.614693 93.241081
7.093964 82.662364
7.639206 92.662062
8.425713 103.479171
7.756874 94.307232
7.649689 95.332499
7.417946 90.716464
7.717506 94.361789
8.205940 100.393006
7.635155 91.232805
7.608650 90.426677
7.517372 89.194255
8.081772 98.236431
7.634331 100.180732
7.619362 87.887739
7.406960 88.818612
7.663994 97.465996
7.670860 92.957034
7.574707 88.891767
7.092270 85.285934
7.695351 95.560387
7.605217 95.442157
7.694710 95.403424
7.511009 91.511405
7.628838 93.409784
7.269493 84.709161
6.720612 81.576259
7.641769 92.664431
7.606247 89.524684
7.653763 90.129908
7.320511 89.975801
7.622040 92.257827
7.331703 86.708424
7.489861 87.636903
7.479401 90.501315
7.307877 85.004133
7.677406 97.260359
7.616959 91.327487
7.338203 85.150311
7.714577 92.076197
7.536209 87.281597
7.534126 91.002034
7.709335 91.733249
7.413139 89.066710
7.414375 86.358011
7.281830 84.531049
7.648865 90.378016
7.675598 91.422927
7.628838 93.409784
7.302864 88.045356
7.642685 95.526316
7.374229 89.574700
7.511856 86.792608
7.560104 92.659486
7.556122 92.619847
7.646576 91.576617
7.657036 93.939061
7.715378 90.259452
7.131432 87.560072
7.645775 92.304411
7.627556 88.296047
7.602058 92.325254
7.684227 88.869561
7.086296 87.964177
7.535385 89.188061
6.928734 82.851532
7.437126 89.531421
7.451317 89.778465
7.678276 94.172010
7.653351 89.483364
7.656418 93.542104
7.610985 88.896228
7.649094 91.341607
7.393524 91.532963
7.665756 92.699570
7.091721 82.531820
7.589996 92.248273
7.683952 96.884022
7.352806 90.593445
7.682602 92.778474
7.273911 86.401587
7.818192 98.546187
8.616051 101.492298
7.594437 92.903764
8.226379 96.442390
7.973465 96.636022
7.560104 92.659486
7.660240 94.629936
7.582741 88.568693
7.713409 97.938197
7.305382 87.046527
7.644722 95.209203
7.325249 91.780552
7.626503 93.403713
7.491074 89.666827
7.729843 94.090325
7.401855 89.249095
7.399750 91.570622
7.644722 95.209203
7.327789 88.052213
7.637993 92.018495
7.456444 89.993118
7.649460 96.610028
8.205940 100.393006
7.236923 89.822247
7.637283 93.592966
7.658020 89.790280
7.700867 93.931148
7.473312 90.451756
7.657150 96.098565
7.587776 88.771020
7.679581 93.692771
6.858856 84.476337
8.181175 101.837898
7.496567 93.013755
7.685783 92.234973
7.239830 91.860349
7.701668 89.092985
7.620552 89.429195
7.665825 97.522733
7.311356 87.584460
7.251228 86.912140
7.521515 96.447622
7.406960 88.818612
7.654655 95.263099
7.377411 93.293514
7.490845 95.527277
7.468506 92.174420
7.626801 92.281659
7.986534 93.146491
7.725494 91.912468
7.638977 94.284991
7.683678 92.675311
7.592995 91.846415
8.027733 99.876874
7.769783 96.023353
7.669510 92.841552
7.663651 94.514011
7.617851 91.056387
7.380844 90.395662
7.518974 93.091206
7.924667 99.112390
7.603271 93.318000
8.076164 98.634027
7.923912 96.784103
7.336967 87.110400
7.653351 89.483364
7.756874 94.307232
6.729469 82.710824
7.294991 88.176101
7.325432 85.269114
7.358620 91.491557
8.270828 101.036821
7.592194 89.053928
7.417534 89.262421
7.226601 86.333227
7.669899 93.074173
7.282951 89.987236
7.100372 88.149604
7.473244 89.934672
7.622314 94.864795
7.696838 100.005406
7.379745 91.874586
7.563148 94.571249
7.481323 88.052250
7.610573 96.337026
7.597343 93.625920
7.717529 94.005750
7.648888 91.701782
7.300964 89.067405
7.343765 91.266012
7.760925 94.193936
7.691231 92.632866
7.239418 92.585270
7.438889 88.829999
7.617531 98.788074
7.676834 97.851662
7.453308 89.138078
7.649460 96.610028
7.637466 92.096392
7.337448 91.147000
7.322983 87.581228
7.647446 92.692389
7.338089 93.570455
8.076164 98.634027
7.656693 97.586479
7.695763 93.958457
7.687752 86.137253
7.431198 89.653084
7.331703 86.708424
7.393524 91.532963
7.487595 91.200263
7.696815 92.909804
7.594574 89.682041
7.101837 82.803544
7.673035 94.247100
7.682922 92.404423
7.321838 90.619072
8.086166 95.803902
7.429619 89.866668
8.203743 102.876168
7.420624 91.204253
7.402840 89.450721
7.396065 89.557212
8.036133 99.966405
7.346420 92.873847
7.624557 94.322403
7.623024 94.479594
7.449829 90.663834
7.683998 94.604601
7.239830 91.860349
7.663651 94.514011
7.566078 93.668060
7.717506 94.361789
7.453308 89.138078
7.522705 91.347648
7.414375 86.358011
7.407417 89.640996
7.398880 90.358213
7.571388 93.980760
7.675667 88.219925
7.639252 91.411613
7.713409 97.938197
7.635155 94.945565
7.346420 92.873847
8.388542 102.918037
7.584023 96.077515
7.592194 89.053928
7.451317 89.778465
7.623024 94.479594
7.622040 92.257827
7.645775 92.189901
8.620010 108.716017
7.512634 94.600503
7.605492 95.039417
7.321838 90.619072
7.703247 90.502075
7.610184 93.682059
7.653351 89.483364
7.036743 86.341641
7.603935 92.698201
7.605148 90.385728
8.055450 99.641338
7.669281 92.198474
7.404785 91.010743
7.643005 92.592150
7.455734 90.355644
7.633095 96.386867
7.373428 89.007474
8.020683 96.479815
7.669304 90.308756
7.229942 84.263973
7.651909 91.858413
7.380844 90.395662
7.693657 96.478182
7.676834 89.368522
7.252167 88.789364
7.664886 92.963393
7.302864 88.045356
7.660629 90.787612
9.211075 115.445134
7.704666 93.725826
7.625793 88.933233
7.639252 91.411613
7.081993 87.912738
7.687683 93.401183
7.104103 89.044920
7.667061 94.117782
7.683952 96.884022
7.479286 94.035809
7.263931 89.260941
7.641129 90.692702
7.234795 86.483872
7.030907 85.668655
7.951538 96.103819
7.628471 91.778211
7.312065 86.017435
7.446556 88.488060
7.257706 91.585624
7.519547 88.709644
7.306938 88.560171
7.521515 96.447622
7.818192 98.546187
7.697365 93.277971
7.666740 91.335915
7.395950 87.826379
7.696815 92.909804
7.096275 89.111203
7.625793 88.933233
7.327789 88.052213
7.426094 91.712520
7.580475 90.910806
7.673195 95.681359
7.657928 88.939821
7.600227 91.813668
7.636665 91.940643
7.641678 91.383483
7.433327 89.726045
7.658020 89.790280
7.720871 92.551350
7.665161 90.212798
7.635704 86.746171
7.491074 89.666827
7.429413 90.406246
7.741470 89.100792
7.339485 88.788358
7.668823 94.484010
7.678436 93.048685
7.373428 89.007474
7.654335 91.054524
7.540672 92.697381
7.691231 92.632866
7.693657 96.478182
7.380409 89.975790
7.602058 92.325254
7.336967 87.110400
7.676376 95.789526
7.669899 93.074173
7.406960 88.818612
7.610184 93.682059
7.808304 97.002670
7.519547 88.709644
7.603271 93.318000
7.251160 88.108652
7.489861 87.636903
7.800339 95.322091
8.155678 100.916629
7.640739 92.247273
7.362831 90.389873
7.407944 82.503348
7.464066 86.605629
7.327286 87.786215
7.590431 97.202445
7.667610 91.225611
7.560196 90.569299
7.698807 93.575792
7.643005 92.592150
7.637283 93.592966
7.594254 91.580228
7.371986 89.198186
7.600227 91.813668
7.661980 93.124502
7.885918 97.246484
7.539368 93.308791
9.047493 115.223130
7.545135 90.371991
7.402473 90.203439
7.728882 97.047046
8.693573 105.619351
7.718102 90.133878
7.560059 89.821959
7.608650 90.426677
7.271622 89.063303
7.691162 95.346923
8.027733 99.876874
7.269722 85.790917
7.233925 86.604587
7.653763 90.129908
7.308632 88.772293
8.189095 99.175952
7.571915 88.232733
7.662025 90.585100
7.664520 92.001551
7.430717 90.209610
7.345505 87.706319
7.637993 92.018495
7.603592 90.779359
7.683998 94.604601
7.334518 86.449640
7.678505 96.141135
7.406960 88.818612
7.716064 98.030070
7.388054 89.586203
7.252167 88.789364
7.652206 92.461229
7.453308 89.465858
6.968216 82.795076
7.678322 90.983315
7.107925 85.637196
7.116783 82.977580
7.468506 92.174420
7.645775 92.304411
7.560104 92.659486
7.616959 91.327487
7.648338 92.766144
7.706909 90.680048
7.676376 95.789526
7.401855 89.249095
7.741470 89.100792
7.624237 89.889042
7.642914 91.919181
7.309982 84.368734
7.744148 96.259053
7.596542 89.968089
7.275169 90.177936
8.545624 103.928351
7.093025 86.635633
7.666168 91.919585
7.450241 90.922046
7.681297 92.043000
9.055824 105.610359
7.261322 90.144219
7.512634 94.600503
7.642639 91.378007
7.556763 95.615587
7.682510 90.241628
7.251228 86.912140
7.420418 89.304858
7.592491 93.147749
7.635155 91.232805
7.366127 89.711617
8.451118 99.614194
7.325249 91.780552
7.421173 91.699474
7.725494 91.912468
7.461891 92.711675
7.628471 91.778211
8.569313 105.252413
7.437126 89.531421
7.683998 94.604601
7.670609 97.098908
7.441040 86.259129
7.726868 95.968316
7.449829 90.663834
7.894432 98.867969
7.706909 90.680048
7.618149 97.856775
8.161079 97.495627
7.626801 92.281659
7.261322 90.144219
8.434067 100.637542
8.289780 104.401183
7.632156 93.977563
7.641197 89.713527
7.670906 93.566894
7.384369 97.600750
7.627441 98.839750
7.593704 89.680498
7.239418 92.585270
7.627853 90.023060
7.602058 92.325254
7.664886 92.963393
7.305382 87.046527
7.306938 88.560171
7.465508 90.881386
7.623344 88.657832
7.605217 95.442157
7.265671 91.297386
7.647469 91.249047
8.226791 100.094900
7.648865 90.378016
7.486954 90.122673
7.251228 86.912140
7.663651 94.514011
8.569313 105.252413
7.246948 87.423723
7.481323 88.052250
7.090279 88.165141
6.807747 80.561853
7.678322 90.983315
7.683678 92.675311
7.760925 94.193936
7.885918 97.246484
7.464066 86.605629
8.706345 106.275807
7.630325 96.450200
7.308815 90.436306
7.675552 93.575720
8.921448 106.715615
7.617531 98.788074
7.594185 91.601468
7.629158 95.484229
7.655960 95.079163
7.649185 92.413552
7.628471 91.778211
7.379837 88.852582
7.672623 91.308279
7.691643 93.542163
7.672279 90.690611
7.629021 92.584731
7.522064 91.178368
7.311356 87.584460
7.697685 99.970854
7.300964 89.067405
8.059273 104.066392
7.309982 84.368734
7.489861 87.636903
7.402840 89.450721
7.091721 82.531820
7.674889 93.642541
7.648338 92.766144
7.347931 88.075822
7.321838 90.619072
7.575119 93.817664
7.379745 91.874586
7.627625 88.167674
7.322548 87.329695
7.271507 88.942295
7.298264 90.748356
7.384872 91.137050
7.610207 93.032431
7.271278 87.104278
7.676376 95.789526
7.338089 93.570455
6.719101 80.088250
7.482536 92.425061
7.393524 91.532963
7.620598 95.184352
6.807747 80.561853
7.664658 93.319322
7.107857 83.360385
7.236603 90.288421
7.628471 91.778211
7.628471 91.778211
7.371986 89.198186
7.404671 91.146521
7.652893 93.701464
7.717964 93.651559
7.327698 88.722800
7.691643 93.542163
7.173637 87.133668
7.263931 89.260941
7.337105 86.874765
6.858856 84.476337
7.648338 92.766144
7.498878 90.053460
7.691643 93.542163
7.670357 91.906361
7.652893 93.701464
7.689720 93.425648
7.275169 90.177936
7.717506 94.361789
7.433578 90.212677
7.678505 96.141135
7.623848 92.142260
7.665390 92.426434
7.651062 95.752985
7.338203 85.150311
7.618996 90.867907
7.261322 90.144219
7.447884 88.170735
7.621078 94.040446
7.091721 82.531820
7.455002 91.442198
7.714577 92.076197
7.543350 90.208811
7.347931 88.075822
7.701736 95.725194
7.728882 97.047046
7.678322 90.983315
7.394714 91.464124
7.306297 92.811762
7.632065 93.087590
7.622040 92.257827
7.329689 88.268507
7.638748 91.355797
7.483978 89.177135
7.403687 88.685915
7.286636 91.857478
8.706345 106.275807
7.663651 94.514011
7.388580 91.635176
7.662117 94.332798
7.379837 88.852582
7.639526 90.081633
7.586449 89.288446
7.270020 90.690026
7.582741 88.568693
7.640350 91.164979
7.664886 92.963393
7.306938 88.560171
8.567070 107.019451
7.645111 85.635995
7.674568 94.068649
7.607094 94.901721
7.594574 89.682041
7.646484 96.310505
7.681618 92.001848
7.681618 92.001848
7.644287 96.561758
7.318863 89.441050
7.638565 91.432796
7.252373 88.041586
7.644424 91.002991
7.760925 94.193936
7.342049 87.584000
7.682922 92.404423
7.637993 92.018495
7.281830 84.531049
7.321838 90.619072
7.388054 89.586203
7.274048 89.241237
7.534126 91.002034
7.595879 93.536911
7.682510 90.241628
7.677406 97.260359
7.632065 93.087590
7.327789 88.052213
7.688576 94.555378
7.651909 91.858413
7.670357 91.906361
7.574707 88.891767
7.285950 83.283646
7.324471 87.159744
7.299683 88.219752
7.639526 90.081633
7.271622 89.063303
7.628242 96.985249
7.643829 93.919357
7.345505 87.706319
7.676834 97.851662
7.608788 90.614363
7.720161 94.205622
7.448982 92.045983
7.654335 91.054524
7.547287 95.636387
7.354729 94.155543
7.263359 88.963247
7.637993 92.018495
7.379791 91.642429
7.631950 93.129719
7.644150 91.882546
7.462898 88.671981
7.622040 92.257827
7.267250 89.009854
7.339027 87.434205
7.586449 89.288446
7.623848 92.142260
7.513138 87.962327
7.234795 86.483872
7.641129 90.692702
7.595764 93.277411
7.589996 92.248273
7.664886 92.963393
7.285080 89.166635
7.618996 90.867907
7.215820 86.801879
8.921448 106.715615
7.644287 96.561758
7.718102 90.133878
7.348137 90.138843
7.354729 94.155543
7.494873 92.966180
7.638748 91.355797
7.414101 88.057747
7.622108 96.943481
6.807747 80.561853
7.644150 92.708812
7.678505 96.141135
7.448982 92.045983
7.699310 90.390870
7.489861 87.636903
7.491074 89.666827
7.268417 90.770854
7.092270 85.285934
6.730110 79.658292
7.813499 91.836582
7.246948 88.241573
7.036743 86.341641
7.447884 88.170735
7.271507 88.942295
7.738678 94.580935
7.716156 97.127288
7.286636 91.857478
7.580475 90.910806
7.700890 92.999696
7.441040 86.259129
7.081993 87.912738
7.570839 93.946942
7.102478 89.152594
7.672279 90.690611
7.621078 94.040446
7.251160 88.108652
7.643349 94.275490
7.384415 90.636248
7.338066 90.814733
7.639206 92.662062
7.610184 93.682059
7.545135 90.371991
7.644722 95.209203
7.087074 84.588270
7.973465 96.636022
8.189095 99.175952
6.928734 82.851532
7.399750 91.570622
7.307877 85.004133
7.640739 92.247273
7.803864 93.733622
7.633186 92.339478
7.703201 96.456578
7.346420 92.873847
7.437126 89.531421
7.680885 93.634541
7.664658 93.319322
7.587776 88.771020
7.703247 90.502075
6.848007 81.327089
7.215820 86.801879
7.016373 89.556800
7.683998 94.604601
7.678276 94.172010
7.652206 92.461229
7.702629 96.347813
7.698967 92.801961
8.059273 104.066392
7.665756 92.699570
7.312065 86.017435
7.556763 95.615587
7.685143 91.840742
7.424767 93.580802
7.404785 91.010743
7.695213 95.598971
7.644287 96.561758
7.631950 93.129719
7.570061 93.191626
7.489975 89.378980
7.308632 88.772293
7.595879 93.536911
7.679214 92.347198
7.675026 97.381225
7.665665 93.013613
7.370911 85.892051
8.270828 101.036821
7.671890 95.059157
7.338066 90.814733
7.651840 97.591945
7.629158 95.484229
7.594437 92.903764
7.523666 92.028583
7.526939 92.641526
7.597343 93.625920
7.662025 90.585100
7.701050 95.716239
7.660355 93.650262
7.635704 86.746171
7.233925 86.604587
7.481323 88.052250
7.236603 90.288421
7.420624 91.204253
8.361855 103.263669
7.649597 96.193385
7.710892 90.702972
7.635956 89.462279
9.069237 106.165529
7.322983 87.581228
7.570839 93.946942
7.412544 91.811237
7.379745 91.874586
7.384369 97.600750
7.641403 94.083470
7.631630 94.593296
7.641769 92.664431
7.657036 93.939061
7.623344 88.657832
7.640350 91.164979
7.729843 94.090325
7.271507 88.942295
7.091789 90.747722
7.668823 94.484010
7.709656 90.711800
8.370003 97.632752
7.318153 88.700307
7.249741 89.873804
7.274048 89.241237
8.706345 106.275807
7.741470 89.100792
7.701668 89.092985
7.560059 89.821959
7.720963 96.757350
7.093025 86.635633
7.395950 87.826379
7.618286 94.208611
7.322983 87.581228
7.808304 97.002670
7.614922 92.227176
7.614784 95.954325
7.651909 91.858413
6.968216 82.795076
7.675667 88.219925
8.288567 104.234631
7.648338 92.766144
7.388580 91.635176
7.089798 87.030566
7.384369 88.204492
7.696404 94.167330
7.669304 90.308756
7.325912 91.773236
7.300964 89.067405
7.618996 90.867907
7.378990 85.873715
7.410187 90.213502
7.404671 91.146521
7.663994 97.465996
7.274437 86.472562
7.666740 91.335915
7.610184 93.682059
7.729843 94.090325
7.563148 94.571249
7.701668 89.092985
7.714348 94.372670
7.669304 90.308756
7.615494 93.914102
7.321838 90.619072
7.676376 95.789526
7.645775 92.304411
7.461891 92.711675
7.270020 90.690026
7.645111 85.635995
7.590019 94.032201
7.647446 92.692389
7.296524 87.192905
8.236862 99.465148
7.413139 89.066710
8.226791 100.094900
7.670609 97.098908
7.626801 92.281659
7.603592 90.779359
7.608650 90.426677
7.580292 95.527208
7.596542 89.968089
7.649185 92.413552
7.327286 87.786215
7.325432 85.269114
7.267570 86.628627
7.346008 91.381215
7.107925 85.637196
7.450241 90.922046
7.173637 87.133668
8.288567 104.234631
7.352303 89.601364
7.408768 89.759497
7.332619 87.881799
7.560059 89.821959
7.419479 92.836597
7.521149 84.802933
7.333969 88.929175
7.568573 90.021264
7.745041 93.724036
7.664658 93.319322
7.464432 89.946319
7.575119 93.817664
8.189095 99.175952
7.683998 94.604601
7.575119 93.817664
8.785515 103.151769
7.351273 86.881015
7.670357 91.906361
7.673927 92.903408
7.543350 90.208811
8.791008 104.075768
7.351227 88.753817
7.702606 98.293992
7.398148 91.307784
7.107925 85.637196
7.659782 94.664306
7.691643 93.542163
7.380409 89.975790
8.020683 96.479815
7.454430 90.866080
7.348251 91.737560
7.682487 96.194250
7.667519 97.273276
7.640350 91.164979
7.578644 91.268085
7.343765 91.266012
7.366127 89.711617
7.294991 88.176101
7.662323 91.364092
6.928734 82.851532
7.550903 90.864078
7.647469 91.249047
7.610481 91.107371
7.284920 87.967210
7.639778 89.497657
7.709106 92.728170
7.104103 89.044920
7.383018 88.271156
7.681618 92.001848
7.656693 97.586479
7.628242 96.985249
7.680885 93.634541
7.556122 92.619847
7.429413 90.406246
7.519547 88.709644
7.696930 93.352238
7.684410 95.796110
7.307877 85.004133
7.384277 92.137042
7.414101 88.057747
7.673950 96.342568
7.102478 89.152594
7.356926 89.008731
7.468506 92.174420
7.617966 89.728992
7.656418 93.542104
7.702629 96.347813
7.339485 88.788358
8.378082 101.806071
7.677612 92.189300
7.684090 95.389971
8.161079 97.495627
7.800339 95.322091
9.212334 116.356962
7.670677 93.955882
7.676834 97.851662
7.437126 89.531421
7.670609 97.098908
7.435570 88.745630
7.672279 95.590859
7.306297 92.811762
7.684410 95.796110
7.233925 86.604587
7.307625 89.986246
7.403503 90.878118
7.678734 93.741678
8.027733 99.876874
7.251228 86.912140
7.986534 93.146491
7.659531 94.329016
7.700867 93.931148
7.448982 92.045983
7.358620 91.491557
7.633209 92.706744
7.337448 91.147000
7.607094 94.901721
7.417946 90.716464
8.029198 95.601641
7.629158 95.484229
7.695557 94.646122
7.653694 94.458661
7.306938 88.560171
7.485237 91.313310
7.670677 93.955882
7.318863 89.441050
7.610481 91.107371
7.657928 88.939821
7.408768 89.759497
8.021004 98.689615
8.055450 99.641338
7.380409 89.975790
7.639206 92.662062
7.329666 88.213066
7.714577 92.076197
7.635956 89.462279
7.666168 91.919585
