2.000000 185.196333 193.660825 176.731841
2.100000 185.213867 193.667117 176.760617
2.200000 185.231400 193.673525 176.789276
2.300000 185.248934 193.680050 176.817818
2.400000 185.266468 193.686692 176.846244
2.500000 185.284002 193.693451 176.874552
2.600000 185.301535 193.700329 176.902742
2.700000 185.319069 193.707324 176.930813
2.800000 185.336603 193.714439 176.958766
2.900000 185.354136 193.721673 176.986599
3.000000 185.371670 193.729027 177.014313
3.100000 185.389204 193.736501 177.041906
3.200000 185.406737 193.744096 177.069379
3.300000 185.424271 193.751812 177.096731
3.400000 185.441805 193.759649 177.123961
3.500000 185.459339 193.767608 177.151069
3.600000 185.476872 193.775690 177.178055
3.700000 185.494406 193.783894 177.204918
3.800000 185.511940 193.792222 177.231657
3.900000 185.529473 193.800673 177.258274
4.000000 185.547007 193.809248 177.284766
4.100000 185.564541 193.817948 177.311134
4.200000 185.582075 193.826772 177.337377
4.300000 185.599608 193.835722 177.363495
4.400000 185.617142 193.844797 177.389487
4.500000 185.634676 193.853999 177.415353
4.600000 185.652209 193.863326 177.441093
4.700000 185.669743 193.872781 177.466706
4.800000 185.687277 193.882362 177.492192
4.900000 185.704811 193.892071 177.517550
5.000000 185.722344 193.901908 177.542781
5.100000 185.739878 193.911873 177.567883
5.200000 185.757412 193.921967 177.592857
5.300000 185.774945 193.932189 177.617702
5.400000 185.792479 193.942541 177.642417
5.500000 185.810013 193.953022 177.667003
5.600000 185.827547 193.963634 177.691459
5.700000 185.845080 193.974376 177.715785
5.800000 185.862614 193.985248 177.739980
5.900000 185.880148 193.996251 177.764044
6.000000 185.897681 194.007386 177.787977
6.100000 185.915215 194.018652 177.811778
6.200000 185.932749 194.030050 177.835448
6.300000 185.950283 194.041580 177.858985
6.400000 185.967816 194.053243 177.882390
6.500000 185.985350 194.065038 177.905662
6.600000 186.002884 194.076967 177.928801
6.700000 186.020417 194.089028 177.951807
6.800000 186.037951 194.101224 177.974679
6.900000 186.055485 194.113553 177.997417
7.000000 186.073019 194.126016 178.020021
7.100000 186.090552 194.138614 178.042491
7.200000 186.108086 194.151346 178.064826
7.300000 186.125620 194.164213 178.087026
7.400000 186.143153 194.177215 178.109092
7.500000 186.160687 194.190353 178.131021
7.600000 186.178221 194.203626 178.152816
7.700000 186.195755 194.217035 178.174474
7.800000 186.213288 194.230579 178.195997
7.900000 186.230822 194.244260 178.217384
8.000000 186.248356 194.258078 178.238634
8.100000 186.265889 194.272032 178.259747
8.200000 186.283423 194.286122 178.280724
8.300000 186.300957 194.300350 178.301564
8.400000 186.318491 194.314714 178.322267
8.500000 186.336024 194.329216 178.342832
8.600000 186.353558 194.343855 178.363260
8.700000 186.371092 194.358632 178.383551
8.800000 186.388625 194.373547 178.403704
8.900000 186.406159 194.388599 178.423719
9.000000 186.423693 194.403789 178.443596
9.100000 186.441227 194.419118 178.463335
9.200000 186.458760 194.434584 178.482936
9.300000 186.476294 194.450189 178.502399
9.400000 186.493828 194.465933 178.521723
9.500000 186.511361 194.481814 178.540908
9.600000 186.528895 194.497835 178.559955
9.700000 186.546429 194.513994 178.578864
9.800000 186.563962 194.530292 178.597633
9.900000 186.581496 194.546728 178.616264
10.000000 186.599030 194.563303 178.634756
10.100000 186.616564 194.580018 178.653109
10.200000 186.634097 194.596871 178.671324
10.300000 186.651631 194.613863 178.689399
10.400000 186.669165 194.630995 178.707335
10.500000 186.686698 194.648265 178.725132
10.600000 186.704232 194.665674 178.742790
10.700000 186.721766 194.683223 178.760309
10.800000 186.739300 194.700910 178.777689
10.900000 186.756833 194.718737 178.794930
11.000000 186.774367 194.736702 178.812032
11.100000 186.791901 194.754807 178.828995
11.200000 186.809434 194.773050 178.845819
11.300000 186.826968 194.791433 178.862504
11.400000 186.844502 194.809954 178.879050
11.500000 186.862036 194.828614 178.895457
11.600000 186.879569 194.847413 178.911725
11.700000 186.897103 194.866351 178.927855
11.800000 186.914637 194.885427 178.943846
11.900000 186.932170 194.904642 178.959699
12.000000 186.949704 194.923996 178.975413
12.100000 186.967238 194.943488 178.990988
12.200000 186.984772 194.963118 179.006426
12.300000 187.002305 194.982886 179.021725
12.400000 187.019839 195.002792 179.036886
12.500000 187.037373 195.022836 179.051909
12.600000 187.054906 195.043018 179.066794
12.700000 187.072440 195.063338 179.081542
12.800000 187.089974 195.083795 179.096152
12.900000 187.107508 195.104390 179.110625
13.000000 187.125041 195.125122 179.124961
13.100000 187.142575 195.145991 179.139159
13.200000 187.160109 195.166996 179.153221
13.300000 187.177642 195.188139 179.167146
13.400000 187.195176 195.209418 179.180935
13.500000 187.212710 195.230833 179.194587
13.600000 187.230244 195.252384 179.208103
13.700000 187.247777 195.274072 179.221483
13.800000 187.265311 195.295895 179.234727
13.900000 187.282845 195.317853 179.247836
14.000000 187.300378 195.339947 179.260810
14.100000 187.317912 195.362176 179.273648
14.200000 187.335446 195.384540 179.286352
14.300000 187.352980 195.407038 179.298921
14.400000 187.370513 195.429670 179.311356
14.500000 187.388047 195.452437 179.323657
14.600000 187.405581 195.475337 179.335824
14.700000 187.423114 195.498371 179.347858
14.800000 187.440648 195.521538 179.359758
14.900000 187.458182 195.544838 179.371525
