2.000000 21743568.928777
2.100000 21695463.821240
2.200000 21651690.242138
2.300000 21605094.170483
2.400000 21557483.505470
2.500000 21509939.100635
2.600000 21470938.308076
2.700000 21437731.420966
2.800000 21407701.780530
2.900000 21380995.671370
3.000000 21357398.645433
3.100000 21335542.676828
3.200000 21314461.959966
3.300000 21296669.395218
3.400000 21281065.991322
3.500000 21265766.757221
3.600000 21250404.908790
3.700000 21234159.056629
3.800000 21221428.679789
3.900000 21211761.500307
4.000000 21202662.958034
4.100000 21191320.721778
4.200000 21182366.972543
4.300000 21174668.772355
4.400000 21167933.844010
4.500000 21159197.265610
4.600000 21152045.490957
4.700000 21145445.168170
4.800000 21139055.187300
4.900000 21132854.377236
5.000000 21127181.434897
5.100000 21121952.353062
5.200000 21117120.676275
5.300000 21112757.016402
5.400000 21108860.162392
5.500000 21105408.052454
5.600000 21102338.071396
5.700000 21099606.864296
5.800000 21095802.562567
5.900000 21093571.916700
6.000000 21091876.820165
6.100000 21090281.765660
6.200000 21089171.501006
6.300000 21087120.772153
6.400000 21085276.541788
6.500000 21083890.851626
6.600000 21082643.721380
6.700000 21081758.372900
6.800000 21080587.088640
6.900000 21080519.950457
7.000000 21080105.171070
7.100000 21078907.727997
7.200000 21078075.758076
7.300000 21077002.268416
7.400000 21076299.317209
7.500000 21075503.191746
7.600000 21074763.082688
7.700000 21076125.291752
7.800000 21075009.220454
7.900000 21074582.695257
8.000000 21074343.681293
8.100000 21074206.514813
8.200000 21074138.564960
8.300000 21074137.346866
8.400000 21074211.181219
8.500000 21074365.697444
8.600000 21074591.571284
8.700000 21074863.519004
8.800000 21075152.533614
8.900000 21075431.314602
9.000000 21075606.480734
9.100000 21076432.377993
9.200000 21076853.793116
9.300000 21077127.833688
9.400000 21077430.361836
9.500000 21077753.002571
9.600000 21078093.020551
9.700000 21078448.875260
9.800000 21078819.367188
9.900000 21079203.421701
10.000000 21079600.022623
10.100000 21080008.191472
10.200000 21080426.983200
10.300000 21080855.488237
10.400000 21081292.836521
10.500000 21081738.201543
10.600000 21082190.803495
10.700000 21082649.911154
10.800000 21083114.842477
10.900000 21083584.964037
11.000000 21084059.689517
11.100000 21084538.477501
11.200000 21085020.828799
11.300000 21085506.283508
11.400000 21085994.417967
11.500000 21086484.841751
11.600000 21086977.194772
11.700000 21087471.144569
11.800000 21087966.383795
11.900000 21088462.627936
12.000000 21088959.613255
12.100000 21089457.094947
12.200000 21089954.845490
12.300000 21090452.653192
12.400000 21090950.320881
12.500000 21091447.664756
12.600000 21091944.513356
12.700000 21092440.706640
12.800000 21092936.095162
12.900000 21093430.539335
13.000000 21093923.908757
13.100000 21094416.081608
13.200000 21094906.944099
13.300000 21095396.389963
13.400000 21095884.319998
13.500000 21096370.641636
13.600000 21096855.268552
13.700000 21097338.120298
13.800000 21097819.121964
13.900000 21098298.203862
14.000000 21098775.301230
14.100000 21099250.353958
14.200000 21099723.306324
14.300000 21100194.106758
14.400000 21100662.707610
14.500000 21101129.064933
14.600000 21101593.138283
14.700000 21102054.890530
14.800000 21102514.287673
14.900000 21102971.298672
15.000000 21103425.895290
