8.112694 112.087556
9.469482 119.764257
7.693199 103.548663
8.304565 106.074258
8.140114 110.146928
8.383484 114.886857
7.613319 102.368345
8.309624 106.945250
8.045151 100.011369
8.088730 112.903952
8.276596 110.797509
8.333862 115.011654
8.345352 109.509645
7.717323 94.859945
7.797501 106.038959
8.270897 102.753390
9.189674 129.335509
7.662643 105.059295
8.527084 116.543519
7.791824 108.837458
7.922127 109.817866
7.691551 106.462228
6.728142 89.975625
8.348465 112.216139
8.597443 116.375802
9.035385 124.535234
8.205666 104.142903
8.765785 107.337521
8.557640 111.915455
7.746758 98.608862
7.703613 105.449771
7.361549 96.693224
7.694595 107.451964
8.164764 109.405216
7.343445 102.049769
7.637398 98.567409
7.700226 103.675334
8.706642 111.887654
7.834717 103.402683
7.206207 98.807186
8.494514 114.721024
7.232529 90.553468
7.910614 98.583340
8.440521 114.249004
8.300812 110.206632
7.306847 94.699064
7.676193 103.430951
8.516602 107.318940
9.074524 113.378129
8.363480 107.604384
6.853409 96.455307
8.484261 121.046448
7.346901 100.050834
7.911644 101.057134
7.231956 90.127455
8.307152 111.524119
8.480186 110.878354
8.920555 125.147150
7.690956 101.115196
6.597313 94.466254
8.459999 112.969326
9.089516 121.337933
7.738266 104.994504
8.968895 119.133597
8.352676 111.715513
8.999336 120.252054
8.498154 109.107197
8.753609 119.815432
8.158401 112.444496
7.546623 99.185405
7.981384 103.239587
7.235390 100.956513
8.309624 106.945250
9.810814 125.126884
8.920578 112.062516
7.779053 105.910189
8.257782 114.674620
8.580734 114.875465
8.091888 103.363900
7.690018 102.153409
8.016563 110.668426
8.254761 111.445978
8.127457 108.248589
7.762390 106.028012
7.015617 87.886261
9.182465 115.669791
7.653214 105.388044
7.901459 104.616853
8.877937 112.787567
7.941902 103.820521
7.339302 90.495476
8.158607 101.318026
8.946556 121.978784
9.077156 127.666608
7.790108 109.469661
8.753609 119.815432
8.196350 107.332397
8.906181 114.906476
8.693893 116.751661
8.484261 121.046448
8.564758 112.682304
7.686539 99.497624
9.097755 121.169079
9.048981 118.858881
8.337044 105.155737
7.687271 99.384407
7.361549 96.693224
8.739029 122.091699
9.035385 124.535234
8.857681 111.603880
7.216232 94.581179
7.082748 93.541141
7.906837 106.684443
7.354294 96.714144
9.057289 122.090644
8.127411 106.270982
8.257782 114.674620
8.196350 107.332397
8.611771 115.707839
7.714027 104.564017
7.930321 101.599307
7.092934 93.420787
8.480186 110.878354
7.693748 95.327337
7.902397 102.414776
9.054153 115.979135
8.057053 109.565544
9.052162 120.893300
9.340439 105.860740
7.206207 98.807186
8.223930 108.307145
7.661522 104.328174
7.693085 98.528995
8.127411 106.270982
7.546623 99.185405
7.721443 100.363920
7.767586 103.497290
8.649857 119.091253
8.786041 117.332111
8.856171 117.329810
8.305344 108.491691
7.998230 109.067748
9.029503 123.238806
8.963104 127.131772
8.094292 105.084879
8.948639 117.498129
8.998398 119.302919
8.294106 105.474123
6.881332 91.351741
9.313385 119.089514
8.129562 113.059828
7.831284 109.533869
8.464600 113.041419
7.162674 98.304178
7.677223 97.336168
9.189674 129.335509
7.741539 103.631955
7.762871 100.933325
9.070610 115.647646
8.407265 107.122379
8.493530 107.278959
9.093155 126.467711
8.324112 109.354811
7.714027 104.564017
9.053467 124.464550
9.074524 113.378129
7.358734 101.618708
10.511169 135.238749
8.023750 105.022504
8.277328 116.216548
8.943787 115.107904
9.173698 118.793181
7.232529 90.553468
7.984634 111.082856
8.518387 110.103942
8.666336 113.966519
7.686539 99.497624
8.999336 120.252054
9.081413 113.530682
8.752075 121.514551
8.034897 110.715722
8.414131 109.774444
9.182465 115.669791
8.307152 111.524119
8.521019 111.063013
8.280350 111.198366
9.122635 119.145852
8.337044 105.155737
7.694595 107.451964
8.400330 122.595050
9.101898 124.004733
7.231956 90.127455
7.957306 101.863117
9.057289 122.090644
7.943161 106.000705
8.205208 115.144777
7.879921 108.920590
7.787361 111.900613
7.636391 101.792988
8.547592 109.785111
8.445786 112.076523
8.468422 108.704665
9.052849 112.991844
7.245644 92.867576
7.591759 100.539023
8.039085 107.494269
8.423813 110.051365
9.093155 126.467711
9.340439 105.860740
7.267616 100.218516
9.042641 110.467258
7.981384 103.239587
7.537903 98.719257
9.696167 117.401527
8.229675 116.808646
8.210472 107.932451
8.525940 109.562438
8.481033 106.216901
8.033615 109.659941
8.174835 106.051312
8.981232 108.635982
8.407265 107.122379
8.121185 104.804818
7.756577 105.878668
9.049416 122.361665
7.752090 100.288375
8.706642 111.887654
8.765785 107.337521
8.427750 111.632304
7.692215 95.816136
8.904831 120.031243
8.252563 100.820477
7.984634 111.082856
8.496185 120.389666
8.252563 100.820477
7.671638 104.547722
8.430588 108.753463
7.599884 103.678878
8.624634 115.513683
8.352699 109.688268
7.546967 103.537507
10.511169 135.238749
8.877937 112.787567
7.700226 103.675334
7.569168 98.191797
7.696449 102.249976
6.185165 81.494988
8.597488 111.251562
8.667091 117.224128
7.700226 103.675334
7.695786 99.323161
7.693222 110.696011
8.794579 118.265837
7.940231 109.304180
7.687706 108.337914
8.617928 115.055076
7.719887 100.782747
7.265305 98.954894
8.015099 95.590883
7.974289 111.778699
7.125023 97.043238
7.834900 110.700386
7.687271 99.384407
7.711945 105.689173
8.129150 103.676041
8.693527 110.158159
9.095856 126.297561
7.696449 102.249976
7.245575 92.708310
7.711945 105.689173
7.738266 104.994504
7.061760 90.512786
7.693222 110.696011
7.521561 91.787194
7.890770 111.302483
6.644760 87.830565
7.693085 98.528995
8.195526 111.072415
8.294106 105.474123
7.985779 108.938112
8.667091 117.224128
8.282890 112.975716
8.384834 102.553148
7.575691 96.542324
8.703026 119.853305
8.370735 109.032352
8.181221 107.080671
8.497330 113.190900
8.698517 114.255607
8.484261 121.046448
8.815979 116.454442
7.713707 100.124758
8.220108 104.392232
8.059799 104.440238
8.105530 114.571748
8.449081 113.791551
7.695786 99.323161
8.435600 111.412986
7.902397 102.414776
9.128677 112.151840
8.920578 112.062516
7.609863 101.874486
8.535805 115.075418
7.712082 96.787201
7.719887 100.782747
7.102844 89.798196
7.985802 110.671739
7.741539 103.631955
9.426430 121.874998
8.259705 109.759143
7.593864 102.146239
8.353157 109.109721
8.518387 110.103942
9.384567 125.534633
9.035339 113.129297
7.361549 96.693224
8.143066 109.962374
9.173698 118.793181
9.076675 118.818443
7.358734 101.618708
8.913803 120.283972
7.626778 97.592046
7.706772 107.475450
7.680519 108.784448
8.267555 106.821949
7.405403 96.514927
8.572266 115.777228
8.205185 111.528209
8.287949 105.058519
7.929634 98.088047
7.232529 90.553468
8.164742 109.323198
9.151932 119.834002
7.306847 94.699064
6.539246 87.955376
8.342674 116.387607
8.440521 114.249004
8.856102 119.989792
8.050346 103.917273
7.889008 96.615846
7.923843 110.390536
8.370735 109.032352
8.739372 111.779718
8.002075 111.438412
7.733414 102.516838
8.345352 109.509645
9.092377 118.079449
9.057976 108.221072
8.794579 118.265837
8.309624 106.945250
8.008324 107.608073
7.689056 107.634863
9.723587 128.841471
8.255836 113.006601
8.246796 110.539067
8.137184 107.658415
7.776604 102.766850
7.695580 98.207091
7.693199 103.548663
7.734581 96.682309
7.867447 102.687067
7.695580 98.207091
7.257431 96.233973
8.520927 108.140474
8.083969 107.047006
7.245575 92.708310
8.547318 117.356761
8.097382 106.185655
8.913803 120.283972
9.823997 128.213065
7.602150 94.392275
8.210472 107.932451
9.081413 113.530682
8.510147 115.166744
8.578857 121.740070
8.578857 121.740070
8.044807 102.958093
9.057289 122.090644
8.039589 104.725793
8.500305 115.707313
8.543449 109.757089
7.709747 105.852476
8.283119 110.306143
8.560913 112.609475
8.968895 119.133597
7.706772 107.475450
8.282890 112.975716
8.857681 111.603880
7.847031 100.904673
8.097382 106.376859
7.928421 104.857936
7.911644 101.057134
8.126793 106.834698
8.209671 106.917914
8.797508 121.028690
9.060883 120.378055
8.703026 119.853305
8.580734 114.875465
7.942520 105.015478
10.348297 130.059756
7.762230 102.351127
9.091141 115.134653
7.655296 102.951112
6.875816 86.888341
8.935158 124.007728
7.613319 102.368345
7.643669 103.630499
9.042641 110.467258
8.733009 122.813405
8.310013 114.640792
8.397652 107.266931
8.224709 106.832717
9.489166 124.285491
7.290024 96.362501
7.963943 113.168868
9.662819 123.164340
8.569633 119.706891
7.633438 95.852459
8.698517 114.255607
8.223106 105.679511
10.012184 119.829932
8.392181 106.406077
7.713707 100.124758
7.459190 103.245685
7.793884 93.946465
7.924347 110.208352
8.454323 111.965819
7.862297 110.176864
8.481033 106.216901
8.935158 124.007728
9.134033 126.050490
8.794579 118.265837
8.529533 114.220956
9.426430 121.874998
7.721512 102.444759
9.076218 119.035796
8.547592 109.785111
7.265305 98.954894
7.645866 98.306855
7.290024 96.362501
8.307152 111.524119
8.579361 116.390411
7.752090 100.288375
7.770401 103.747720
7.643669 103.630499
8.220108 104.392232
7.662643 105.059295
7.985802 110.671739
8.176598 113.900270
8.158401 112.444496
7.768364 112.365846
7.216232 94.581179
11.013016 135.164054
7.589149 97.375661
7.091560 94.456655
8.520927 108.140474
7.710434 99.069978
6.853409 96.455307
9.810814 125.126884
7.687317 98.871539
8.549423 115.643661
8.706642 111.887654
8.015442 116.585493
8.187355 113.067381
9.101898 124.004733
9.049919 113.859928
9.626312 113.226836
9.048134 124.311750
9.114098 120.930114
8.291840 105.674948
7.808716 102.970338
8.698517 114.255607
7.943161 106.000705
10.348297 130.059756
7.362785 98.969112
9.042641 110.467258
9.093796 120.966992
8.576889 121.685842
7.662643 105.059295
6.728142 89.975625
8.198730 112.778859
7.665688 104.707050
9.035339 113.129297
7.695351 99.768270
9.081413 113.530682
8.733009 122.813405
8.806068 118.141402
7.683151 97.517017
8.372612 111.952426
7.985802 110.671739
8.422073 121.507533
9.215195 119.061975
8.138535 114.408882
7.563377 98.732942
8.223106 105.679511
9.114098 120.930114
9.063927 126.206656
8.140114 110.146928
8.560913 112.609475
7.690865 102.135974
9.133347 119.022328
7.701599 106.383907
11.013016 135.164054
7.684296 109.563130
8.282890 112.975716
8.112694 112.087556
7.092934 93.420787
8.345352 109.509645
8.276596 110.797509
7.787361 111.900613
8.667091 117.224128
8.578857 121.740070
9.103111 116.997931
7.685097 105.557643
7.706772 107.475450
7.906837 106.684443
8.938499 117.372540
8.597443 116.375802
9.173698 118.793181
8.968895 119.133597
7.880562 105.675200
7.710434 99.069978
8.161034 106.818996
7.765251 105.749013
8.580734 114.875465
7.361549 96.693224
8.601631 117.800995
7.634972 92.408049
8.427406 116.713743
7.633438 95.852459
8.348465 112.216139
7.960327 103.092348
7.756577 105.878668
7.692833 99.306432
9.074524 113.378129
9.469482 119.764257
8.594421 105.460994
7.633118 101.872098
7.776604 102.766850
8.406715 112.351294
7.746185 105.372403
7.831787 99.570074
8.564713 117.261368
8.300308 111.680400
8.220108 104.392232
7.782005 100.752748
7.361549 96.693224
9.076218 119.035796
8.484970 110.545106
8.468422 108.704665
8.155426 113.678425
8.333885 112.398896
8.109421 111.884761
8.613762 113.687977
8.740265 113.436873
7.923843 110.390536
9.189674 129.335509
7.358734 101.618708
6.185165 81.494988
8.999336 120.252054
7.942520 105.015478
8.297836 112.429282
8.414131 109.774444
8.580734 114.875465
7.699265 100.461427
8.516579 110.836904
8.246796 110.539067
7.362785 98.969112
8.733009 122.813405
8.359154 103.633720
7.215912 103.260837
7.701599 106.383907
9.047653 120.277119
8.777962 121.202292
9.033096 123.830125
8.145584 108.310362
7.092934 93.420787
8.129311 108.276900
8.435600 111.412986
7.103783 95.355582
8.186943 113.593356
9.216362 120.100280
8.525940 109.562438
9.114098 120.930114
9.845169 132.853076
10.088654 129.801754
7.206207 98.807186
8.256592 123.034183
8.497330 113.190900
8.488243 111.652489
8.904831 120.031243
7.881592 112.668391
9.127602 120.274956
7.245575 92.708310
7.269379 100.917918
9.248474 114.927581
8.493530 107.278959
8.188728 106.802658
8.718269 117.696341
7.902397 102.414776
9.062668 121.321673
7.612793 98.783581
7.916977 108.036797
8.904831 120.031243
8.358398 116.856622
9.054153 115.979135
7.997726 103.118386
8.186943 113.593356
8.207977 108.652257
7.537903 98.719257
8.282890 112.975716
7.963943 113.168868
7.370934 100.989328
7.235390 100.956513
7.733894 103.091504
7.834900 110.700386
8.129562 113.059828
7.985619 102.862953
8.936005 123.396388
10.665138 132.508065
8.468239 106.818660
8.059799 104.440238
8.963104 127.131772
9.014397 114.497711
8.051399 106.098422
8.174080 109.426167
7.722336 95.071436
8.856400 122.249318
8.067284 105.957055
7.794456 106.000604
7.626778 97.592046
8.392181 106.406077
7.997726 103.118386
8.740265 113.436873
8.500305 115.707313
8.183350 103.228584
8.698380 116.206645
7.076866 90.258121
8.256592 123.034183
7.358734 101.618708
8.753609 119.815432
7.802513 102.185423
7.634972 92.408049
7.912766 109.377879
7.928421 104.857936
8.594421 105.460994
9.140190 115.536704
7.686539 99.497624
7.782005 100.752748
8.497330 113.190900
8.597443 116.375802
7.267616 100.218516
6.527344 85.574577
8.443451 106.093289
8.307152 111.524119
7.985619 102.862953
8.000336 103.516998
9.241219 119.470563
9.047653 120.277119
7.862297 110.176864
8.565720 114.723541
7.967720 108.887779
8.016563 110.668426
8.464600 113.041419
8.594490 114.371387
8.579361 116.390411
7.834900 110.700386
8.197357 110.615554
8.000336 103.516998
8.543312 117.276967
8.494514 114.721024
8.698288 104.698297
9.011375 117.946529
8.265587 114.734898
6.903259 91.036664
9.215195 119.061975
7.459190 103.245685
9.093155 126.467711
9.047653 120.277119
6.728142 89.975625
8.281403 106.270520
8.129150 103.676041
8.302391 112.954778
7.888412 103.749611
7.405403 96.514927
7.245644 92.867576
7.691277 97.566265
8.143066 109.962374
8.318733 107.486844
7.626778 97.592046
7.783470 104.434542
8.106857 107.884695
8.649857 119.091253
7.839203 108.862107
7.772758 107.049103
9.048981 118.858881
6.836540 88.570397
8.348465 112.216139
7.662804 101.543136
8.257324 108.576130
7.923843 110.390536
7.802170 106.807290
7.809769 104.581011
7.327904 101.496824
7.776604 102.766850
7.986076 101.862016
7.349327 100.327962
8.617928 115.055076
8.282890 112.975716
8.529533 114.220956
8.557640 111.915455
7.791801 108.974668
9.466736 120.797269
9.049416 122.361665
8.305344 108.491691
7.354294 96.714144
7.756233 105.505032
7.092934 93.420787
8.613762 113.687977
9.106522 118.590441
8.210472 107.932451
8.164764 109.405216
9.118561 119.140244
7.776146 109.563590
7.082748 93.541141
8.403305 113.877336
7.061760 90.512786
7.984634 111.082856
7.762230 102.351127
8.406715 112.351294
7.232529 90.553468
8.510147 115.166744
7.095177 93.933556
8.564758 112.682304
7.685783 97.267876
10.348297 130.059756
7.686035 100.255964
7.930321 101.599307
7.692833 101.729694
9.134033 126.050490
8.183350 103.228584
8.445786 112.076523
8.307152 111.524119
7.690865 104.966907
8.311752 110.218608
7.693748 95.327337
8.795151 120.041991
9.039047 124.580849
7.896675 103.743447
7.943161 106.000705
8.498154 109.107197
8.392181 106.406077
7.879967 106.060336
8.205666 104.142903
7.791824 108.837458
9.183907 117.795824
7.702469 103.176674
8.210472 107.932451
8.449081 113.791551
7.946205 99.295577
9.407318 126.539618
8.111526 109.301764
7.949753 100.555052
7.665688 104.707050
9.137581 116.388142
6.539246 87.955376
6.847527 93.288308
7.680519 103.726697
8.348465 112.216139
8.693527 110.158159
8.311752 110.218608
7.681366 98.658499
7.633965 96.897496
9.049416 122.361665
9.117165 113.294292
8.806068 118.141402
8.185959 108.737382
8.188728 106.802658
7.797272 109.080542
7.712082 96.787201
8.138535 114.408882
8.941200 117.217397
8.292526 106.809370
9.137581 116.388142
7.682327 109.236335
8.400330 122.595050
7.575691 96.542324
9.057976 108.221072
7.706772 107.475450
7.656853 105.068332
9.125862 116.618020
9.278893 126.624100
8.154625 102.187531
8.199028 114.492766
9.017624 122.440759
7.984634 111.082856
7.206207 98.807186
7.805580 102.041959
8.276527 109.472718
9.278893 126.624100
8.392181 106.406077
7.607964 101.167237
8.351738 118.112383
8.857681 111.603880
7.687637 104.075188
8.199028 114.492766
8.372612 111.952426
8.449081 113.791551
7.910614 98.583340
8.034897 110.715722
8.652214 110.437765
8.667572 114.601040
7.790108 109.469661
8.003632 102.799997
8.188728 106.802658
9.466736 120.797269
8.231163 107.441391
8.879494 118.044936
8.243660 115.304150
7.339302 90.495476
7.772758 107.049103
7.569168 98.191797
8.768990 112.692309
7.269379 100.917918
8.358398 116.856622
7.876373 103.035100
7.612793 98.783581
8.549423 115.643661
7.709747 105.852476
7.655296 102.951112
8.611771 115.707839
8.494514 114.721024
7.762871 100.933325
6.874237 90.851387
8.929962 116.412520
8.166985 100.576045
7.690018 102.153409
8.105782 104.206897
7.705742 96.507501
7.803246 99.239052
7.890770 111.302483
8.484970 110.545106
7.948082 107.480354
9.668724 122.421894
7.834900 110.700386
8.524155 108.578840
8.294106 105.474123
8.341644 108.765293
8.143066 109.962374
9.114098 120.930114
7.685097 105.557643
7.682327 109.236335
9.089516 121.337933
8.054169 106.995660
8.287788 116.377900
8.005806 100.605389
7.722336 95.071436
8.394356 112.725440
8.902931 117.811684
8.125191 106.855907
8.936005 123.396388
6.539246 87.955376
7.767586 103.497290
8.948639 117.498129
7.633118 101.872098
7.956528 103.973084
8.138535 114.408882
8.005806 100.605389
8.500305 115.707313
9.076218 119.035796
7.569260 94.679781
7.687271 99.384407
8.698288 104.698297
7.888412 103.749611
7.103783 95.355582
8.535805 115.075418
7.768364 112.365846
7.693748 95.327337
7.627075 94.721125
9.466736 120.797269
7.628105 104.617045
7.868362 110.563314
7.681824 94.118725
7.609840 103.297707
8.535805 115.075418
8.443451 106.093289
7.635635 100.031094
7.802170 106.807290
8.333885 112.398896
7.665253 92.544473
8.718269 117.696341
7.699265 100.461427
7.092934 93.420787
6.876709 95.039054
8.547592 109.785111
8.308456 108.179366
8.155426 113.678425
8.494514 114.721024
7.772758 107.049103
9.064133 117.965428
8.542305 110.302453
7.633118 101.872098
9.241219 119.470563
7.707253 97.127159
7.998230 109.067748
9.096886 116.436679
7.358734 101.618708
8.500305 115.707313
9.009247 118.584636
7.808716 102.970338
8.039085 107.494269
8.353569 115.598825
7.881592 112.668391
8.738937 118.853536
8.594421 105.460994
8.786797 111.700147
8.464600 113.041419
7.695351 99.768270
7.662643 105.059295
8.284470 113.858992
9.810814 125.126884
8.155426 113.678425
8.174080 109.426167
9.114098 120.930114
9.103111 116.997931
7.636391 101.792988
7.575691 96.542324
8.069984 114.283984
8.342674 116.387607
8.484261 121.046448
8.943787 115.107904
8.195526 111.072415
8.008324 107.608073
8.414131 109.774444
8.129311 108.276900
8.294106 105.474123
7.602150 94.392275
8.297836 112.429282
8.129311 108.276900
10.348297 130.059756
7.405403 96.514927
8.569633 119.706891
7.061760 90.512786
7.762367 102.313676
7.694389 95.541812
9.009247 118.584636
8.499664 101.305970
8.601631 117.800995
8.863335 105.595429
8.102669 108.548369
7.770401 103.747720
8.280350 111.198366
8.877937 112.787567
7.808578 114.856564
7.656853 105.068332
7.759506 100.661029
8.739029 122.091699
7.879967 106.060336
8.406715 112.351294
7.746758 98.608862
7.791801 108.974668
7.665344 91.391533
8.480186 110.878354
8.815979 116.454442
9.127602 120.274956
8.902931 117.811684
8.403305 113.877336
8.398361 115.479689
8.143593 110.276113
9.079353 115.956640
9.077156 127.666608
7.343445 102.049769
7.943275 105.904943
8.689705 110.374040
8.464577 102.640069
7.768364 112.365846
8.359154 103.633720
8.464577 102.640069
7.306847 94.699064
7.094398 97.005419
9.711296 135.564483
8.730080 110.215756
8.677460 120.313686
8.069984 114.283984
9.786461 122.962840
8.652191 103.494074
7.902397 102.414776
7.235390 100.956513
8.963104 127.131772
8.493530 107.278959
8.443451 106.093289
8.520927 108.140474
8.041534 103.336919
9.042641 110.467258
8.494514 114.721024
8.318642 105.025724
8.291748 109.049079
10.606041 150.319882
8.948639 117.498129
7.755409 101.858457
