2.000000 44.058803 95.761007 -7.643400
2.100000 51.456959 101.059281 1.854638
2.200000 58.459546 106.210678 10.708414
2.300000 65.124720 111.196416 19.053023
2.400000 71.501752 116.010993 26.992510
2.500000 77.631939 120.657845 34.606034
2.600000 83.549450 125.145659 41.953242
2.700000 89.282112 129.485500 49.078725
2.800000 94.852145 133.688729 56.015561
2.900000 100.276836 137.765623 62.788049
3.000000 105.569169 141.724555 69.413783
3.100000 110.738399 145.571609 75.905190
3.200000 115.790588 149.310508 82.270668
3.300000 120.729086 152.942770 88.515402
3.400000 125.554980 156.467997 94.641964
3.500000 130.267499 159.884252 100.650747
3.600000 134.864382 163.188480 106.540284
3.700000 139.342209 166.376926 112.307492
3.800000 143.696703 169.445545 117.947861
3.900000 147.922994 172.390382 123.455605
4.000000 152.015860 175.207926 128.823795
4.100000 155.969938 177.895425 134.044451
4.200000 159.779903 180.451179 139.108627
4.300000 163.440632 182.874807 144.006457
4.400000 166.947341 185.167509 148.727172
4.500000 170.295696 187.332317 153.259075
4.600000 173.481916 189.374352 157.589481
4.700000 176.502845 191.301064 161.704626
4.800000 179.356014 193.122448 165.589581
4.900000 182.039690 194.851147 169.228233
5.000000 184.552900 196.502337 172.603463
5.100000 186.895458 198.093196 175.697720
5.200000 189.067964 199.641714 178.494214
5.300000 191.071803 201.164711 180.978896
5.400000 192.909133 202.675192 183.143074
5.500000 194.582857 204.179701 184.986013
5.600000 196.096599 205.676696 186.516502
5.700000 197.454663 207.156798 187.752528
5.800000 198.661995 208.604887 188.719104
5.900000 199.724132 210.003144 189.445120
6.000000 200.647152 211.333937 189.960366
6.100000 201.437620 212.581832 190.293407
6.200000 202.102530 213.734617 190.470443
6.300000 202.649248 214.783571 190.514926
6.400000 203.085449 215.723272 190.447626
6.500000 203.419056 216.551201 190.286910
6.600000 203.658180 217.267281 190.049078
6.700000 203.811058 217.873442 189.748675
6.800000 203.885996 218.373228 189.398764
6.900000 203.891304 218.771464 189.011143
7.000000 203.835243 219.073978 188.596507
7.100000 203.725970 219.287364 188.164575
7.200000 203.571483 219.418785 187.724180
7.300000 203.379572 219.475805 187.283340
7.400000 203.157773 219.466246 186.849300
7.500000 202.913320 219.398066 186.428573
7.600000 202.653107 219.279251 186.026964
7.700000 202.383652 219.117720 185.649585
7.800000 202.111061 218.921247 185.300875
7.900000 201.840998 218.697388 184.984609
8.000000 201.578662 218.453415 184.703910
8.100000 201.328762 218.196266 184.461258
8.200000 201.095502 217.932497 184.258507
8.300000 200.882565 217.668240 184.096890
8.400000 200.693105 217.409170 183.977040
8.500000 200.529739 217.160476 183.899003
8.600000 200.394550 216.926840 183.862259
8.700000 200.289082 216.712420 183.865743
8.800000 200.214353 216.520838 183.907868
8.900000 200.170861 216.355169 183.986553
9.000000 200.158599 216.217944 184.099253
9.100000 200.177068 216.111144 184.242993
9.200000 200.225304 216.036208 184.414401
9.300000 200.301895 215.994040 184.609751
9.400000 200.405011 215.985021 184.825002
9.500000 200.532431 216.009018 185.055843
9.600000 200.681574 216.065406 185.297741
9.700000 200.849536 216.153082 185.545991
9.800000 201.033124 216.270487 185.795762
9.900000 201.228894 216.415631 186.042158
10.000000 201.433190 216.586117 186.280264
10.100000 201.642187 216.779170 186.505203
10.200000 201.851929 216.991669 186.712189
10.300000 202.058378 217.220177 186.896580
10.400000 202.257453 217.460981 187.053926
10.500000 202.445075 217.710130 187.180020
10.600000 202.617211 217.963477 187.270944
10.700000 202.769917 218.216721 187.323113
10.800000 202.899383 218.465457 187.333310
10.900000 203.001976 218.705222 187.298729
11.000000 203.074275 218.931546 187.217005
11.100000 203.113121 219.140000 187.086242
11.200000 203.115646 219.326249 186.905043
11.300000 203.079316 219.486104 186.672527
11.400000 203.001961 219.615570 186.388352
11.500000 202.881811 219.710895 186.052727
11.600000 202.717522 219.768622 185.666423
11.700000 202.508205 219.785629 185.230781
11.800000 202.253445 219.759181 184.747709
11.900000 201.953326 219.686966 184.219686
12.000000 201.608446 219.567142 183.649749
12.100000 201.219925 219.398369 183.041481
12.200000 200.789420 219.179853 182.398988
12.300000 200.319127 218.911373 181.726880
12.400000 199.811777 218.593319 181.030234
12.500000 199.270637 218.226719 180.314555
12.600000 198.699499 217.813266 179.585731
12.700000 198.102664 217.355348 178.849981
12.800000 197.484927 216.856067 178.113788
12.900000 196.851550 216.319263 177.383837
13.000000 196.208233 215.749531 176.666935
13.100000 195.561083 215.152238 175.969928
13.200000 194.916574 214.533539 175.299609
13.300000 194.281500 213.900383 174.662617
13.400000 193.662929 213.260522 174.065337
13.500000 193.068150 212.622513 173.513787
13.600000 192.504607 211.995711 173.013502
13.700000 191.979842 211.390263 172.569422
13.800000 191.501424 210.817077 172.185772
13.900000 191.076874 210.287793 171.865955
14.000000 190.713586 209.814727 171.612446
14.100000 190.418749 209.410794 171.426704
14.200000 190.199255 209.089405 171.309105
14.300000 190.061613 208.864330 171.258896
14.400000 190.011855 208.749526 171.274185
14.500000 190.055437 208.758916 171.351958
14.600000 190.197141 208.906148 171.488134
14.700000 190.440971 209.204305 171.677637
14.800000 190.790052 209.665622 171.914482
14.900000 191.246524 210.301207 172.191842
