2.000000 21810812.763022
2.100000 21773131.161645
2.200000 21725374.248914
2.300000 21674249.532054
2.400000 21622795.403470
2.500000 21569461.283829
2.600000 21531974.775430
2.700000 21502287.374238
2.800000 21472548.968752
2.900000 21446105.926689
3.000000 21420941.566810
3.100000 21400642.727996
3.200000 21383865.467923
3.300000 21364875.048225
3.400000 21348475.674346
3.500000 21333496.850879
3.600000 21322706.614263
3.700000 21313575.265941
3.800000 21302384.316994
3.900000 21290593.403634
4.000000 21278868.440511
4.100000 21270586.496132
4.200000 21260727.902565
4.300000 21250428.671375
4.400000 21238297.933499
4.500000 21228038.017142
4.600000 21222448.095221
4.700000 21217755.296663
4.800000 21212756.960008
4.900000 21207244.335168
5.000000 21202485.933269
5.100000 21197611.054470
5.200000 21192775.133977
5.300000 21188656.585186
5.400000 21185156.276125
5.500000 21181903.629041
5.600000 21178693.768795
5.700000 21175305.512650
5.800000 21169350.127851
5.900000 21166493.278537
6.000000 21164047.947292
6.100000 21161226.244742
6.200000 21159683.040011
6.300000 21156895.030551
6.400000 21154786.806312
6.500000 21152923.010641
6.600000 21151082.276935
6.700000 21150015.358055
6.800000 21148957.747725
6.900000 21149239.415159
7.000000 21149574.156803
7.100000 21148132.254856
7.200000 21147475.277168
7.300000 21146610.501104
7.400000 21146217.177551
7.500000 21145794.188352
7.600000 21145423.632927
7.700000 21147674.284048
7.800000 21148407.311101
7.900000 21148345.739251
8.000000 21148234.036918
8.100000 21148103.129386
8.200000 21147981.204884
8.300000 21147884.066883
8.400000 21147818.517969
8.500000 21147786.580602
8.600000 21147787.702531
8.700000 21147819.409842
8.800000 21147876.052326
8.900000 21147940.581710
9.000000 21147932.198258
9.100000 21147706.903293
9.200000 21147788.441643
9.300000 21147995.323685
9.400000 21148233.842332
9.500000 21148494.850283
9.600000 21148775.459807
9.700000 21149073.750413
9.800000 21149388.101577
9.900000 21149717.055273
10.000000 21150059.278377
10.100000 21150413.549411
10.200000 21150778.751456
10.300000 21151153.866015
10.400000 21151537.966378
10.500000 21151930.210312
10.600000 21152329.832316
10.700000 21152736.135811
10.800000 21153148.485610
10.900000 21153566.300894
11.000000 21153989.048866
11.100000 21154416.239123
11.200000 21154847.418775
11.300000 21155282.168242
11.400000 21155720.097673
11.500000 21156160.843911
11.600000 21156604.067915
11.700000 21157049.452576
11.800000 21157496.700840
11.900000 21157945.534112
12.000000 21158395.690855
12.100000 21158846.925382
12.200000 21159299.006770
12.300000 21159751.717913
12.400000 21160204.854650
12.500000 21160658.224986
12.600000 21161111.648376
12.700000 21161564.955064
12.800000 21162017.985474
12.900000 21162470.589640
13.000000 21162922.626678
13.100000 21163373.964289
13.200000 21163824.478290
13.300000 21164274.052176
13.400000 21164722.576710
13.500000 21165169.949526
13.600000 21165616.074762
13.700000 21166060.862718
13.800000 21166504.229515
13.900000 21166946.096793
14.000000 21167386.391410
14.100000 21167825.045165
14.200000 21168261.994533
14.300000 21168697.180413
14.400000 21169130.547895
14.500000 21169562.046031
14.600000 21169991.627623
14.700000 21170419.249025
14.800000 21170844.869949
14.900000 21171268.453285
15.000000 21171689.964928
