7.678139 89.585434
7.108246 87.838275
7.091125 83.333820
7.311310 89.139274
7.866051 90.712382
8.445831 103.171412
7.655113 88.432365
7.654518 90.309250
7.657608 91.641202
7.732109 90.752466
7.685806 90.275771
7.463470 83.684674
7.094376 86.230271
8.177399 99.508697
7.706497 90.960794
7.732590 96.550964
7.708099 92.414407
7.219116 84.132281
7.605148 92.660244
7.455368 89.219487
7.639091 91.849372
7.595581 89.452398
7.385925 91.385899
7.431313 87.207447
7.413116 86.599008
7.623230 90.068885
7.404419 84.598579
7.648888 91.811385
7.413116 86.599008
8.026405 92.932211
7.558800 91.592333
8.868118 107.769734
7.606224 88.615061
6.847389 81.859690
7.389381 91.175734
8.298271 97.596638
7.324516 88.715134
6.719765 81.250998
7.632271 91.739008
7.879257 99.507575
7.633942 92.426167
7.681984 85.842348
7.675919 95.526810
8.282845 94.599948
7.665253 96.170626
8.239906 97.364485
7.560745 89.942347
7.647194 88.780210
7.648682 87.431447
7.732590 96.550964
7.253746 92.625524
7.859482 93.832573
7.558159 90.289962
7.562622 87.613291
7.617691 89.663350
7.439987 86.657603
7.380386 89.683814
7.313164 84.162795
7.380386 89.683814
6.866203 85.786518
7.716042 91.815721
7.655548 90.732509
7.299911 87.574455
7.259926 91.308399
7.671295 92.326036
7.345757 84.806084
7.656967 90.933583
7.696198 86.745655
7.605080 91.039226
7.516090 86.074701
7.255371 89.994805
7.298744 84.955369
8.381332 102.799881
7.363861 83.510017
8.381332 102.799881
7.642822 89.897927
7.860718 100.895583
7.086548 87.216541
7.360245 92.984998
8.968231 105.916131
7.728584 90.707322
7.642822 89.897927
6.905159 86.349196
7.651909 95.194023
7.668800 95.985164
7.386200 87.161769
7.616570 91.482767
7.458527 92.198590
7.715424 95.523845
7.645546 96.331184
7.605148 92.660244
7.264595 81.291405
7.686218 92.391045
7.638474 93.215167
7.486130 88.529353
7.572990 91.066805
7.662781 95.132172
7.094971 82.556889
7.572990 91.066805
9.080910 105.052300
8.335831 100.932465
7.663765 88.136374
7.346947 83.493400
7.496132 87.954427
7.630852 86.827122
9.099472 104.555686
7.521812 87.660430
8.413101 95.267389
7.707253 89.075080
7.309250 87.153664
7.596016 88.915824
7.700020 87.294825
8.678398 107.696889
7.483543 88.846137
7.299843 90.148193
7.479034 91.483534
7.619980 95.026690
7.660446 92.242213
7.816841 86.846538
7.455368 89.219487
6.823311 82.290475
7.483841 87.115738
9.121811 109.427073
6.921181 84.791592
7.718834 93.305253
7.731697 86.957454
7.558159 90.289962
7.678894 95.539590
6.544510 74.776542
7.599724 94.100358
7.618286 92.831726
7.320992 84.843604
7.860718 100.895583
7.521812 87.660430
8.413101 95.267389
7.517303 87.520656
7.403755 88.731810
7.647194 88.780210
7.694778 88.392855
7.702652 92.127663
7.431175 86.672890
7.703842 93.801779
7.594276 95.550997
7.645157 90.522782
7.668205 88.226574
7.270958 85.253287
7.691872 93.347996
7.493408 93.120031
7.422318 88.151377
7.650627 92.593082
7.331932 85.537259
7.673492 93.393602
7.064507 84.867348
7.363632 85.113042
7.393295 85.681865
7.529572 92.667716
7.346947 83.493400
7.432892 93.228169
7.619225 87.951445
7.398972 87.405966
7.677361 96.777821
7.954056 100.445131
7.485077 90.719948
7.511581 88.973133
8.366066 96.900792
7.501007 90.391184
7.353607 86.730870
7.695145 92.928725
8.381332 102.799881
7.793404 92.711108
7.437973 92.514475
7.669418 88.463435
7.642891 97.908826
9.099472 104.555686
7.643005 89.263074
7.249695 85.750879
7.499290 93.070310
7.299843 90.148193
7.472763 85.919492
7.652161 95.163143
9.166306 106.028289
7.630829 85.975144
7.440262 85.290232
7.482147 88.059757
7.606224 88.615061
9.079559 103.306632
8.948273 107.107423
7.484894 92.160646
7.409798 83.606553
7.560745 89.942347
8.216766 99.205904
7.645912 87.430382
7.360245 92.984998
7.361961 89.957661
7.440262 85.290232
7.389381 91.175734
7.669418 88.463435
7.644104 91.179931
8.844910 99.925633
7.706497 90.960794
7.117516 82.480503
7.273842 88.819759
7.489265 92.902913
7.690247 93.305479
9.203682 112.754339
7.859482 93.832573
7.273842 88.496132
8.299049 97.627403
7.715424 95.523845
7.708099 92.414407
7.311310 89.139274
7.362465 90.833950
7.364777 89.977854
7.259491 84.691795
7.460793 85.224076
8.464371 98.041681
7.606224 88.615061
7.709152 87.922826
7.663765 88.136374
7.715607 96.867504
7.536736 87.830235
7.517303 87.520656
7.421928 87.736323
7.369148 86.283251
7.385490 85.288828
7.437973 92.514475
7.489265 92.902913
7.340652 87.227189
7.344292 88.095435
7.001656 85.432709
7.259926 91.308399
7.589745 89.355214
7.405495 86.875007
7.259491 84.691795
7.483383 85.163425
7.635063 94.154280
8.839348 106.875743
7.462212 85.043206
7.644791 92.123617
7.329094 92.442828
7.319435 86.919976
7.244637 88.321263
7.311607 86.563076
7.644836 93.719579
7.317329 88.627148
7.637741 88.641887
7.851036 96.162029
7.859024 95.024403
7.728172 93.394568
7.619659 93.683954
7.983925 93.353797
8.413101 95.267389
7.264595 81.291405
7.366035 89.862956
7.670609 94.427801
7.607712 95.981015
7.309158 83.178550
7.366173 87.855857
9.197571 110.636424
7.678894 95.539590
6.945831 85.818258
7.237473 88.208893
7.637672 93.953185
7.408791 88.812650
7.677361 96.777821
7.310028 83.793087
7.650581 91.949395
7.654587 90.992289
7.626228 90.764667
7.299911 87.574455
7.404991 88.982887
7.676651 89.496638
7.639984 91.296849
7.493408 93.120031
7.637581 84.134086
7.663307 92.757633
9.156738 107.967641
7.626389 87.266710
7.853851 93.139762
7.422318 88.151377
7.323074 83.695670
7.100922 88.107843
7.343697 89.954145
6.717888 81.596441
7.372490 89.153730
7.613457 91.077915
7.453857 88.843458
7.385445 83.217727
7.621948 92.235353
7.645912 87.430382
7.658340 92.294955
7.713364 91.717363
8.405067 97.031851
7.054527 85.712615
7.054527 85.712615
7.633507 95.264131
7.726547 91.323602
7.445663 88.113850
7.710938 91.129360
7.727692 87.664675
7.696198 86.745655
7.656967 90.933583
7.704575 90.510225
7.462212 85.043206
7.194763 89.069186
8.610764 102.845185
7.384140 85.913934
7.410004 90.203011
7.098106 85.426846
7.668800 95.985164
7.499794 86.763230
7.662666 89.184234
7.198586 86.824115
7.104103 83.819369
7.235619 84.908240
7.389381 91.175734
7.505745 91.343463
7.638474 93.215167
8.366066 96.900792
7.605148 92.660244
7.194763 89.069186
7.712608 94.833165
7.628792 94.125352
7.754745 91.774465
9.063332 103.220120
7.536736 87.830235
7.626228 90.764667
7.592010 89.273788
7.100922 84.836175
7.860718 100.895583
7.229233 83.297316
7.312752 84.586131
7.515312 90.363405
7.547287 88.775288
7.444542 87.496717
7.421036 83.339174
7.941765 93.836782
7.724190 93.736130
8.248970 98.586248
7.488327 91.211329
7.983925 93.353797
7.628769 91.291614
7.844330 89.452267
8.243431 101.327241
7.678276 87.944635
7.473930 87.906113
7.251343 90.647980
7.343697 89.954145
7.017059 87.445334
7.661682 94.400067
7.409798 83.606553
7.229233 83.297316
7.384140 85.913934
7.366928 87.393384
7.413277 87.869276
7.392586 86.998802
6.863777 84.841935
7.618996 91.571709
7.781204 96.031698
7.205269 87.006511
7.520508 97.890981
7.480568 91.152585
8.282799 96.714858
8.108414 92.996663
8.839348 106.875743
7.298744 84.955369
7.656967 90.933583
7.714966 88.772556
7.443146 90.177401
7.954056 100.445131
7.551910 95.362767
8.564209 100.990235
7.402061 86.930716
9.282166 114.872440
6.823311 82.290475
7.277641 88.383668
7.442345 85.196919
6.726723 78.491754
7.260109 85.196337
7.561684 91.094386
7.266174 86.542464
7.313164 86.382575
7.405495 86.875007
7.313164 86.382575
7.638496 94.472994
8.038628 92.822892
7.650581 91.949395
6.819397 89.429341
7.394554 89.186887
8.239906 97.364485
7.641930 87.416120
7.320992 84.843604
7.590866 90.185035
7.270958 85.253287
8.251350 98.289663
8.566772 106.961111
7.661774 89.591532
7.668182 90.531831
7.257042 89.138147
7.581345 92.550845
6.948669 86.661125
7.337402 91.394564
8.504059 99.445871
7.640327 90.732865
7.721809 99.397164
7.612450 90.223099
7.299568 87.146668
7.859024 95.024403
7.718628 91.361280
7.382446 89.863775
7.378120 91.954391
7.715172 88.446628
7.619316 93.077570
7.108040 86.766527
7.628792 94.125352
6.945831 85.818258
7.652390 88.784282
7.273842 88.819759
7.458527 92.198590
6.758675 81.657148
7.255302 87.717896
7.265831 86.893048
7.633965 92.136626
7.598099 88.765440
7.326920 85.699454
7.435524 81.899501
7.690796 92.591995
7.108040 86.766527
7.800774 91.065848
8.564209 100.990235
7.651886 93.985435
7.726158 95.670779
7.706497 90.960794
7.336395 88.354132
7.229874 87.828524
7.662804 97.845367
7.268738 84.228367
7.363861 83.510017
7.648750 89.842430
7.100922 84.836175
6.934845 85.160726
7.732590 96.550964
7.501007 90.391184
6.945831 85.818258
7.345757 84.806084
7.687981 91.140682
7.707161 92.916267
7.707161 92.916267
7.691551 93.807220
7.499290 93.070310
7.341705 92.115567
7.681984 85.842348
7.204559 88.211262
7.819450 92.745127
7.638725 89.422512
7.558800 91.592333
7.883881 98.733866
7.349693 87.720139
7.660446 92.242213
7.289314 83.201290
6.758675 81.657148
7.305725 85.788168
7.557495 89.549773
7.615379 92.301601
7.676651 89.496638
7.313164 84.162795
8.298386 96.732236
7.403755 88.731810
7.676353 92.536838
7.369080 88.430747
7.593086 86.855796
7.743027 93.343139
7.457405 90.009285
9.079559 103.306632
7.732590 96.550964
7.637741 88.641887
8.282845 94.599948
7.642891 97.908826
7.879257 99.507575
7.697388 96.736334
8.839348 106.875743
7.718834 93.305253
7.800774 91.065848
7.619934 87.979070
9.203682 112.754339
8.549744 97.393776
7.317329 88.627148
7.425476 93.168854
7.345757 90.068663
7.641609 93.305667
7.097809 83.114048
8.083443 94.049615
7.697227 93.873518
7.499290 93.070310
7.280434 89.510909
8.767593 99.693755
7.665253 96.170626
7.648682 87.431447
9.079559 103.306632
7.455368 89.219487
8.560959 95.002136
7.617371 93.882037
7.610733 96.890420
7.675804 88.140436
8.322487 98.519083
7.273842 88.819759
7.477135 87.770379
7.478325 86.667250
7.610390 94.034555
8.282799 96.714858
7.480568 91.152585
7.655548 90.732509
7.671936 96.826146
7.517303 87.520656
7.515816 86.233831
7.691940 85.989178
9.080910 105.052300
7.366173 87.855857
8.107773 97.894678
7.509315 90.020090
7.736435 91.826596
8.243431 101.327241
7.657608 91.641202
7.586906 88.536094
6.719765 81.250998
7.604210 92.787812
8.716873 105.560947
7.257042 89.138147
7.304420 83.814574
7.624535 88.244751
7.853851 93.139762
8.143799 90.787159
7.667587 90.905972
7.633827 91.635888
7.376381 84.754338
7.317444 89.402850
7.641380 93.005875
7.547287 88.775288
7.456581 86.803711
7.429092 82.891797
7.575577 93.642047
7.244637 88.321263
8.243431 101.327241
7.524811 91.500065
7.697227 93.873518
7.485077 90.719948
8.054832 97.463789
7.616570 91.482767
7.723183 90.562481
6.717888 81.596441
7.098106 85.426846
7.410622 88.927179
8.471420 99.459262
7.249695 85.750879
7.662781 95.132172
7.409203 88.913323
8.243431 101.327241
7.663033 95.242702
7.675644 83.056832
7.090691 87.851723
7.389381 91.175734
7.625473 89.391488
7.680428 96.431769
7.673492 93.393602
7.429207 88.557718
7.410622 88.927179
7.437973 92.514475
7.088768 87.943456
7.702652 92.127663
7.336395 88.354132
7.232918 86.715244
7.299843 90.148193
7.628952 91.243075
7.719795 95.729711
7.696198 86.745655
7.226555 87.348834
7.532227 88.761471
7.673035 89.107643
7.317329 88.627148
7.643005 89.263074
7.363632 85.113042
7.337402 91.394564
8.233040 101.127915
7.117516 82.480503
7.617691 89.663350
7.446579 92.628343
7.586174 87.358385
7.213463 83.969106
7.264595 81.291405
7.443398 90.047890
6.823311 82.290475
7.524422 84.493834
7.637672 93.953185
7.639893 91.314412
7.631676 92.511259
8.423264 105.171968
7.345757 84.806084
7.568893 90.611075
7.454567 88.178091
7.414627 92.171412
7.299568 87.146668
7.654518 90.309250
7.312981 87.125796
7.414307 90.274876
7.369080 88.430747
7.398972 87.405966
7.645157 90.522782
7.586906 88.536094
7.628609 95.455521
7.710938 91.129360
7.590523 88.646189
8.798103 106.399440
7.357475 90.266989
7.562622 87.613291
7.639984 87.247835
8.514244 100.936904
7.550697 87.863857
7.871521 96.598546
7.471687 90.676502
8.028671 95.463629
7.439987 86.657603
7.094971 82.556889
7.323807 84.654587
8.036728 94.528867
7.706497 90.960794
7.395744 87.015275
7.499222 90.396820
7.848358 87.741623
7.608398 91.011246
7.644218 94.115864
8.381332 102.799881
7.292519 80.888559
7.691940 85.989178
8.187492 96.873332
7.712013 90.697999
7.445663 88.113850
7.413116 86.599008
7.727692 87.664675
7.091354 85.642539
7.084648 82.303599
7.198586 86.824115
7.680153 88.195358
7.713272 99.376111
7.624535 88.244751
7.310028 83.793087
7.879257 99.507575
8.378792 102.468913
7.355324 88.708940
7.781204 96.031698
7.662781 95.132172
7.619316 93.077570
7.583702 95.430670
7.650581 91.949395
7.662781 95.132172
7.409203 88.913323
7.194763 89.069186
7.618286 92.831726
9.282166 114.872440
7.720367 93.911320
7.261734 85.744177
7.398972 87.405966
6.727341 81.166640
7.402061 86.930716
7.506317 83.448004
7.260109 85.196337
7.358047 88.234406
7.626251 89.962833
7.617256 89.091079
7.663651 89.063476
8.067513 92.446610
8.463043 104.083835
7.266060 87.064283
7.633507 95.264131
7.479034 91.483534
7.851036 96.162029
6.863731 85.339087
7.443146 90.177401
7.385490 85.288828
7.681984 85.842348
7.277641 88.383668
7.226555 87.348834
7.001656 85.432709
7.678596 89.671958
7.661018 91.753789
7.217400 89.969119
7.317444 89.402850
7.451706 85.312596
7.652390 88.784282
7.553627 89.435509
7.643005 89.263074
7.640327 90.732865
7.292519 80.888559
7.346947 83.493400
7.638565 91.595991
7.286316 86.992785
6.544510 74.776542
7.703842 93.801779
7.277641 88.383668
7.684502 88.386278
7.094376 86.230271
7.223282 86.342597
7.091995 89.006876
7.689102 92.046547
7.283913 87.384986
7.461548 92.099826
7.017059 87.445334
7.542206 88.623189
7.100922 88.107843
7.237473 88.208893
7.630829 85.975144
7.608398 91.011246
7.682648 94.418398
7.773308 94.717288
7.446579 92.628343
7.341728 83.473088
7.515312 90.363405
7.639984 91.296849
8.142632 99.998050
7.373337 89.986865
7.581848 88.046756
7.632797 91.426552
7.684502 88.386278
7.923729 94.981088
6.942581 83.201469
7.385170 84.940123
7.685806 90.275771
7.407875 88.415996
7.324242 87.403366
7.651703 93.861478
7.621948 92.235353
7.471687 90.676502
7.273384 90.621841
7.235619 84.908240
7.082611 84.350190
7.671295 92.326036
7.710938 91.129360
7.397736 88.391893
7.421928 87.736323
7.805786 95.330924
8.463043 104.083835
7.139236 90.992559
7.699768 89.652220
7.639297 94.509771
7.269699 85.789738
7.654587 90.992289
7.232918 86.715244
8.335831 100.932465
7.432892 93.228169
7.597801 91.216446
8.415367 99.567961
7.286179 86.139767
7.097809 83.114048
7.622086 85.181252
6.948669 86.661125
7.812126 91.933764
7.084145 86.247350
7.275627 85.139366
7.324883 88.701928
7.683449 97.243556
7.446579 92.628343
7.385925 91.385899
7.718834 93.305253
7.670609 94.427801
8.103745 95.193297
7.621765 92.984147
7.323807 84.654587
7.644218 94.115864
8.381332 102.799881
7.258072 87.563512
7.108246 87.838275
7.625473 89.391488
7.705971 90.286338
7.283913 87.384986
7.364777 89.977854
7.637672 93.953185
7.329094 92.442828
7.572990 91.066805
8.260506 97.386858
7.638565 91.595991
7.844330 89.452267
7.723183 90.562481
7.506889 95.131406
7.650764 90.903076
7.084145 86.247350
7.090691 87.851723
9.217529 108.471741
7.671341 91.541979
7.621765 92.984147
7.360245 92.984998
7.372490 82.001474
7.225159 81.550171
7.229233 83.297316
7.325890 89.720121
7.695145 92.928725
7.374069 91.944077
7.712013 90.697999
8.464371 98.041681
7.536736 87.830235
7.493065 90.066677
7.523758 93.065381
7.183548 85.014708
7.621307 87.518043
7.392586 86.998802
7.706635 90.984882
7.298744 84.955369
7.395744 87.015275
7.311607 86.563076
7.358047 88.234406
7.260109 85.196337
7.596931 93.281621
8.259270 100.955665
7.403938 86.978853
7.681984 85.842348
8.282845 94.599948
7.275627 85.139366
8.463043 104.083835
8.142632 99.998050
7.473198 89.466154
8.560959 95.002136
6.886894 76.895391
7.655548 90.732509
7.410622 88.927179
7.309158 83.178550
6.776093 79.192315
7.638496 94.472994
8.239906 97.364485
7.458527 92.198590
7.605080 91.039226
8.228531 92.427741
7.667130 92.547841
7.667130 92.547841
7.427078 88.718155
7.439987 86.657603
7.002914 85.518918
7.117516 82.480503
7.605148 92.660244
7.372124 84.282450
7.258072 87.563512
6.715988 74.811636
7.463470 83.684674
7.431313 87.207447
7.617256 89.091079
7.501007 90.391184
7.692215 93.584144
7.647194 88.780210
7.707161 92.916267
7.313164 84.162795
6.942581 83.201469
8.543541 99.476746
7.229874 87.828524
7.443398 90.047890
7.744331 92.297349
8.138901 97.965418
7.226555 87.348834
7.246674 86.648490
7.589745 89.355214
7.090096 84.567715
7.117516 82.480503
7.259926 91.308399
7.104103 83.819369
6.562386 75.145227
7.398766 89.090306
7.356308 86.501941
7.542114 83.278128
7.266174 86.542464
7.277367 89.542841
7.676353 92.536838
7.369560 85.786778
7.718834 93.305253
6.863731 85.339087
7.094971 82.556889
7.622749 90.707963
7.585419 86.421854
7.699379 89.175388
7.403481 89.128106
7.594276 95.550997
7.621948 92.235353
6.718597 78.795583
7.562302 88.693158
7.320763 85.567108
7.718628 91.361280
7.715172 88.446628
7.700020 87.294825
7.700134 89.947812
7.483841 87.115738
9.079559 103.306632
7.097809 83.114048
7.631630 94.952994
7.001656 85.432709
7.636299 88.210090
7.662872 86.496146
7.683449 97.243556
7.453857 88.843458
7.632797 91.426552
7.673927 96.630132
9.121811 109.427073
7.692215 93.584144
7.728676 89.274619
7.101448 86.595976
7.482147 90.246810
7.299911 87.574455
7.654015 94.653038
7.398766 89.090306
7.631676 92.511259
7.379723 87.886325
6.562386 75.145227
7.663033 95.242702
7.275627 85.139366
7.812126 91.933764
7.669830 93.546857
7.574776 93.377269
7.412956 87.935002
7.269699 85.789738
7.647194 88.780210
7.673927 96.630132
7.676353 92.536838
7.309616 86.922543
7.728676 89.274619
7.348251 89.343148
7.632271 91.739008
7.647308 88.881013
7.668709 91.705749
8.052223 101.478729
8.173439 94.044774
7.312752 84.586131
7.645912 87.430382
7.289955 91.332338
8.378792 102.468913
7.317696 86.770777
7.648682 87.431447
6.847389 81.859690
7.636299 88.210090
7.647194 88.780210
7.355186 89.737769
7.222321 85.161669
7.394463 85.477107
8.868118 107.769734
7.615379 92.301601
7.529572 92.667716
7.692513 91.700797
7.385445 83.217727
7.205269 87.006511
7.104469 84.043043
7.707253 89.075080
7.091057 83.312469
7.605927 91.881752
7.335091 87.223541
7.715424 95.523845
7.328796 92.439149
7.668800 95.985164
7.668709 91.705749
7.680428 96.431769
7.269997 90.480969
7.675919 95.526810
7.366928 87.393384
7.398949 88.831712
7.363632 85.113042
7.706635 90.984882
7.692924 95.582418
8.716873 105.560947
7.610001 92.766178
7.395744 87.015275
7.644791 88.671540
8.360985 105.043767
7.619934 87.979070
6.863731 85.339087
8.827972 104.857621
7.592010 89.273788
7.095932 85.355592
7.754745 91.774465
7.385445 83.217727
7.551910 95.362767
7.662666 89.184234
7.336395 88.354132
7.687134 89.218630
7.269997 90.480969
7.773422 93.662556
7.622749 90.707963
8.077515 92.532812
7.701279 90.677775
8.179184 95.876202
7.414627 92.171412
7.081810 80.613260
7.634171 87.907579
7.117332 80.892297
7.633003 91.386247
7.325890 89.720121
7.437973 92.514475
7.637672 93.953185
7.584045 90.171949
8.173439 94.044774
7.326118 86.913930
7.701897 85.299922
7.394554 89.186887
6.828575 79.741626
8.103218 93.160754
8.619576 99.641506
7.668709 91.705749
7.644836 93.719579
7.361961 89.957661
