2.000000 164.493435 179.113390 149.873479
2.100000 165.328564 179.399581 151.257547
2.200000 166.143223 179.691757 152.594688
2.300000 166.937650 179.990298 153.885003
2.400000 167.712088 180.295573 155.128602
2.500000 168.466774 180.607936 156.325613
2.600000 169.201952 180.927714 157.476189
2.700000 169.917859 181.255193 158.580525
2.800000 170.614737 181.590609 159.638865
2.900000 171.292826 181.934130 160.651521
3.000000 171.952366 182.285847 161.618885
3.100000 172.593598 182.645756 162.541440
3.200000 173.216761 183.013744 163.419778
3.300000 173.822096 183.389583 164.254609
3.400000 174.409844 183.772921 165.046767
3.500000 174.980244 184.163275 165.797213
3.600000 175.533538 184.560034 166.507041
3.700000 176.069964 184.962464 167.177464
3.800000 176.589764 185.369716 167.809812
3.900000 177.093177 185.780843 168.405511
4.000000 177.580445 186.194816 168.966073
4.100000 178.051807 186.610544 169.493069
4.200000 178.507503 187.026896 169.988111
4.300000 178.947774 187.442720 170.452829
4.400000 179.372861 187.856871 170.888851
4.500000 179.783003 188.268220 171.297785
4.600000 180.178440 188.675680 171.681200
4.700000 180.559414 189.078214 172.040614
4.800000 180.926164 189.474848 172.377479
4.900000 181.278930 189.864679 172.693180
5.000000 181.617953 190.246881 172.989025
5.100000 181.943473 190.620707 173.266240
5.200000 182.255731 190.985489 173.525973
5.300000 182.554966 191.340639 173.769293
5.400000 182.841420 191.685649 173.997190
5.500000 183.115331 192.020083 174.210579
5.600000 183.376941 192.343576 174.410306
5.700000 183.626490 192.655830 174.597150
5.800000 183.864218 192.956610 174.771826
5.900000 184.090365 193.245738 174.934993
6.000000 184.305172 193.523087 175.087258
6.100000 184.508879 193.788583 175.229176
6.200000 184.701726 194.042193 175.361260
6.300000 184.883954 194.283925 175.483983
6.400000 185.055802 194.513824 175.597781
6.500000 185.217512 194.731969 175.703055
6.600000 185.369323 194.938465 175.800180
6.700000 185.511475 195.133449 175.889501
6.800000 185.644209 195.317076 175.971343
6.900000 185.767766 195.489526 176.046006
7.000000 185.882385 195.650996 176.113774
7.100000 185.988307 195.801699 176.174914
7.200000 186.085771 195.941865 176.229677
7.300000 186.175019 196.071734 176.278304
7.400000 186.256291 196.191559 176.321023
7.500000 186.329827 196.301600 176.358053
7.600000 186.395866 196.402128 176.389604
7.700000 186.454650 196.493419 176.415881
7.800000 186.506419 196.575756 176.437082
7.900000 186.551413 196.649426 176.453401
8.000000 186.589872 196.714719 176.465025
8.100000 186.622037 196.771930 176.472143
8.200000 186.648147 196.821357 176.474938
8.300000 186.668444 196.863296 176.473592
8.400000 186.683167 196.898048 176.468287
8.500000 186.692557 196.925913 176.459201
8.600000 186.696854 196.947191 176.446516
8.700000 186.696298 196.962184 176.430411
8.800000 186.691129 196.971193 176.411066
8.900000 186.681589 196.974517 176.388660
9.000000 186.667916 196.972458 176.363374
9.100000 186.650352 196.965314 176.335390
9.200000 186.629137 196.953385 176.304888
9.300000 186.604510 196.936971 176.272049
9.400000 186.576713 196.916370 176.237055
9.500000 186.545985 196.891882 176.200088
9.600000 186.512567 196.863807 176.161327
9.700000 186.476699 196.832446 176.120953
9.800000 186.438622 196.798101 176.079143
9.900000 186.398575 196.761076 176.036074
10.000000 186.356799 196.721679 175.991919
10.100000 186.313534 196.680219 175.946849
10.200000 186.269021 196.637011 175.901030
10.300000 186.223499 196.592374 175.854625
10.400000 186.177210 196.546631 175.807788
10.500000 186.130393 196.500116 175.760670
10.600000 186.083288 196.453165 175.713411
10.700000 186.036137 196.406128 175.666145
10.800000 185.989178 196.359361 175.618995
10.900000 185.942653 196.313233 175.572073
11.000000 185.896802 196.268126 175.525477
11.100000 185.851865 196.224434 175.479295
11.200000 185.808082 196.182567 175.433597
11.300000 185.765693 196.142951 175.388436
11.400000 185.724940 196.106030 175.343850
11.500000 185.686062 196.072269 175.299855
11.600000 185.649299 196.042150 175.256447
11.700000 185.614892 196.016181 175.213602
11.800000 185.583080 195.994892 175.171269
11.900000 185.554105 195.978838 175.129373
12.000000 185.528207 195.968598 175.087816
12.100000 185.505626 195.964783 175.046469
12.200000 185.486601 195.968026 175.005176
12.300000 185.471374 195.978994 174.963755
12.400000 185.460185 195.998379 174.921991
12.500000 185.453274 196.026906 174.879641
12.600000 185.450881 196.065326 174.836435
12.700000 185.453246 196.114421 174.792071
12.800000 185.460610 196.175000 174.746221
12.900000 185.473214 196.247898 174.698529
13.000000 185.491297 196.333977 174.648617
13.100000 185.515099 196.434117 174.596081
13.200000 185.544861 196.549223 174.540499
13.300000 185.580824 196.680214 174.481433
13.400000 185.623227 196.828023 174.418431
13.500000 185.672311 196.993592 174.351029
13.600000 185.728316 197.177869 174.278762
13.700000 185.791482 197.381803 174.201162
13.800000 185.862050 197.606337 174.117763
13.900000 185.940260 197.852411 174.028109
14.000000 186.026352 198.120947 173.931757
14.100000 186.120566 198.412857 173.828276
14.200000 186.223144 198.729026 173.717261
14.300000 186.334324 199.070322 173.598326
14.400000 186.454348 199.437582 173.471114
14.500000 186.583455 199.831616 173.335294
14.600000 186.721886 200.253205 173.190567
14.700000 186.869881 200.703096 173.036667
14.800000 187.027681 201.182006 172.873356
14.900000 187.195526 201.690619 172.700432
